TITLE="Graphics"
VARIABLES= "x", "T", "Y fr", "rho"
-0.0219919  293 0 0.000871523
-0.013745  293 -2.38296e-09 0.000871523
-0.0085906  293 -1.45211e-09 0.000871523
-0.00536913  293 -1.81572e-09 0.000871523
0  293 -8.05691e-10 0.000871523
0.00536913  293 -1.81572e-09 0.000871523
0.0107383  293 -8.05689e-10 0.000871523
0.0161074  293 -1.81572e-09 0.000871523
0.0214765  293 -8.05687e-10 0.000871523
0.0268456  293 -1.81572e-09 0.000871523
0.0322148  293 -8.05685e-10 0.000871523
0.0375839  293 -1.81571e-09 0.000871523
0.042953  293 -8.05684e-10 0.000871523
0.0483221  293 -1.81571e-09 0.000871523
0.0536913  293 -8.05682e-10 0.000871523
0.0590604  293 -1.81571e-09 0.000871523
0.0644295  293 -8.0568e-10 0.000871523
0.0697987  293 -1.81571e-09 0.000871523
0.0751678  293 -8.05679e-10 0.000871523
0.0805369  293 -1.81571e-09 0.000871523
0.085906  293 -8.05677e-10 0.000871523
0.0912752  293 -1.81571e-09 0.000871523
0.0966443  293 -8.05675e-10 0.000871523
0.102013  293 -1.8157e-09 0.000871523
0.107383  293 -8.05674e-10 0.000871523
0.112752  293 -1.8157e-09 0.000871523
0.118121  293 -8.05672e-10 0.000871523
0.12349  293 -1.8157e-09 0.000871523
0.128859  293 -8.0567e-10 0.000871523
0.134228  293 -1.8157e-09 0.000871523
0.139597  293.001 -8.05668e-10 0.000871519
0.144966  293.011 -1.8157e-09 0.00087149
0.150336  293.079 -8.05666e-10 0.000871287
0.15302  293.217 -1.05817e-09 0.000870877
0.155705  293.469 -8.05665e-10 0.000870129
0.158389  293.898 -1.05817e-09 0.000868859
0.161074  294.585 -8.05663e-10 0.000866833
0.163758  295.628 -1.05817e-09 0.000863776
0.166443  297.134 -8.0566e-10 0.000859398
0.169128  299.213 -1.05817e-09 0.000853427
0.171812  301.965 -8.05638e-10 0.000845649
0.174497  305.47 -1.05818e-09 0.000835945
0.177181  309.78 -8.05729e-10 0.000824315
0.179866  314.915 -1.05808e-09 0.000810874
0.18255  320.862 -8.06124e-10 0.000795844
0.185235  327.584 -1.05495e-09 0.000779515
0.187919  335.02 -8.08046e-10 0.000762212
0.190604  343.099 -1.04323e-09 0.000744263
0.193289  351.744 -8.2033e-10 0.000725972
0.195973  360.875 -1.04661e-09 0.000707602
0.198658  370.419 -8.38023e-10 0.000689372
0.201342  380.305 -1.07446e-09 0.000671451
0.204027  390.473 -6.10283e-10 0.000653966
0.206711  400.869 -2.17296e-10 0.000637006
0.209396  411.448 2.03568e-09 0.000620628
0.212081  422.171 6.85967e-09 0.000604865
0.214765  433.005 1.82727e-08 0.000589731
0.21745  443.924 4.15147e-08 0.000575225
0.220134  454.907 8.62211e-08 0.000561337
0.222819  465.938 1.72672e-07 0.000548048
0.225503  477.003 3.11158e-07 0.000535335
0.228188  488.095 5.88891e-07 0.00052317
0.230872  499.209 9.28598e-07 0.000511522
0.233557  510.35 1.7665e-06 0.000500355
0.236242  521.53 2.37428e-06 0.00048963
0.238926  532.775 4.78508e-06 0.000479296
0.241611  544.138 5.42264e-06 0.000469287
0.244295  555.714 1.16179e-05 0.000459513
0.24698  567.67 1.18812e-05 0.000449835
0.249664  580.294 2.48069e-05 0.000440053
0.252349  594.074 2.60988e-05 0.000429846
0.255034  609.827 4.74676e-05 0.000418747
0.257718  628.889 5.47835e-05 0.000406056
0.260403  653.379 8.64827e-05 0.000390844
0.263087  686.517 0.000105935 0.000371982
0.265772  732.914 0.000155457 0.000348444
0.268456  798.622 0.000204056 0.000319784
0.271141  890.703 0.000324137 0.000286744
0.273826  1016.1 0.000619646 0.0002514
0.27651  1179.73 0.00173412 0.000216669
0.279195  1381.37 0.00578565 0.000185473
0.281879  1611.09 0.0182755 0.000160179
0.284564  1846.28 0.0468595 0.000142131
0.287248  2057.12 0.0927836 0.000131114
0.289933  2221.08 0.144096 0.000125334
0.292617  2333.13 0.186848 0.000122593
0.295302  2402.61 0.216007 0.000121322
0.297987  2443.21 0.233604 0.000120697
0.300671  2466.4 0.243507 0.000120352
0.303356  2479.8 0.248869 0.000120131
0.30604  2487.88 0.251712 0.000119969
0.308725  2493.16 0.253203 0.000119835
0.311409  2496.96 0.253979 0.000119715
0.314094  2500.01 0.254382 0.000119602
0.316779  2502.66 0.25459 0.000119491
0.319463  2505.12 0.254698 0.000119383
0.322148  2507.48 0.254754 0.000119275
0.324832  2509.79 0.254783 0.000119168
0.327517  2512.08 0.254797 0.00011906
0.330201  2514.37 0.254805 0.000118952
0.332886  2516.66 0.254809 0.000118844
0.33557  2518.96 0.254811 0.000118736
0.338255  2521.26 0.254812 0.000118628
0.34094  2523.58 0.254812 0.000118519
0.343624  2525.91 0.254813 0.00011841
0.346309  2528.24 0.254813 0.0001183
0.348993  2530.59 0.254813 0.00011819
0.351678  2532.95 0.254813 0.00011808
0.354362  2535.32 0.254813 0.00011797
0.357047  2537.71 0.254813 0.000117859
0.359732  2540.11 0.254813 0.000117748
0.362416  2542.52 0.254813 0.000117636
0.365101  2544.95 0.254813 0.000117523
0.367785  2547.4 0.254813 0.000117411
0.37047  2549.86 0.254813 0.000117297
0.373154  2552.34 0.254813 0.000117183
0.375839  2554.84 0.254813 0.000117069
0.378523  2557.36 0.254813 0.000116953
0.381208  2559.9 0.254813 0.000116837
0.383893  2562.46 0.254813 0.000116721
0.386577  2565.04 0.254813 0.000116603
0.389262  2567.65 0.254813 0.000116485
0.391946  2570.28 0.254813 0.000116365
0.394631  2572.94 0.254813 0.000116245
0.397315  2575.63 0.254813 0.000116124
0.4  2578.35 0.254813 0.000116001
0.402685  2581.11 0.254813 0.000115877
0.405369  2583.89 0.254813 0.000115752
0.408054  2586.71 0.254813 0.000115626
0.410738  2589.57 0.254813 0.000115499
0.413423  2592.46 0.254813 0.00011537
0.418792  2598.37 0.254813 0.000115107
0.424161  2604.45 0.254813 0.000114839
0.42953  2610.71 0.254813 0.000114563
0.434899  2617.18 0.254813 0.00011428
0.440268  2623.85 0.254813 0.00011399
0.445638  2630.73 0.254813 0.000113691
0.451007  2637.84 0.254813 0.000113385
0.456376  2645.18 0.254813 0.00011307
0.461745  2652.74 0.254813 0.000112748
0.467114  2660.53 0.254813 0.000112418
0.472483  2668.53 0.254813 0.000112081
0.477852  2676.73 0.254813 0.000111738
0.483221  2685.12 0.254813 0.000111389
0.488591  2693.66 0.254813 0.000111035
0.49396  2702.34 0.254813 0.000110679
0.499329  2711.09 0.254813 0.000110321
0.504698  2719.89 0.254813 0.000109964
0.510067  2728.68 0.254813 0.00010961
0.515436  2737.4 0.254813 0.000109261
0.520805  2745.97 0.254813 0.00010892
0.526174  2754.32 0.254813 0.00010859
0.531544  2762.36 0.254813 0.000108274
0.536913  2770 0.254813 0.000107975
0.542282  2777.13 0.254813 0.000107698
0.547651  2783.65 0.254813 0.000107446
0.55302  2789.44 0.254813 0.000107223
0.558389  2794.38 0.254813 0.000107033
0.563758  2798.34 0.254813 0.000106882
0.569128  2801.21 0.254813 0.000106772
0.574497  2802.85 0.254813 0.00010671
0.579866  2803.14 0.254813 0.000106699
0.585235  2801.97 0.254813 0.000106743
0.590604  2799.23 0.254813 0.000106848
0.595973  2794.83 0.254813 0.000107016
0.601342  2788.7 0.254813 0.000107251
0.606711  2780.81 0.254813 0.000107556
0.612081  2771.13 0.254813 0.000107931
0.61745  2759.71 0.254813 0.000108378
0.622819  2746.61 0.254813 0.000108895
0.628188  2731.94 0.254813 0.00010948
0.633557  2715.88 0.254813 0.000110127
0.638926  2698.64 0.254813 0.000110831
0.644295  2680.48 0.254813 0.000111581
0.649664  2661.71 0.254813 0.000112368
0.655034  2642.66 0.254813 0.000113178
0.660403  2623.68 0.254813 0.000113997
0.665772  2605.12 0.254813 0.000114809
0.671141  2587.3 0.254813 0.0001156
0.67651  2570.53 0.254813 0.000116354
0.681879  2555.06 0.254813 0.000117059
0.687248  2541.08 0.254813 0.000117702
0.692617  2528.74 0.254813 0.000118277
0.697987  2518.09 0.254813 0.000118777
0.703356  2509.15 0.254813 0.0001192
0.708725  2501.86 0.254813 0.000119548
0.714094  2496.12 0.254813 0.000119822
0.719463  2491.83 0.254813 0.000120029
0.724832  2488.82 0.254813 0.000120174
0.730201  2486.93 0.254813 0.000120265
0.73557  2486 0.254813 0.00012031
0.74094  2485.87 0.254813 0.000120317
0.746309  2486.38 0.254813 0.000120292
0.751678  2487.4 0.254813 0.000120243
0.757047  2488.79 0.254813 0.000120176
0.762416  2490.44 0.254813 0.000120096
0.767785  2492.26 0.254813 0.000120008
0.773154  2494.15 0.254813 0.000119917
0.778523  2496.03 0.254813 0.000119827
0.783893  2497.78 0.254813 0.000119743
0.789262  2499.28 0.254813 0.000119671
0.794631  2500.26 0.254813 0.000119624
0.8  2500.26 0.254813 0.000119624
