TITLE="Graphics"
VARIABLES= "x", "T", "Y fr", "rho"
-0.0219919  293 0 0.000871523
-0.013745  293 -2.38296e-09 0.000871523
-0.0085906  293 -1.45211e-09 0.000871523
-0.00536913  293 -1.81572e-09 0.000871523
0  293 -8.05693e-10 0.000871523
0.00536913  293 -1.81572e-09 0.000871523
0.0107383  293 -8.05691e-10 0.000871523
0.0161074  293 -1.81572e-09 0.000871523
0.0214765  293 -8.05689e-10 0.000871523
0.0268456  293 -1.81572e-09 0.000871523
0.0322148  293 -8.05687e-10 0.000871523
0.0375839  293 -1.81572e-09 0.000871523
0.042953  293 -8.05686e-10 0.000871523
0.0483221  293 -1.81572e-09 0.000871523
0.0536913  293 -8.05684e-10 0.000871523
0.0590604  293 -1.81571e-09 0.000871523
0.0644295  293 -8.05682e-10 0.000871523
0.0697987  293 -1.81571e-09 0.000871523
0.0751678  293 -8.05681e-10 0.000871523
0.0805369  293 -1.81571e-09 0.000871523
0.085906  293 -8.05679e-10 0.000871523
0.0912752  293 -1.81571e-09 0.000871523
0.0966443  293 -8.05677e-10 0.000871523
0.102013  293 -1.81571e-09 0.000871523
0.107383  293 -8.05676e-10 0.000871523
0.112752  293 -1.8157e-09 0.000871523
0.118121  293 -8.05674e-10 0.000871523
0.12349  293 -1.8157e-09 0.000871523
0.128859  293 -8.05672e-10 0.000871523
0.134228  293 -1.8157e-09 0.000871523
0.139597  293 -8.0567e-10 0.000871523
0.144966  293.002 -1.8157e-09 0.000871516
0.150336  292.895 -8.05668e-10 0.000871837
0.15302  293.531 -1.05818e-09 0.000869948
0.155705  294.988 -8.05667e-10 0.00086565
0.158389  297.672 -1.05817e-09 0.000857845
0.161074  301.935 -8.05667e-10 0.000845732
0.163758  307.989 -1.05817e-09 0.000829108
0.166443  315.864 -8.05636e-10 0.000808436
0.169128  325.429 -1.05802e-09 0.000784676
0.171812  336.447 -8.05275e-10 0.00075898
0.174497  348.641 -1.05763e-09 0.000732434
0.177181  361.741 -8.04958e-10 0.000705909
0.179866  375.51 -1.05189e-09 0.000680025
0.18255  389.757 -7.56654e-10 0.000655168
0.185235  404.333 -8.0728e-10 0.00063155
0.187919  419.127 1.79545e-10 0.000609257
0.190604  434.061 2.1719e-09 0.000588296
0.193289  449.078 8.46321e-09 0.000568623
0.195973  464.139 2.29037e-08 0.000550172
0.198658  479.218 5.6098e-08 0.00053286
0.201342  494.298 1.248e-07 0.000516604
0.204027  509.367 2.61156e-07 0.000501321
0.206711  524.418 5.16216e-07 0.000486933
0.209396  539.448 9.74339e-07 0.000473366
0.212081  554.456 1.76344e-06 0.000460554
0.214765  569.441 3.07677e-06 0.000448434
0.21745  584.406 5.19256e-06 0.000436951
0.220134  599.356 8.50595e-06 0.000426053
0.222819  614.294 1.35591e-05 0.000415694
0.225503  629.227 2.10861e-05 0.00040583
0.228188  644.165 3.20559e-05 0.000396422
0.230872  659.119 4.77295e-05 0.000387432
0.233557  674.102 6.9718e-05 0.000378825
0.236242  689.132 0.000100056 0.000370569
0.238926  704.236 0.000141275 0.00036263
0.241611  719.445 0.000196496 0.000354975
0.244295  734.809 0.000269521 0.000347567
0.24698  750.404 0.000364963 0.000340363
0.249664  766.349 0.000488375 0.000333305
0.252349  782.845 0.000646431 0.000326311
0.255034  800.234 0.000847185 0.000319257
0.257718  819.101 0.00110039 0.000311949
0.260403  840.455 0.00141838 0.000304079
0.263087  865.999 0.00181679 0.000295177
0.265772  898.539 0.00231941 0.000284569
0.268456  942.487 0.00296208 0.0002714
0.271141  1004.3 0.00382478 0.000254822
0.273826  1092.43 0.00508268 0.000234435
0.27651  1215.98 0.00724553 0.000210877
0.279195  1381.37 0.0116666 0.000186103
0.281879  1586.81 0.0216436 0.000162949
0.284564  1817.05 0.0425885 0.000144054
0.287248  2044.48 0.0781007 0.000130761
0.289933  2240.43 0.123131 0.000122642
0.292617  2388.94 0.166406 0.000118176
0.295302  2490.4 0.199999 0.00011583
0.297987  2555.03 0.222579 0.000114578
0.300671  2594.79 0.236461 0.000113862
0.303356  2619.23 0.24456 0.000113409
0.30604  2634.77 0.249146 0.000113086
0.308725  2645.31 0.2517 0.000112829
0.311409  2653.14 0.253109 0.000112602
0.314094  2659.55 0.253883 0.000112389
0.316779  2665.26 0.254306 0.00011218
0.319463  2670.68 0.254537 0.00011197
0.322148  2676.02 0.254663 0.000111756
0.324832  2681.42 0.254732 0.000111536
0.327517  2686.94 0.254769 0.00011131
0.330201  2692.63 0.254789 0.000111076
0.332886  2698.51 0.2548 0.000110835
0.33557  2704.59 0.254806 0.000110586
0.338255  2710.87 0.254809 0.00011033
0.34094  2717.36 0.254811 0.000110067
0.343624  2724.07 0.254812 0.000109796
0.346309  2730.97 0.254812 0.000109518
0.348993  2738.07 0.254813 0.000109234
0.351678  2745.37 0.254813 0.000108944
0.354362  2752.84 0.254813 0.000108648
0.357047  2760.48 0.254813 0.000108348
0.359732  2768.28 0.254813 0.000108043
0.362416  2776.2 0.254813 0.000107734
0.365101  2784.25 0.254813 0.000107423
0.367785  2792.39 0.254813 0.00010711
0.37047  2800.6 0.254813 0.000106795
0.373154  2808.86 0.254813 0.000106482
0.375839  2817.14 0.254813 0.000106169
0.378523  2825.4 0.254813 0.000105858
0.381208  2833.62 0.254813 0.000105551
0.383893  2841.76 0.254813 0.000105249
0.386577  2849.78 0.254813 0.000104952
0.389262  2857.65 0.254813 0.000104663
0.391946  2865.33 0.254813 0.000104383
0.394631  2872.76 0.254813 0.000104113
0.397315  2879.92 0.254813 0.000103854
0.4  2886.74 0.254813 0.000103609
0.402685  2893.18 0.254813 0.000103378
0.405369  2899.19 0.254813 0.000103164
0.408054  2904.71 0.254813 0.000102968
0.410738  2909.69 0.254813 0.000102792
0.413423  2914.08 0.254813 0.000102637
0.418792  2920.88 0.254813 0.000102398
0.424161  2924.57 0.254813 0.000102269
0.42953  2924.65 0.254813 0.000102266
0.434899  2920.63 0.254813 0.000102407
0.440268  2912.03 0.254813 0.000102709
0.445638  2898.45 0.254813 0.00010319
0.451007  2879.58 0.254813 0.000103866
0.456376  2855.27 0.254813 0.000104751
0.461745  2825.59 0.254813 0.000105851
0.467114  2790.89 0.254813 0.000107167
0.472483  2751.84 0.254813 0.000108688
0.477852  2709.52 0.254813 0.000110385
0.483221  2665.33 0.254813 0.000112216
0.488591  2620.95 0.254813 0.000114116
0.49396  2578.2 0.254813 0.000116008
0.499329  2538.83 0.254813 0.000117807
0.504698  2504.28 0.254813 0.000119432
0.510067  2475.56 0.254813 0.000120818
0.515436  2453.14 0.254813 0.000121922
0.520805  2436.96 0.254813 0.000122732
0.526174  2426.55 0.254813 0.000123258
0.531544  2421.18 0.254813 0.000123531
0.536913  2419.98 0.254813 0.000123592
0.542282  2422.05 0.254813 0.000123487
0.547651  2426.54 0.254813 0.000123259
0.55302  2432.71 0.254813 0.000122946
0.558389  2439.93 0.254813 0.000122582
0.563758  2447.69 0.254813 0.000122193
0.569128  2455.59 0.254813 0.0001218
0.574497  2463.32 0.254813 0.000121418
0.579866  2470.66 0.254813 0.000121057
0.585235  2477.46 0.254813 0.000120725
0.590604  2483.62 0.254813 0.000120425
0.595973  2489.11 0.254813 0.00012016
0.601342  2493.91 0.254813 0.000119929
0.606711  2498.03 0.254813 0.000119731
0.612081  2501.52 0.254813 0.000119564
0.61745  2504.43 0.254813 0.000119425
0.622819  2506.82 0.254813 0.000119311
0.628188  2508.76 0.254813 0.000119219
0.633557  2510.3 0.254813 0.000119146
0.638926  2511.51 0.254813 0.000119088
0.644295  2512.45 0.254813 0.000119044
0.649664  2513.16 0.254813 0.00011901
0.655034  2513.7 0.254813 0.000118984
0.660403  2514.1 0.254813 0.000118965
0.665772  2514.4 0.254813 0.000118952
0.671141  2514.61 0.254813 0.000118942
0.67651  2514.76 0.254813 0.000118934
0.681879  2514.87 0.254813 0.000118929
0.687248  2514.94 0.254813 0.000118926
0.692617  2514.99 0.254813 0.000118923
0.697987  2515.03 0.254813 0.000118922
0.703356  2515.05 0.254813 0.000118921
0.708725  2515.06 0.254813 0.00011892
0.714094  2515.07 0.254813 0.00011892
0.719463  2515.08 0.254813 0.000118919
0.724832  2515.08 0.254813 0.000118919
0.730201  2515.09 0.254813 0.000118919
0.73557  2515.09 0.254813 0.000118919
0.74094  2515.09 0.254813 0.000118919
0.746309  2515.09 0.254813 0.000118919
0.751678  2515.09 0.254813 0.000118919
0.757047  2515.09 0.254813 0.000118919
0.762416  2515.09 0.254813 0.000118919
0.767785  2515.09 0.254813 0.000118919
0.773154  2515.09 0.254813 0.000118919
0.778523  2515.09 0.254813 0.000118919
0.783893  2515.09 0.254813 0.000118919
0.789262  2515.09 0.254813 0.000118919
0.794631  2515.09 0.254813 0.000118919
0.8  2515.09 0.254813 0.000118919
