TITLE="Graphics"
VARIABLES= "x", "T", "Y fr", "rho"
-0.0219919  293 0 0.000871523
-0.013745  293 -2.38296e-09 0.000871523
-0.0085906  293 -1.45211e-09 0.000871523
-0.00536913  293 -1.81572e-09 0.000871523
0  293 -8.05686e-10 0.000871523
0.00536913  293 -1.81571e-09 0.000871523
0.0107383  293 -8.05682e-10 0.000871523
0.0161074  293 -1.81571e-09 0.000871523
0.0214765  293 -8.05677e-10 0.000871523
0.0268456  293 -1.81571e-09 0.000871523
0.0322148  293 -8.05674e-10 0.000871523
0.0375839  293 -1.8157e-09 0.000871523
0.042953  293 -8.05671e-10 0.000871523
0.0483221  293 -1.8157e-09 0.000871523
0.0536913  293 -8.05669e-10 0.000871523
0.0590604  293 -1.8157e-09 0.000871523
0.0644295  293 -8.05667e-10 0.000871523
0.0697987  293 -1.8157e-09 0.000871523
0.0751678  293 -8.05666e-10 0.000871523
0.0805369  293 -1.8157e-09 0.000871523
0.085906  293 -8.05664e-10 0.000871523
0.0912752  293 -1.81569e-09 0.000871523
0.0966443  293 -8.05662e-10 0.000871523
0.102013  293 -1.81569e-09 0.000871523
0.107383  293 -8.05663e-10 0.000871523
0.112752  293 -1.81567e-09 0.000871523
0.118121  293 -8.05727e-10 0.000871523
0.12349  293 -1.81542e-09 0.000871523
0.128859  293 -8.06633e-10 0.000871523
0.134228  293 -1.8125e-09 0.000871522
0.139597  293.001 -8.1499e-10 0.000871519
0.144966  293.003 -1.79117e-09 0.000871514
0.150336  293.008 -8.64824e-10 0.0008715
0.15302  293.012 -1.04956e-09 0.000871487
0.155705  293.019 -8.99713e-10 0.000871468
0.158389  293.028 -8.62688e-10 0.00087144
0.161074  293.041 -1.36402e-09 0.000871401
0.163758  293.059 4.0754e-10 0.000871347
0.166443  293.084 -4.54948e-09 0.000871273
0.169128  293.118 8.06794e-09 0.000871172
0.171812  293.164 -2.20769e-08 0.000871037
0.174497  293.224 4.6277e-08 0.000870857
0.177181  293.304 -1.01181e-07 0.000870621
0.179866  293.407 2.01183e-07 0.000870314
0.18255  293.54 -3.86645e-07 0.000869919
0.185235  293.71 6.93223e-07 0.000869417
0.187919  293.924 -1.17397e-06 0.000868784
0.190604  294.19 1.85145e-06 0.000867998
0.193289  294.52 -2.71964e-06 0.000867025
0.195973  294.922 3.68601e-06 0.000865845
0.198658  295.41 -4.59407e-06 0.000864412
0.201342  295.994 5.23131e-06 0.000862711
0.204027  296.687 -5.44818e-06 0.000860689
0.206711  297.504 5.23078e-06 0.000858333
0.209396  298.455 -4.76719e-06 0.000855592
0.212081  299.554 4.32071e-06 0.000852456
0.214765  300.814 -4.06366e-06 0.000848881
0.21745  302.248 3.91325e-06 0.00084486
0.220134  303.867 -3.65147e-06 0.000840355
0.222819  305.685 3.15939e-06 0.000835358
0.225503  307.721 -2.59304e-06 0.00082983
0.228188  309.995 2.16647e-06 0.000823745
0.230872  312.542 -1.8785e-06 0.00081703
0.233557  315.413 1.50879e-06 0.000809593
0.236242  318.697 -1.00052e-06 0.000801252
0.238926  322.533 5.44841e-07 0.000791723
0.241611  327.155 -2.56332e-07 0.000780536
0.244295  332.945 -5.17826e-08 0.000766963
0.24698  340.514 4.66848e-07 0.000749914
0.249664  350.827 -7.99585e-07 0.000727869
0.252349  365.351 9.9774e-07 0.000698935
0.255034  386.221 -1.27811e-06 0.000661165
0.257718  416.348 1.55041e-06 0.000613324
0.260403  459.356 -1.6736e-06 0.0005559
0.263087  519.258 1.8651e-06 0.000491772
0.265772  599.916 -1.9487e-06 0.000425653
0.268456  704.49 3.28085e-06 0.00036247
0.271141  835.116 1.58855e-05 0.000305776
0.273826  992.725 0.000196944 0.000257257
0.27651  1176.42 0.00141332 0.000217237
0.279195  1381.37 0.00698046 0.000185601
0.281879  1595.3 0.0240441 0.000162308
0.284564  1797.62 0.0597944 0.0001471
0.287248  1966.08 0.110917 0.00013871
0.289933  2088.21 0.161888 0.000134809
0.292617  2166.44 0.200517 0.000133196
0.295302  2212.17 0.225032 0.00013255
0.297987  2237.43 0.239061 0.000132276
0.300671  2251 0.246644 0.000132145
0.303356  2258.27 0.250621 0.000132071
0.30604  2262.23 0.252674 0.000132021
0.308725  2264.49 0.253725 0.000131983
0.311409  2265.87 0.254261 0.000131949
0.314094  2266.82 0.254533 0.000131919
0.316779  2267.54 0.254671 0.000131889
0.319463  2268.15 0.254741 0.000131859
0.322148  2268.71 0.254777 0.00013183
0.324832  2269.25 0.254795 0.000131801
0.327517  2269.77 0.254804 0.000131771
0.330201  2270.29 0.254808 0.000131741
0.332886  2270.81 0.254811 0.000131711
0.33557  2271.34 0.254812 0.000131681
0.338255  2271.87 0.254812 0.00013165
0.34094  2272.4 0.254813 0.000131619
0.343624  2272.94 0.254813 0.000131588
0.346309  2273.48 0.254813 0.000131556
0.348993  2274.03 0.254813 0.000131525
0.351678  2274.59 0.254813 0.000131493
0.354362  2275.14 0.254813 0.000131461
0.357047  2275.71 0.254813 0.000131428
0.359732  2276.28 0.254813 0.000131395
0.362416  2276.85 0.254813 0.000131362
0.365101  2277.43 0.254813 0.000131329
0.367785  2278.01 0.254813 0.000131295
0.37047  2278.6 0.254813 0.000131261
0.373154  2279.2 0.254813 0.000131227
0.375839  2279.79 0.254813 0.000131192
0.378523  2280.4 0.254813 0.000131158
0.381208  2281.01 0.254813 0.000131123
0.383893  2281.62 0.254813 0.000131087
0.386577  2282.25 0.254813 0.000131051
0.389262  2282.87 0.254813 0.000131016
0.391946  2283.5 0.254813 0.000130979
0.394631  2284.14 0.254813 0.000130943
0.397315  2284.78 0.254813 0.000130906
0.4  2285.43 0.254813 0.000130869
0.402685  2286.08 0.254813 0.000130831
0.405369  2286.74 0.254813 0.000130794
0.408054  2287.41 0.254813 0.000130756
0.410738  2288.08 0.254813 0.000130718
0.413423  2288.75 0.254813 0.000130679
0.418792  2290.12 0.254813 0.000130601
0.424161  2291.51 0.254813 0.000130522
0.42953  2292.92 0.254813 0.000130441
0.434899  2294.36 0.254813 0.00013036
0.440268  2295.82 0.254813 0.000130277
0.445638  2297.3 0.254813 0.000130193
0.451007  2298.81 0.254813 0.000130107
0.456376  2300.34 0.254813 0.000130021
0.461745  2301.89 0.254813 0.000129933
0.467114  2303.47 0.254813 0.000129844
0.472483  2305.07 0.254813 0.000129754
0.477852  2306.7 0.254813 0.000129662
0.483221  2308.35 0.254813 0.000129569
0.488591  2310.03 0.254813 0.000129475
0.49396  2311.73 0.254813 0.00012938
0.499329  2313.45 0.254813 0.000129284
0.504698  2315.21 0.254813 0.000129186
0.510067  2316.98 0.254813 0.000129087
0.515436  2318.79 0.254813 0.000128986
0.520805  2320.61 0.254813 0.000128885
0.526174  2322.47 0.254813 0.000128782
0.531544  2324.35 0.254813 0.000128678
0.536913  2326.25 0.254813 0.000128572
0.542282  2328.19 0.254813 0.000128465
0.547651  2330.15 0.254813 0.000128357
0.55302  2332.13 0.254813 0.000128248
0.558389  2334.14 0.254813 0.000128138
0.563758  2336.18 0.254813 0.000128026
0.569128  2338.25 0.254813 0.000127913
0.574497  2340.34 0.254813 0.000127798
0.579866  2342.46 0.254813 0.000127682
0.585235  2344.61 0.254813 0.000127565
0.590604  2346.79 0.254813 0.000127447
0.595973  2348.99 0.254813 0.000127328
0.601342  2351.22 0.254813 0.000127207
0.606711  2353.48 0.254813 0.000127085
0.612081  2355.77 0.254813 0.000126962
0.61745  2358.08 0.254813 0.000126837
0.622819  2360.42 0.254813 0.000126711
0.628188  2362.79 0.254813 0.000126584
0.633557  2365.19 0.254813 0.000126456
0.638926  2367.62 0.254813 0.000126326
0.644295  2370.07 0.254813 0.000126195
0.649664  2372.56 0.254813 0.000126063
0.655034  2375.06 0.254813 0.00012593
0.660403  2377.61 0.254813 0.000125795
0.665772  2380.17 0.254813 0.00012566
0.671141  2382.77 0.254813 0.000125522
0.67651  2385.4 0.254813 0.000125384
0.681879  2388.05 0.254813 0.000125245
0.687248  2390.74 0.254813 0.000125104
0.692617  2393.45 0.254813 0.000124963
0.697987  2396.19 0.254813 0.00012482
0.703356  2398.96 0.254813 0.000124676
0.708725  2401.76 0.254813 0.00012453
0.714094  2404.58 0.254813 0.000124384
0.719463  2407.44 0.254813 0.000124236
0.724832  2410.32 0.254813 0.000124088
0.730201  2413.23 0.254813 0.000123938
0.73557  2416.16 0.254813 0.000123788
0.74094  2419.11 0.254813 0.000123637
0.746309  2422.09 0.254813 0.000123485
0.751678  2425.07 0.254813 0.000123333
0.757047  2428.05 0.254813 0.000123182
0.762416  2431.02 0.254813 0.000123031
0.767785  2433.94 0.254813 0.000122884
0.773154  2436.76 0.254813 0.000122741
0.778523  2439.43 0.254813 0.000122607
0.783893  2441.82 0.254813 0.000122487
0.789262  2443.75 0.254813 0.00012239
0.794631  2444.95 0.254813 0.000122331
0.8  2444.95 0.254813 0.000122331
