TITLE="Graphics"
VARIABLES= "x", "T", "Y fr", "rho"
-0.0219919  293 0 0.000871523
-0.013745  293 -2.38296e-09 0.000871523
-0.0085906  293 -1.45211e-09 0.000871523
-0.00536913  293 -1.81572e-09 0.000871523
0  293 -8.05686e-10 0.000871523
0.00536913  293 -1.81571e-09 0.000871523
0.0107383  293 -8.05681e-10 0.000871523
0.0161074  293 -1.81571e-09 0.000871523
0.0214765  293 -8.05677e-10 0.000871523
0.0268456  293 -1.8157e-09 0.000871523
0.0322148  293 -8.05673e-10 0.000871523
0.0375839  293 -1.8157e-09 0.000871523
0.042953  293 -8.05669e-10 0.000871523
0.0483221  293 -1.8157e-09 0.000871523
0.0536913  293 -8.05667e-10 0.000871523
0.0590604  293 -1.8157e-09 0.000871523
0.0644295  293 -8.05665e-10 0.000871523
0.0697987  293 -1.81569e-09 0.000871523
0.0751678  293 -8.05663e-10 0.000871523
0.0805369  293 -1.81569e-09 0.000871523
0.085906  293 -8.05661e-10 0.000871523
0.0912752  293 -1.81569e-09 0.000871523
0.0966443  293 -8.05661e-10 0.000871523
0.102013  293 -1.81568e-09 0.000871523
0.107383  293 -8.05699e-10 0.000871523
0.112752  293 -1.81553e-09 0.000871523
0.118121  293 -8.06203e-10 0.000871523
0.12349  293 -1.81393e-09 0.000871523
0.128859  293 -8.10877e-10 0.000871523
0.134228  293 -1.80117e-09 0.000871522
0.139597  293.001 -8.45381e-10 0.00087152
0.144966  293.002 -1.69601e-09 0.000871516
0.150336  293.005 -1.24848e-09 0.000871507
0.15302  293.008 -6.74081e-10 0.000871499
0.155705  293.012 -2.14492e-09 0.000871487
0.158389  293.018 2.07749e-09 0.00087147
0.161074  293.026 -8.39268e-09 0.000871446
0.163758  293.037 1.62442e-08 0.000871413
0.166443  293.052 -3.87758e-08 0.000871368
0.169128  293.073 7.85438e-08 0.000871307
0.171812  293.1 -1.60098e-07 0.000871225
0.174497  293.137 3.02236e-07 0.000871117
0.177181  293.185 -5.48504e-07 0.000870974
0.179866  293.247 9.33487e-07 0.00087079
0.18255  293.327 -1.50128e-06 0.000870551
0.185235  293.429 2.25524e-06 0.000870249
0.187919  293.559 -3.16206e-06 0.000869863
0.190604  293.72 4.10308e-06 0.000869388
0.193289  293.921 -4.91175e-06 0.000868788
0.195973  294.169 5.39424e-06 0.000868063
0.198658  294.471 -5.44688e-06 0.000867168
0.201342  294.835 5.10688e-06 0.0008661
0.204027  295.273 -4.58716e-06 0.000864812
0.206711  295.793 4.13412e-06 0.000863296
0.209396  296.406 -3.88011e-06 0.000861506
0.212081  297.124 3.71709e-06 0.000859428
0.214765  297.958 -3.43231e-06 0.000857019
0.21745  298.921 2.92021e-06 0.000854261
0.220134  300.027 -2.33485e-06 0.000851111
0.222819  301.291 1.88787e-06 0.000847541
0.225503  302.735 -1.59615e-06 0.000843497
0.228188  304.386 1.24831e-06 0.000838924
0.230872  306.283 -7.51059e-07 0.000833725
0.233557  308.491 2.65798e-07 0.00082776
0.236242  311.106 4.3273e-08 0.0008208
0.238926  314.29 -3.11687e-07 0.000812487
0.241611  318.299 6.96519e-07 0.000802253
0.244295  323.55 -1.07767e-06 0.000789232
0.24698  330.705 1.29395e-06 0.000772157
0.249664  340.795 -1.50865e-06 0.000749294
0.252349  355.375 1.81191e-06 0.000718556
0.255034  376.675 -2.006e-06 0.000677921
0.257718  407.689 2.11907e-06 0.000626352
0.260403  452.059 -2.33231e-06 0.000564872
0.263087  513.717 2.432e-06 0.000497077
0.265772  596.315 -2.4492e-06 0.000428223
0.268456  702.734 3.7391e-06 0.000363376
0.271141  834.828 1.5043e-05 0.000305881
0.273826  993.309 0.000199609 0.000257106
0.27651  1177.13 0.00144413 0.000217111
0.279195  1381.37 0.00713052 0.000185617
0.281879  1593.79 0.0244448 0.000162499
0.284564  1794.06 0.0604782 0.000147452
0.287248  1960.33 0.111703 0.000139184
0.289933  2080.59 0.162548 0.000135359
0.292617  2157.45 0.200965 0.00013379
0.295302  2202.28 0.225299 0.000133168
0.297987  2226.98 0.239208 0.00013291
0.300671  2240.2 0.246721 0.000132789
0.303356  2247.22 0.250661 0.000132723
0.30604  2251 0.252694 0.000132681
0.308725  2253.11 0.253735 0.00013265
0.311409  2254.36 0.254265 0.000132624
0.314094  2255.17 0.254535 0.0001326
0.316779  2255.77 0.254672 0.000132577
0.319463  2256.26 0.254742 0.000132554
0.322148  2256.69 0.254777 0.000132532
0.324832  2257.1 0.254795 0.00013251
0.327517  2257.5 0.254804 0.000132487
0.330201  2257.9 0.254808 0.000132464
0.332886  2258.29 0.254811 0.000132441
0.33557  2258.69 0.254812 0.000132418
0.338255  2259.09 0.254812 0.000132394
0.34094  2259.5 0.254813 0.000132371
0.343624  2259.91 0.254813 0.000132347
0.346309  2260.32 0.254813 0.000132323
0.348993  2260.74 0.254813 0.000132298
0.351678  2261.16 0.254813 0.000132274
0.354362  2261.58 0.254813 0.000132249
0.357047  2262.01 0.254813 0.000132224
0.359732  2262.44 0.254813 0.000132198
0.362416  2262.88 0.254813 0.000132173
0.365101  2263.32 0.254813 0.000132147
0.367785  2263.77 0.254813 0.000132121
0.37047  2264.22 0.254813 0.000132095
0.373154  2264.68 0.254813 0.000132068
0.375839  2265.14 0.254813 0.000132041
0.378523  2265.6 0.254813 0.000132014
0.381208  2266.07 0.254813 0.000131987
0.383893  2266.54 0.254813 0.00013196
0.386577  2267.02 0.254813 0.000131932
0.389262  2267.5 0.254813 0.000131904
0.391946  2267.99 0.254813 0.000131875
0.394631  2268.48 0.254813 0.000131847
0.397315  2268.97 0.254813 0.000131818
0.4  2269.47 0.254813 0.000131789
0.402685  2269.98 0.254813 0.00013176
0.405369  2270.49 0.254813 0.00013173
0.408054  2271 0.254813 0.0001317
0.410738  2271.52 0.254813 0.00013167
0.413423  2272.05 0.254813 0.00013164
0.418792  2273.11 0.254813 0.000131578
0.424161  2274.19 0.254813 0.000131516
0.42953  2275.29 0.254813 0.000131452
0.434899  2276.41 0.254813 0.000131387
0.440268  2277.55 0.254813 0.000131322
0.445638  2278.71 0.254813 0.000131255
0.451007  2279.89 0.254813 0.000131187
0.456376  2281.1 0.254813 0.000131118
0.461745  2282.32 0.254813 0.000131047
0.467114  2283.56 0.254813 0.000130976
0.472483  2284.82 0.254813 0.000130904
0.477852  2286.11 0.254813 0.00013083
0.483221  2287.42 0.254813 0.000130755
0.488591  2288.74 0.254813 0.000130679
0.49396  2290.09 0.254813 0.000130602
0.499329  2291.46 0.254813 0.000130524
0.504698  2292.86 0.254813 0.000130445
0.510067  2294.27 0.254813 0.000130364
0.515436  2295.71 0.254813 0.000130283
0.520805  2297.17 0.254813 0.0001302
0.526174  2298.66 0.254813 0.000130116
0.531544  2300.16 0.254813 0.000130031
0.536913  2301.69 0.254813 0.000129944
0.542282  2303.24 0.254813 0.000129857
0.547651  2304.82 0.254813 0.000129768
0.55302  2306.42 0.254813 0.000129678
0.558389  2308.04 0.254813 0.000129587
0.563758  2309.69 0.254813 0.000129494
0.569128  2311.36 0.254813 0.000129401
0.574497  2313.05 0.254813 0.000129306
0.579866  2314.77 0.254813 0.00012921
0.585235  2316.51 0.254813 0.000129113
0.590604  2318.28 0.254813 0.000129014
0.595973  2320.07 0.254813 0.000128915
0.601342  2321.89 0.254813 0.000128814
0.606711  2323.73 0.254813 0.000128712
0.612081  2325.6 0.254813 0.000128608
0.61745  2327.49 0.254813 0.000128504
0.622819  2329.41 0.254813 0.000128398
0.628188  2331.35 0.254813 0.000128291
0.633557  2333.32 0.254813 0.000128183
0.638926  2335.31 0.254813 0.000128074
0.644295  2337.33 0.254813 0.000127963
0.649664  2339.38 0.254813 0.000127851
0.655034  2341.45 0.254813 0.000127738
0.660403  2343.54 0.254813 0.000127624
0.665772  2345.67 0.254813 0.000127508
0.671141  2347.81 0.254813 0.000127392
0.67651  2349.99 0.254813 0.000127274
0.681879  2352.19 0.254813 0.000127155
0.687248  2354.42 0.254813 0.000127034
0.692617  2356.67 0.254813 0.000126913
0.697987  2358.95 0.254813 0.00012679
0.703356  2361.26 0.254813 0.000126666
0.708725  2363.59 0.254813 0.000126541
0.714094  2365.95 0.254813 0.000126415
0.719463  2368.33 0.254813 0.000126288
0.724832  2370.74 0.254813 0.000126159
0.730201  2373.18 0.254813 0.00012603
0.73557  2375.63 0.254813 0.0001259
0.74094  2378.11 0.254813 0.000125768
0.746309  2380.6 0.254813 0.000125637
0.751678  2383.11 0.254813 0.000125505
0.757047  2385.62 0.254813 0.000125373
0.762416  2388.11 0.254813 0.000125242
0.767785  2390.56 0.254813 0.000125113
0.773154  2392.94 0.254813 0.000124989
0.778523  2395.18 0.254813 0.000124872
0.783893  2397.2 0.254813 0.000124767
0.789262  2398.82 0.254813 0.000124683
0.794631  2399.83 0.254813 0.000124631
0.8  2399.83 0.254813 0.000124631
