TITLE="Graphics"
VARIABLES= "x", "T", "Y fr", "rho"
-0.0219919  293 0 0.000871523
-0.013745  293 -1.25674e-07 0.000871523
-0.0085906  293 -7.65827e-08 0.000871523
-0.00536913  293 -9.5759e-08 0.000871523
0  293 -4.24914e-08 0.000871523
0.00536913  293 -9.57589e-08 0.000871523
0.0107383  293 -4.24915e-08 0.000871523
0.0161074  293 -9.57583e-08 0.000871523
0.0214765  293 -4.24939e-08 0.000871523
0.0268456  293 -9.57497e-08 0.000871523
0.0322148  293 -4.25239e-08 0.000871523
0.0375839  293 -9.56496e-08 0.000871523
0.042953  293 -4.28452e-08 0.000871523
0.0483221  293 -9.46606e-08 0.000871523
0.0536913  293 -4.57499e-08 0.000871523
0.0590604  293 -8.65633e-08 0.000871523
0.0644295  293 -6.70105e-08 0.000871523
0.0697987  293 -3.45971e-08 0.000871523
0.0751678  293 -1.83001e-07 0.000871523
0.0805369  293 1.93317e-07 0.000871523
0.085906  293 -5.43494e-07 0.000871523
0.0912752  293 5.04275e-07 0.000871523
0.0966443  293 9.60562e-08 0.000871523
0.102013  293 -3.91463e-06 0.000871521
0.107383  293 1.53162e-05 0.000871531
0.112752  293 -4.42557e-05 0.000871501
0.118121  293 0.000104233 0.000871575
0.12349  293 -0.000209464 0.000871418
0.128859  293 0.000358423 0.000871702
0.134228  293 -0.00051642 0.000871265
0.139597  293 0.000610119 0.000871828
0.144966  293 -0.000583977 0.000871231
0.150336  293 0.000505727 0.000871776
0.15302  293 0.000231517 0.000871639
0.155705  293 0.00057766 0.000871812
0.158389  293 0.000303294 0.000871675
0.161074  293 0.00063716 0.000871842
0.163758  293 0.000318266 0.000871682
0.166443  293 0.000588231 0.000871817
0.169128  293 0.000213836 0.00087163
0.171812  293 0.000459475 0.000871753
0.174497  293 5.91222e-05 0.000871553
0.177181  293 0.000317515 0.000871682
0.179866  293 -5.97629e-05 0.000871493
0.18255  293 0.000219832 0.000871633
0.185235  293 -0.000131086 0.000871458
0.187919  293 0.000179464 0.000871613
0.190604  293 -0.000160928 0.000871442
0.193289  293 0.00016264 0.000871604
0.195973  293 -0.000164671 0.00087144
0.198658  293 0.000161016 0.000871603
0.201342  293 -0.000168343 0.000871438
0.204027  293 0.000164057 0.000871604
0.206711  293.001 -0.000165237 0.000871439
0.209396  293.001 0.000162406 0.000871602
0.212081  293.001 -0.000165421 0.000871437
0.214765  293.002 0.000165992 0.000871601
0.21745  293.002 -0.000165595 0.000871433
0.220134  293.004 0.000163598 0.000871594
0.222819  293.005 -0.000164322 0.000871426
0.225503  293.008 0.000165877 0.000871583
0.228188  293.012 -0.000165953 0.000871405
0.230872  293.019 0.000164177 0.000871549
0.233557  293.032 -0.000164138 0.000871347
0.236242  293.056 0.000165595 0.000871439
0.238926  293.104 -0.00016595 0.00087113
0.241611  293.201 0.000164381 0.000871009
0.244295  293.398 -0.000164295 0.000870259
0.24698  293.805 0.000165538 0.000869217
0.249664  294.652 -0.000165642 0.000866554
0.252349  296.414 0.000164345 0.000861566
0.255034  300.074 -0.000164792 0.000850896
0.257718  307.609 0.000165561 0.000830211
0.260403  322.831 -0.000164906 0.000790916
0.263087  352.469 0.000164624 0.000724548
0.265772  406.777 -0.000165518 0.000627695
0.268456  498.078 0.000164635 0.000512732
0.271141  637.196 -0.000165171 0.000400712
0.273826  830.559 0.000167469 0.000307481
0.27651  1080.05 -3.79182e-05 0.000236424
0.279195  1381.37 0.00242074 0.000185114
0.281879  1713.88 0.0161267 0.000150385
0.284564  2031.06 0.0586132 0.000130102
0.287248  2282.03 0.121464 0.000120283
0.289933  2447.66 0.177262 0.000116141
0.292617  2542.72 0.213912 0.000114479
0.295302  2592.62 0.234362 0.000113799
0.297987  2617.52 0.24486 0.000113506
0.300671  2629.63 0.250033 0.000113375
0.303356  2635.45 0.252532 0.000113314
0.30604  2638.23 0.253728 0.000113286
0.308725  2639.55 0.254298 0.000113272
0.311409  2640.18 0.254568 0.000113266
0.314094  2640.48 0.254697 0.000113263
0.316779  2640.62 0.254758 0.000113261
0.319463  2640.69 0.254787 0.000113261
0.322148  2640.73 0.254801 0.00011326
0.324832  2640.74 0.254807 0.00011326
0.327517  2640.75 0.25481 0.00011326
0.330201  2640.76 0.254812 0.00011326
0.332886  2640.77 0.254812 0.000113259
0.33557  2640.77 0.254813 0.000113259
0.338255  2640.77 0.254813 0.000113259
0.34094  2640.78 0.254813 0.000113259
0.343624  2640.78 0.254813 0.000113259
0.346309  2640.78 0.254813 0.000113259
0.348993  2640.79 0.254813 0.000113259
0.351678  2640.79 0.254813 0.000113258
0.354362  2640.79 0.254813 0.000113258
0.357047  2640.8 0.254813 0.000113258
0.359732  2640.8 0.254813 0.000113258
0.362416  2640.81 0.254813 0.000113258
0.365101  2640.81 0.254813 0.000113258
0.367785  2640.81 0.254813 0.000113257
0.37047  2640.82 0.254813 0.000113257
0.373154  2640.82 0.254813 0.000113257
0.375839  2640.82 0.254813 0.000113257
0.378523  2640.83 0.254813 0.000113257
0.381208  2640.83 0.254813 0.000113257
0.383893  2640.84 0.254813 0.000113256
0.386577  2640.84 0.254813 0.000113256
0.389262  2640.85 0.254813 0.000113256
0.391946  2640.85 0.254813 0.000113256
0.394631  2640.85 0.254813 0.000113256
0.397315  2640.86 0.254813 0.000113255
0.4  2640.86 0.254813 0.000113255
0.402685  2640.87 0.254813 0.000113255
0.405369  2640.87 0.254813 0.000113255
0.408054  2640.88 0.254813 0.000113255
0.410738  2640.88 0.254813 0.000113254
0.413423  2640.89 0.254813 0.000113254
0.418792  2640.9 0.254813 0.000113254
0.424161  2640.91 0.254813 0.000113253
0.42953  2640.92 0.254813 0.000113253
0.434899  2640.93 0.254813 0.000113252
0.440268  2640.94 0.254813 0.000113252
0.445638  2640.95 0.254813 0.000113251
0.451007  2640.97 0.254813 0.000113251
0.456376  2640.98 0.254813 0.00011325
0.461745  2640.99 0.254813 0.00011325
0.467114  2641.01 0.254813 0.000113249
0.472483  2641.02 0.254813 0.000113249
0.477852  2641.03 0.254813 0.000113248
0.483221  2641.05 0.254813 0.000113247
0.488591  2641.06 0.254813 0.000113247
0.49396  2641.08 0.254813 0.000113246
0.499329  2641.1 0.254813 0.000113245
0.504698  2641.11 0.254813 0.000113244
0.510067  2641.13 0.254813 0.000113244
0.515436  2641.15 0.254813 0.000113243
0.520805  2641.17 0.254813 0.000113242
0.526174  2641.19 0.254813 0.000113241
0.531544  2641.21 0.254813 0.00011324
0.536913  2641.23 0.254813 0.000113239
0.542282  2641.25 0.254813 0.000113239
0.547651  2641.28 0.254813 0.000113238
0.55302  2641.3 0.254813 0.000113237
0.558389  2641.32 0.254813 0.000113236
0.563758  2641.35 0.254813 0.000113234
0.569128  2641.37 0.254813 0.000113233
0.574497  2641.4 0.254813 0.000113232
0.579866  2641.43 0.254813 0.000113231
0.585235  2641.46 0.254813 0.00011323
0.590604  2641.48 0.254813 0.000113229
0.595973  2641.51 0.254813 0.000113227
0.601342  2641.55 0.254813 0.000113226
0.606711  2641.58 0.254813 0.000113225
0.612081  2641.61 0.254813 0.000113223
0.61745  2641.65 0.254813 0.000113222
0.622819  2641.68 0.254813 0.00011322
0.628188  2641.72 0.254813 0.000113219
0.633557  2641.75 0.254813 0.000113217
0.638926  2641.79 0.254813 0.000113215
0.644295  2641.83 0.254813 0.000113214
0.649664  2641.87 0.254813 0.000113212
0.655034  2641.91 0.254813 0.00011321
0.660403  2641.96 0.254813 0.000113208
0.665772  2642 0.254813 0.000113206
0.671141  2642.05 0.254813 0.000113204
0.67651  2642.1 0.254813 0.000113202
0.681879  2642.14 0.254813 0.0001132
0.687248  2642.19 0.254813 0.000113198
0.692617  2642.25 0.254813 0.000113196
0.697987  2642.3 0.254813 0.000113194
0.703356  2642.35 0.254813 0.000113191
0.708725  2642.41 0.254813 0.000113189
0.714094  2642.47 0.254813 0.000113186
0.719463  2642.53 0.254813 0.000113184
0.724832  2642.59 0.254813 0.000113181
0.730201  2642.65 0.254813 0.000113179
0.73557  2642.72 0.254813 0.000113176
0.74094  2642.78 0.254813 0.000113173
0.746309  2642.85 0.254813 0.00011317
0.751678  2642.92 0.254813 0.000113167
0.757047  2642.99 0.254813 0.000113164
0.762416  2643.07 0.254813 0.000113161
0.767785  2643.14 0.254813 0.000113158
0.773154  2643.22 0.254813 0.000113154
0.778523  2643.29 0.254813 0.000113151
0.783893  2643.36 0.254813 0.000113148
0.789262  2643.42 0.254813 0.000113146
0.794631  2643.46 0.254813 0.000113144
0.8  2643.46 0.254813 0.000113144
