TITLE="Graphics"
VARIABLES= "x", "T", "Y fr", "rho"
-0.0219919  293 0 0.000871523
-0.013745  293 -1.25674e-07 0.000871523
-0.0085906  293 -7.65827e-08 0.000871523
-0.00536913  293 -9.5759e-08 0.000871523
0  293 -4.24914e-08 0.000871523
0.00536913  293 -9.5759e-08 0.000871523
0.0107383  293 -4.24914e-08 0.000871523
0.0161074  293 -9.5759e-08 0.000871523
0.0214765  293 -4.24914e-08 0.000871523
0.0268456  293 -9.5759e-08 0.000871523
0.0322148  293 -4.24914e-08 0.000871523
0.0375839  293 -9.5759e-08 0.000871523
0.042953  293 -4.24914e-08 0.000871523
0.0483221  293 -9.5759e-08 0.000871523
0.0536913  293 -4.24914e-08 0.000871523
0.0590604  293 -9.5759e-08 0.000871523
0.0644295  293 -4.24914e-08 0.000871523
0.0697987  293 -9.5759e-08 0.000871523
0.0751678  293 -4.24914e-08 0.000871523
0.0805369  293 -9.5759e-08 0.000871523
0.085906  293 -4.24914e-08 0.000871523
0.0912752  293 -9.5759e-08 0.000871523
0.0966443  293 -4.24914e-08 0.000871523
0.102013  293 -9.5759e-08 0.000871523
0.107383  293 -4.24914e-08 0.000871523
0.112752  293 -9.5759e-08 0.000871523
0.118121  293 -4.24914e-08 0.000871523
0.12349  293 -9.5759e-08 0.000871523
0.128859  293 -4.24914e-08 0.000871523
0.134228  293 -9.5759e-08 0.000871522
0.139597  292.99 -4.24914e-08 0.000871552
0.144966  293.216 -9.5759e-08 0.00087088
0.150336  290.057 -4.24914e-08 0.000880365
0.15302  295.996 -5.58083e-08 0.000862702
0.155705  307.544 -4.24914e-08 0.000830309
0.158389  323.262 -5.58083e-08 0.000789935
0.161074  341.363 -4.24913e-08 0.000748049
0.163758  360.601 -5.58076e-08 0.000708141
0.166443  380.314 -4.24859e-08 0.000671436
0.169128  400.201 -5.57759e-08 0.00063807
0.171812  420.14 -4.2337e-08 0.000607788
0.174497  440.085 -5.51904e-08 0.000580243
0.177181  460.018 -4.03492e-08 0.000555101
0.179866  479.933 -4.92212e-08 0.000532066
0.18255  499.828 -2.41961e-08 0.000510888
0.185235  519.701 -9.24885e-09 0.000491352
0.187919  539.553 6.73339e-08 0.000473274
0.190604  559.383 1.86582e-07 0.000456497
0.193289  579.192 4.61986e-07 0.000440884
0.195973  598.981 9.40826e-07 0.000426318
0.198658  618.752 1.8369e-06 0.000412696
0.201342  638.508 3.34327e-06 0.000399927
0.204027  658.252 5.87798e-06 0.000387932
0.206711  677.99 9.91111e-06 0.000376639
0.209396  697.727 1.62256e-05 0.000365986
0.212081  717.472 2.57599e-05 0.000355916
0.214765  737.235 3.9884e-05 0.000346378
0.21745  757.028 6.02578e-05 0.000337326
0.220134  776.866 8.91213e-05 0.000328717
0.222819  796.77 0.000129166 0.000320513
0.225503  816.761 0.000183842 0.000312678
0.228188  836.868 0.000257236 0.000305178
0.230872  857.122 0.000354398 0.000297984
0.233557  877.563 0.000481235 0.000291064
0.236242  898.237 0.000644849 0.000284391
0.238926  919.199 0.000853457 0.000277939
0.241611  940.513 0.00111676 0.000271682
0.244295  962.257 0.00144591 0.000265593
0.24698  984.524 0.00185392 0.000259647
0.249664  1007.42 0.00235573 0.000253818
0.252349  1031.09 0.00296869 0.000248079
0.255034  1055.69 0.00371278 0.000242402
0.257718  1081.42 0.00461132 0.000236758
0.260403  1108.51 0.00569148 0.000231114
0.263087  1137.3 0.00698547 0.000225432
0.265772  1168.17 0.00853172 0.00021967
0.268456  1201.66 0.0103771 0.000213776
0.271141  1238.48 0.0125798 0.000207684
0.273826  1279.63 0.0152141 0.000201312
0.27651  1326.54 0.0183781 0.000194549
0.279195  1381.37 0.0222065 0.000187243
0.281879  1447.4 0.026893 0.000179189
0.284564  1529.67 0.0327297 0.00017013
0.287248  1635.43 0.0401752 0.000159825
0.289933  1773.56 0.049949 0.000148228
0.292617  1951.13 0.0630801 0.000135791
0.295302  2166.87 0.0806497 0.000123564
0.297987  2406.31 0.102945 0.000112782
0.300671  2645.82 0.128539 0.000104199
0.303356  2863.39 0.154573 9.78601e-05
0.30604  3046.32 0.178222 9.33744e-05
0.308725  3191.68 0.197842 9.02538e-05
0.311409  3302.86 0.21309 8.8085e-05
0.314094  3385.83 0.224433 8.65686e-05
0.316779  3446.72 0.232649 8.55019e-05
0.319463  3490.79 0.238516 8.4752e-05
0.322148  3522.07 0.242682 8.42325e-05
0.324832  3543.53 0.24564 8.38878e-05
0.327517  3557.25 0.247749 8.36821e-05
0.330201  3564.66 0.249262 8.35927e-05
0.332886  3566.71 0.250354 8.36059e-05
0.33557  3564 0.251148 8.37139e-05
0.338255  3556.92 0.251728 8.39133e-05
0.34094  3545.66 0.252151 8.42036e-05
0.343624  3530.33 0.252458 8.45866e-05
0.346309  3510.96 0.252677 8.50658e-05
0.348993  3487.53 0.252828 8.56461e-05
0.351678  3459.98 0.252924 8.63336e-05
0.354362  3428.27 0.252974 8.71351e-05
0.357047  3392.35 0.252985 8.80583e-05
0.359732  3352.23 0.252963 8.9111e-05
0.362416  3307.93 0.252912 9.03012e-05
0.365101  3259.57 0.252836 9.16362e-05
0.367785  3207.35 0.252741 9.31222e-05
0.37047  3151.6 0.252635 9.47629e-05
0.373154  3092.77 0.252527 9.65584e-05
0.375839  3031.5 0.252429 9.85034e-05
0.378523  2968.59 0.252352 0.000100586
0.381208  2904.99 0.25231 0.000102785
0.383893  2841.82 0.252311 0.00010507
0.386577  2780.23 0.25236 0.000107401
0.389262  2721.38 0.252459 0.000109731
0.391946  2666.33 0.252602 0.000112007
0.394631  2615.96 0.252781 0.000114177
0.397315  2570.89 0.252984 0.000116195
0.4  2531.5 0.253199 0.00011802
0.402685  2497.87 0.253416 0.000119626
0.405369  2469.9 0.253625 0.000120998
0.408054  2447.3 0.253818 0.000122131
0.410738  2429.67 0.253993 0.000123032
0.413423  2416.54 0.254147 0.000123713
0.418792  2402.34 0.254387 0.000124464
0.424161  2400.34 0.254552 0.000124582
0.42953  2407.05 0.254658 0.000124244
0.434899  2419.43 0.254723 0.000123613
0.440268  2434.85 0.254761 0.000122834
0.445638  2451.14 0.254783 0.000122019
0.451007  2466.65 0.254795 0.000121253
0.456376  2480.24 0.254802 0.000120589
0.461745  2491.33 0.254807 0.000120053
0.467114  2499.78 0.254809 0.000119647
0.472483  2505.82 0.254811 0.000119359
0.477852  2509.85 0.254812 0.000119167
0.483221  2512.37 0.254812 0.000119048
0.488591  2513.82 0.254812 0.000118979
0.49396  2514.6 0.254813 0.000118942
0.499329  2514.97 0.254813 0.000118924
0.504698  2515.13 0.254813 0.000118917
0.510067  2515.17 0.254813 0.000118915
0.515436  2515.17 0.254813 0.000118915
0.520805  2515.15 0.254813 0.000118916
0.526174  2515.14 0.254813 0.000118917
0.531544  2515.12 0.254813 0.000118917
0.536913  2515.11 0.254813 0.000118918
0.542282  2515.1 0.254813 0.000118918
0.547651  2515.1 0.254813 0.000118918
0.55302  2515.1 0.254813 0.000118919
0.558389  2515.09 0.254813 0.000118919
0.563758  2515.09 0.254813 0.000118919
0.569128  2515.09 0.254813 0.000118919
0.574497  2515.09 0.254813 0.000118919
0.579866  2515.09 0.254813 0.000118919
0.585235  2515.09 0.254813 0.000118919
0.590604  2515.09 0.254813 0.000118919
0.595973  2515.09 0.254813 0.000118919
0.601342  2515.09 0.254813 0.000118919
0.606711  2515.09 0.254813 0.000118919
0.612081  2515.09 0.254813 0.000118919
0.61745  2515.09 0.254813 0.000118919
0.622819  2515.09 0.254813 0.000118919
0.628188  2515.09 0.254813 0.000118919
0.633557  2515.09 0.254813 0.000118919
0.638926  2515.09 0.254813 0.000118919
0.644295  2515.09 0.254813 0.000118919
0.649664  2515.09 0.254813 0.000118919
0.655034  2515.09 0.254813 0.000118919
0.660403  2515.09 0.254813 0.000118919
0.665772  2515.09 0.254813 0.000118919
0.671141  2515.09 0.254813 0.000118919
0.67651  2515.09 0.254813 0.000118919
0.681879  2515.09 0.254813 0.000118919
0.687248  2515.09 0.254813 0.000118919
0.692617  2515.09 0.254813 0.000118919
0.697987  2515.09 0.254813 0.000118919
0.703356  2515.09 0.254813 0.000118919
0.708725  2515.09 0.254813 0.000118919
0.714094  2515.09 0.254813 0.000118919
0.719463  2515.09 0.254813 0.000118919
0.724832  2515.09 0.254813 0.000118919
0.730201  2515.09 0.254813 0.000118919
0.73557  2515.09 0.254813 0.000118919
0.74094  2515.09 0.254813 0.000118919
0.746309  2515.09 0.254813 0.000118919
0.751678  2515.09 0.254813 0.000118919
0.757047  2515.09 0.254813 0.000118919
0.762416  2515.09 0.254813 0.000118919
0.767785  2515.09 0.254813 0.000118919
0.773154  2515.09 0.254813 0.000118919
0.778523  2515.09 0.254813 0.000118919
0.783893  2515.09 0.254813 0.000118919
0.789262  2515.09 0.254813 0.000118919
0.794631  2515.09 0.254813 0.000118919
0.8  2515.09 0.254813 0.000118919
