TITLE="Graphics"
VARIABLES= "x", "T", "Y fr", "rho"
-0.0219919  293 0 0.000871523
-0.013745  293 -2.38296e-09 0.000871523
-0.0085906  293 -1.45211e-09 0.000871523
-0.00536913  293 -1.81572e-09 0.000871523
0  293 -8.05689e-10 0.000871523
0.00536913  293 -1.81572e-09 0.000871523
0.0107383  293 -8.05686e-10 0.000871523
0.0161074  293 -1.81572e-09 0.000871523
0.0214765  293 -8.05684e-10 0.000871523
0.0268456  293 -1.81571e-09 0.000871523
0.0322148  293 -8.05683e-10 0.000871523
0.0375839  293 -1.81571e-09 0.000871523
0.042953  293 -8.05681e-10 0.000871523
0.0483221  293 -1.81571e-09 0.000871523
0.0536913  293 -8.05679e-10 0.000871523
0.0590604  293 -1.81571e-09 0.000871523
0.0644295  293 -8.05678e-10 0.000871523
0.0697987  293 -1.81571e-09 0.000871523
0.0751678  293 -8.05676e-10 0.000871523
0.0805369  293 -1.81571e-09 0.000871523
0.085906  293 -8.05674e-10 0.000871523
0.0912752  293 -1.8157e-09 0.000871523
0.0966443  293 -8.05673e-10 0.000871523
0.102013  293 -1.8157e-09 0.000871523
0.107383  293 -8.05671e-10 0.000871523
0.112752  293 -1.8157e-09 0.000871523
0.118121  293 -8.05669e-10 0.000871523
0.12349  293 -1.8157e-09 0.000871523
0.128859  293 -8.05667e-10 0.000871523
0.134228  293.001 -1.8157e-09 0.000871521
0.139597  293.003 -8.05665e-10 0.000871515
0.144966  293.013 -1.8157e-09 0.000871486
0.150336  293.049 -8.05662e-10 0.000871378
0.15302  293.097 -1.05817e-09 0.000871234
0.155705  293.177 -8.05661e-10 0.000870998
0.158389  293.302 -1.05817e-09 0.000870626
0.161074  293.494 -8.05676e-10 0.000870057
0.163758  293.777 -1.0581e-09 0.000869217
0.166443  294.185 -8.05895e-10 0.000868012
0.169128  294.756 -1.05748e-09 0.000866332
0.171812  295.532 -8.07409e-10 0.000864055
0.174497  296.563 -1.0543e-09 0.000861051
0.177181  297.898 -8.13027e-10 0.000857193
0.179866  299.586 -1.04638e-09 0.000852363
0.18255  301.673 -8.20509e-10 0.000846468
0.185235  304.196 -1.04509e-09 0.000839446
0.187919  307.187 -8.09266e-10 0.000831272
0.190604  310.665 -1.06697e-09 0.000821967
0.193289  314.638 -8.00219e-10 0.000811589
0.195973  319.102 -1.01455e-09 0.000800233
0.198658  324.047 -1.0052e-09 0.000788022
0.201342  329.45 -3.92776e-10 0.000775098
0.204027  335.284 -2.85109e-09 0.000761611
0.206711  341.518 5.12842e-09 0.00074771
0.209396  348.116 -1.82125e-08 0.000733538
0.212081  355.043 4.44223e-08 0.000719226
0.214765  362.264 -1.10967e-07 0.00070489
0.21745  369.745 2.44844e-07 0.000690627
0.220134  377.456 -5.06549e-07 0.000676519
0.222819  385.368 9.49862e-07 0.000662631
0.225503  393.457 -1.62535e-06 0.000649006
0.228188  401.705 2.51971e-06 0.000635681
0.230872  410.102 -3.49383e-06 0.000622664
0.233557  418.649 4.40228e-06 0.000609955
0.236242  427.362 -4.87305e-06 0.000597516
0.238926  436.288 5.16238e-06 0.000585295
0.241611  445.517 -4.78031e-06 0.000573166
0.244295  455.217 5.14938e-06 0.000560957
0.24698  465.672 -4.32147e-06 0.000548359
0.249664  477.367 5.62853e-06 0.000534928
0.252349  491.095 -3.22516e-06 0.000519973
0.255034  508.12 6.26329e-06 0.000502553
0.257718  530.393 -9.35928e-07 0.000481447
0.260403  560.782 8.34278e-06 0.000455359
0.263087  603.235 3.07965e-06 0.000423312
0.265772  662.72 1.311e-05 0.000385318
0.268456  744.81 1.46542e-05 0.00034285
0.271141  854.911 5.41188e-05 0.000298703
0.273826  997.283 0.000240242 0.000256087
0.27651  1173.77 0.00128448 0.000217713
0.279195  1381.37 0.00578242 0.000185473
0.281879  1608.29 0.0201218 0.00016063
0.284564  1831.9 0.0521413 0.000143694
0.287248  2025.15 0.101114 0.00013386
0.289933  2170.16 0.152897 0.000128984
0.292617  2265.97 0.193962 0.000126806
0.295302  2323.6 0.220882 0.000125849
0.297987  2356.38 0.236638 0.000125397
0.300671  2374.65 0.245294 0.000125151
0.303356  2384.95 0.249889 0.000124994
0.30604  2391.02 0.252283 0.000124877
0.308725  2394.9 0.253519 0.000124778
0.311409  2397.66 0.254152 0.000124688
0.314094  2399.83 0.254476 0.000124602
0.316779  2401.72 0.254642 0.000124518
0.319463  2403.47 0.254726 0.000124434
0.322148  2405.15 0.254769 0.000124351
0.324832  2406.8 0.254791 0.000124267
0.327517  2408.44 0.254802 0.000124184
0.330201  2410.08 0.254807 0.0001241
0.332886  2411.73 0.25481 0.000124015
0.33557  2413.38 0.254812 0.00012393
0.338255  2415.04 0.254812 0.000123845
0.34094  2416.72 0.254813 0.00012376
0.343624  2418.4 0.254813 0.000123674
0.346309  2420.09 0.254813 0.000123587
0.348993  2421.79 0.254813 0.0001235
0.351678  2423.5 0.254813 0.000123413
0.354362  2425.22 0.254813 0.000123326
0.357047  2426.95 0.254813 0.000123238
0.359732  2428.69 0.254813 0.000123149
0.362416  2430.44 0.254813 0.000123061
0.365101  2432.2 0.254813 0.000122971
0.367785  2433.98 0.254813 0.000122882
0.37047  2435.76 0.254813 0.000122792
0.373154  2437.55 0.254813 0.000122702
0.375839  2439.35 0.254813 0.000122611
0.378523  2441.16 0.254813 0.00012252
0.381208  2442.98 0.254813 0.000122429
0.383893  2444.81 0.254813 0.000122337
0.386577  2446.65 0.254813 0.000122245
0.389262  2448.5 0.254813 0.000122153
0.391946  2450.36 0.254813 0.00012206
0.394631  2452.23 0.254813 0.000121967
0.397315  2454.11 0.254813 0.000121874
0.4  2456 0.254813 0.00012178
0.402685  2457.9 0.254813 0.000121686
0.405369  2459.8 0.254813 0.000121592
0.408054  2461.72 0.254813 0.000121497
0.410738  2463.65 0.254813 0.000121402
0.413423  2465.59 0.254813 0.000121306
0.418792  2469.49 0.254813 0.000121115
0.424161  2473.44 0.254813 0.000120921
0.42953  2477.42 0.254813 0.000120727
0.434899  2481.44 0.254813 0.000120531
0.440268  2485.51 0.254813 0.000120334
0.445638  2489.61 0.254813 0.000120136
0.451007  2493.76 0.254813 0.000119936
0.456376  2497.95 0.254813 0.000119735
0.461745  2502.18 0.254813 0.000119532
0.467114  2506.46 0.254813 0.000119328
0.472483  2510.79 0.254813 0.000119122
0.477852  2515.17 0.254813 0.000118915
0.483221  2519.6 0.254813 0.000118706
0.488591  2524.08 0.254813 0.000118495
0.49396  2528.62 0.254813 0.000118282
0.499329  2533.22 0.254813 0.000118068
0.504698  2537.89 0.254813 0.000117851
0.510067  2542.62 0.254813 0.000117631
0.515436  2547.42 0.254813 0.00011741
0.520805  2552.29 0.254813 0.000117186
0.526174  2557.24 0.254813 0.000116959
0.531544  2562.27 0.254813 0.000116729
0.536913  2567.38 0.254813 0.000116497
0.542282  2572.58 0.254813 0.000116261
0.547651  2577.87 0.254813 0.000116023
0.55302  2583.25 0.254813 0.000115781
0.558389  2588.72 0.254813 0.000115536
0.563758  2594.29 0.254813 0.000115289
0.569128  2599.95 0.254813 0.000115038
0.574497  2605.7 0.254813 0.000114784
0.579866  2611.55 0.254813 0.000114527
0.585235  2617.48 0.254813 0.000114267
0.590604  2623.5 0.254813 0.000114005
0.595973  2629.59 0.254813 0.000113741
0.601342  2635.76 0.254813 0.000113475
0.606711  2641.98 0.254813 0.000113207
0.612081  2648.25 0.254813 0.000112939
0.61745  2654.56 0.254813 0.000112671
0.622819  2660.88 0.254813 0.000112403
0.628188  2667.2 0.254813 0.000112137
0.633557  2673.5 0.254813 0.000111872
0.638926  2679.76 0.254813 0.000111611
0.644295  2685.95 0.254813 0.000111354
0.649664  2692.03 0.254813 0.000111102
0.655034  2697.99 0.254813 0.000110857
0.660403  2703.78 0.254813 0.00011062
0.665772  2709.37 0.254813 0.000110391
0.671141  2714.73 0.254813 0.000110174
0.67651  2719.8 0.254813 0.000109968
0.681879  2724.55 0.254813 0.000109777
0.687248  2728.93 0.254813 0.0001096
0.692617  2732.9 0.254813 0.000109441
0.697987  2736.4 0.254813 0.000109301
0.703356  2739.4 0.254813 0.000109181
0.708725  2741.84 0.254813 0.000109084
0.714094  2743.68 0.254813 0.000109011
0.719463  2744.86 0.254813 0.000108964
0.724832  2745.36 0.254813 0.000108945
0.730201  2745.12 0.254813 0.000108954
0.73557  2744.11 0.254813 0.000108994
0.74094  2742.31 0.254813 0.000109066
0.746309  2739.7 0.254813 0.00010917
0.751678  2736.27 0.254813 0.000109306
0.757047  2732.04 0.254813 0.000109476
0.762416  2727.05 0.254813 0.000109676
0.767785  2721.4 0.254813 0.000109904
0.773154  2715.23 0.254813 0.000110153
0.778523  2708.8 0.254813 0.000110415
0.783893  2702.53 0.254813 0.000110671
0.789262  2697.09 0.254813 0.000110894
0.794631  2693.55 0.254813 0.00011104
0.8  2693.55 0.254813 0.00011104
