TITLE="Graphics"
VARIABLES= "x", "T", "Y fr", "rho"
-0.0219919  293 0 0.000871523
-0.013745  293 -1.25674e-07 0.000871523
-0.0085906  293 -7.65827e-08 0.000871523
-0.00536913  293 -9.5759e-08 0.000871523
0  293 -4.24914e-08 0.000871523
0.00536913  293 -9.5759e-08 0.000871523
0.0107383  293 -4.24914e-08 0.000871523
0.0161074  293 -9.5759e-08 0.000871523
0.0214765  293 -4.24914e-08 0.000871523
0.0268456  293 -9.5759e-08 0.000871523
0.0322148  293 -4.24914e-08 0.000871523
0.0375839  293 -9.5759e-08 0.000871523
0.042953  293 -4.24914e-08 0.000871523
0.0483221  293 -9.5759e-08 0.000871523
0.0536913  293 -4.24914e-08 0.000871523
0.0590604  293 -9.5759e-08 0.000871523
0.0644295  293 -4.24914e-08 0.000871523
0.0697987  293 -9.5759e-08 0.000871523
0.0751678  293 -4.24914e-08 0.000871523
0.0805369  293 -9.5759e-08 0.000871523
0.085906  293 -4.24914e-08 0.000871523
0.0912752  293 -9.5759e-08 0.000871523
0.0966443  293 -4.24913e-08 0.000871523
0.102013  293 -9.5759e-08 0.000871523
0.107383  293 -4.24913e-08 0.000871523
0.112752  293 -9.5759e-08 0.000871523
0.118121  293 -4.24913e-08 0.000871523
0.12349  293 -9.57592e-08 0.000871523
0.128859  293 -4.24907e-08 0.000871523
0.134228  293 -9.57604e-08 0.000871523
0.139597  293 -4.24886e-08 0.000871523
0.144966  293 -9.57621e-08 0.000871523
0.150336  293 -4.2499e-08 0.000871523
0.15302  293.001 -5.57804e-08 0.000871522
0.155705  293.001 -4.25709e-08 0.00087152
0.158389  293.002 -5.55426e-08 0.000871517
0.161074  293.004 -4.32761e-08 0.000871511
0.163758  293.007 -5.35589e-08 0.000871503
0.166443  293.012 -4.86088e-08 0.000871488
0.169128  293.02 -3.99538e-08 0.000871465
0.171812  293.032 -8.15391e-08 0.000871428
0.174497  293.051 3.53762e-08 0.000871373
0.177181  293.079 -2.43593e-07 0.000871289
0.179866  293.12 3.60755e-07 0.000871166
0.18255  293.18 -8.46575e-07 0.000870987
0.185235  293.266 1.37398e-06 0.000870734
0.187919  293.385 -2.34203e-06 0.000870378
0.190604  293.549 3.1795e-06 0.000869895
0.193289  293.77 -3.73043e-06 0.000869237
0.195973  294.063 2.49612e-06 0.000868374
0.198658  294.445 1.80662e-06 0.000867246
0.201342  294.936 -1.14225e-05 0.000865797
0.204027  295.555 2.70433e-05 0.000864003
0.206711  296.323 -4.81685e-05 0.000861725
0.209396  297.263 7.09088e-05 0.000859059
0.212081  298.395 -9.06121e-05 0.000855722
0.214765  299.738 0.000103142 0.000851983
0.21745  301.309 -0.000109374 0.000847437
0.220134  303.123 0.000113493 0.000842473
0.222819  305.191 -0.000120445 0.000836653
0.225503  307.519 0.000129625 0.000830437
0.228188  310.112 -0.000136984 0.000823368
0.230872  312.969 0.000139431 0.00081598
0.233557  316.09 -0.000140423 0.000807795
0.236242  319.469 0.000143899 0.00079938
0.238926  323.107 -0.000149209 0.000790246
0.241611  327.01 0.000151502 0.00078095
0.244295  331.202 -0.000151374 0.000770932
0.24698  335.75 0.000152813 0.00076062
0.249664  340.811 -0.000156363 0.000749193
0.252349  346.726 0.000157462 0.000736545
0.255034  354.219 -0.00015703 0.000720835
0.257718  364.766 0.000158515 0.000700118
0.260403  381.273 -0.000160576 0.000669685
0.263087  409.067 0.00015997 0.000624298
0.265772  456.916 -0.000160672 0.000558818
0.268456  536.866 0.000161961 0.000475687
0.271141  661.863 -0.00016113 0.000385779
0.273826  842.075 0.000166711 0.000303275
0.27651  1082.71 -2.00021e-05 0.000235846
0.279195  1381.37 0.00233059 0.000185105
0.281879  1718.06 0.0151452 0.000149934
0.284564  2045.02 0.0558291 0.000129
0.287248  2307.99 0.11771 0.000118655
0.289933  2484.36 0.173983 0.000114186
0.292617  2587.2 0.211668 0.000112346
0.295302  2642.07 0.233016 0.000111569
0.297987  2669.99 0.244109 0.00011122
0.300671  2683.95 0.24963 0.00011105
0.303356  2690.97 0.252321 0.00011096
0.30604  2694.62 0.253619 0.000110907
0.308725  2696.63 0.254242 0.000110871
0.311409  2697.87 0.25454 0.000110842
0.314094  2698.73 0.254683 0.000110817
0.316779  2699.42 0.254751 0.000110794
0.319463  2700.02 0.254783 0.000110771
0.322148  2700.59 0.254799 0.000110749
0.324832  2701.15 0.254806 0.000110727
0.327517  2701.69 0.25481 0.000110705
0.330201  2702.24 0.254811 0.000110683
0.332886  2702.78 0.254812 0.000110661
0.33557  2703.33 0.254813 0.000110638
0.338255  2703.88 0.254813 0.000110616
0.34094  2704.44 0.254813 0.000110593
0.343624  2705 0.254813 0.00011057
0.346309  2705.56 0.254813 0.000110547
0.348993  2706.12 0.254813 0.000110524
0.351678  2706.69 0.254813 0.000110501
0.354362  2707.26 0.254813 0.000110477
0.357047  2707.84 0.254813 0.000110454
0.359732  2708.42 0.254813 0.00011043
0.362416  2709 0.254813 0.000110407
0.365101  2709.59 0.254813 0.000110383
0.367785  2710.18 0.254813 0.000110359
0.37047  2710.77 0.254813 0.000110335
0.373154  2711.37 0.254813 0.00011031
0.375839  2711.97 0.254813 0.000110286
0.378523  2712.57 0.254813 0.000110261
0.381208  2713.18 0.254813 0.000110237
0.383893  2713.79 0.254813 0.000110212
0.386577  2714.4 0.254813 0.000110187
0.389262  2715.02 0.254813 0.000110162
0.391946  2715.64 0.254813 0.000110137
0.394631  2716.27 0.254813 0.000110111
0.397315  2716.9 0.254813 0.000110086
0.4  2717.53 0.254813 0.00011006
0.402685  2718.17 0.254813 0.000110034
0.405369  2718.81 0.254813 0.000110008
0.408054  2719.45 0.254813 0.000109982
0.410738  2720.1 0.254813 0.000109956
0.413423  2720.75 0.254813 0.00010993
0.418792  2722.06 0.254813 0.000109877
0.424161  2723.39 0.254813 0.000109823
0.42953  2724.74 0.254813 0.000109769
0.434899  2726.1 0.254813 0.000109714
0.440268  2727.47 0.254813 0.000109659
0.445638  2728.86 0.254813 0.000109603
0.451007  2730.26 0.254813 0.000109547
0.456376  2731.69 0.254813 0.00010949
0.461745  2733.12 0.254813 0.000109432
0.467114  2734.57 0.254813 0.000109374
0.472483  2736.04 0.254813 0.000109315
0.477852  2737.53 0.254813 0.000109256
0.483221  2739.03 0.254813 0.000109196
0.488591  2740.54 0.254813 0.000109136
0.49396  2742.08 0.254813 0.000109075
0.499329  2743.63 0.254813 0.000109013
0.504698  2745.19 0.254813 0.000108951
0.510067  2746.78 0.254813 0.000108888
0.515436  2748.38 0.254813 0.000108825
0.520805  2749.99 0.254813 0.000108761
0.526174  2751.63 0.254813 0.000108696
0.531544  2753.28 0.254813 0.000108631
0.536913  2754.95 0.254813 0.000108565
0.542282  2756.63 0.254813 0.000108499
0.547651  2758.33 0.254813 0.000108432
0.55302  2760.06 0.254813 0.000108364
0.558389  2761.79 0.254813 0.000108296
0.563758  2763.55 0.254813 0.000108227
0.569128  2765.33 0.254813 0.000108158
0.574497  2767.12 0.254813 0.000108088
0.579866  2768.93 0.254813 0.000108017
0.585235  2770.76 0.254813 0.000107946
0.590604  2772.61 0.254813 0.000107874
0.595973  2774.48 0.254813 0.000107801
0.601342  2776.36 0.254813 0.000107728
0.606711  2778.27 0.254813 0.000107654
0.612081  2780.19 0.254813 0.000107579
0.61745  2782.14 0.254813 0.000107504
0.622819  2784.1 0.254813 0.000107428
0.628188  2786.08 0.254813 0.000107352
0.633557  2788.08 0.254813 0.000107275
0.638926  2790.11 0.254813 0.000107197
0.644295  2792.15 0.254813 0.000107119
0.649664  2794.21 0.254813 0.00010704
0.655034  2796.29 0.254813 0.00010696
0.660403  2798.39 0.254813 0.00010688
0.665772  2800.51 0.254813 0.000106799
0.671141  2802.66 0.254813 0.000106717
0.67651  2804.82 0.254813 0.000106635
0.681879  2807 0.254813 0.000106552
0.687248  2809.21 0.254813 0.000106468
0.692617  2811.43 0.254813 0.000106384
0.697987  2813.68 0.254813 0.000106299
0.703356  2815.94 0.254813 0.000106214
0.708725  2818.23 0.254813 0.000106127
0.714094  2820.54 0.254813 0.00010604
0.719463  2822.87 0.254813 0.000105953
0.724832  2825.22 0.254813 0.000105865
0.730201  2827.6 0.254813 0.000105776
0.73557  2829.99 0.254813 0.000105686
0.74094  2832.4 0.254813 0.000105596
0.746309  2834.84 0.254813 0.000105506
0.751678  2837.29 0.254813 0.000105415
0.757047  2839.76 0.254813 0.000105323
0.762416  2842.23 0.254813 0.000105231
0.767785  2844.7 0.254813 0.00010514
0.773154  2847.15 0.254813 0.00010505
0.778523  2849.52 0.254813 0.000104962
0.783893  2851.73 0.254813 0.000104881
0.789262  2853.61 0.254813 0.000104812
0.794631  2854.85 0.254813 0.000104766
0.8  2854.85 0.254813 0.000104766
