TITLE="Graphics"
VARIABLES= "x", "T", "Y fr", "rho"
-0.0219919  293 0 0.000871523
-0.013745  293 -1.25674e-07 0.000871523
-0.0085906  293 -7.65827e-08 0.000871523
-0.00536913  293 -9.5759e-08 0.000871523
0  293 -4.24914e-08 0.000871523
0.00536913  293 -9.5759e-08 0.000871523
0.0107383  293 -4.24914e-08 0.000871523
0.0161074  293 -9.5759e-08 0.000871523
0.0214765  293 -4.24914e-08 0.000871523
0.0268456  293 -9.5759e-08 0.000871523
0.0322148  293 -4.24914e-08 0.000871523
0.0375839  293 -9.5759e-08 0.000871523
0.042953  293 -4.24914e-08 0.000871523
0.0483221  293 -9.5759e-08 0.000871523
0.0536913  293 -4.24914e-08 0.000871523
0.0590604  293 -9.5759e-08 0.000871523
0.0644295  293 -4.24914e-08 0.000871523
0.0697987  293 -9.5759e-08 0.000871523
0.0751678  293 -4.24914e-08 0.000871523
0.0805369  293 -9.5759e-08 0.000871523
0.085906  293 -4.24914e-08 0.000871523
0.0912752  293 -9.5759e-08 0.000871523
0.0966443  293 -4.24914e-08 0.000871523
0.102013  293 -9.5759e-08 0.000871523
0.107383  293 -4.24914e-08 0.000871523
0.112752  293 -9.5759e-08 0.000871523
0.118121  293 -4.24914e-08 0.000871523
0.12349  293 -9.5759e-08 0.000871523
0.128859  293 -4.24914e-08 0.000871523
0.134228  293.001 -9.5759e-08 0.00087152
0.139597  292.992 -4.24914e-08 0.000871547
0.144966  293.043 -9.5759e-08 0.000871395
0.150336  292.905 -4.24913e-08 0.000871805
0.15302  292.904 -5.58083e-08 0.000871808
0.155705  293.066 -4.24913e-08 0.000871326
0.158389  293.59 -5.58083e-08 0.000869773
0.161074  294.741 -4.24913e-08 0.000866374
0.163758  296.82 -5.58083e-08 0.000860306
0.166443  300.096 -4.24913e-08 0.000850916
0.169128  304.75 -5.58083e-08 0.000837921
0.171812  310.848 -4.24913e-08 0.000821484
0.174497  318.338 -5.58082e-08 0.000802153
0.177181  327.087 -4.24907e-08 0.000780697
0.179866  336.911 -5.58076e-08 0.000757933
0.18255  347.614 -4.24904e-08 0.000734597
0.185235  359.009 -5.58113e-08 0.00071128
0.187919  370.934 -4.24941e-08 0.000688414
0.190604  383.254 -5.57901e-08 0.000666286
0.193289  395.858 -4.23205e-08 0.00064507
0.195973  408.665 -5.50818e-08 0.000624855
0.198658  421.61 -4.00832e-08 0.00060567
0.201342  434.645 -4.90077e-08 0.000587506
0.204027  447.735 -2.54139e-08 0.00057033
0.206711  460.854 -1.64452e-08 0.000554093
0.209396  473.986 4.20318e-08 0.000538743
0.212081  487.116 1.15043e-07 0.000524221
0.214765  500.235 2.8629e-07 0.000510472
0.21745  513.339 5.49156e-07 0.000497442
0.220134  526.424 1.02871e-06 0.000485077
0.222819  539.487 1.77654e-06 0.000473332
0.225503  552.529 2.99665e-06 0.00046216
0.228188  565.55 4.84647e-06 0.000451519
0.230872  578.553 7.66272e-06 0.000441373
0.233557  591.54 1.1796e-05 0.000431684
0.236242  604.516 1.77396e-05 0.000422419
0.238926  617.488 2.63205e-05 0.000413547
0.241611  630.465 3.77429e-05 0.000405037
0.244295  643.464 5.49311e-05 0.000396859
0.24698  656.51 7.43234e-05 0.000388977
0.249664  669.653 0.000108861 0.00038135
0.252349  682.989 0.000136974 0.00037391
0.255034  696.713 0.000204005 0.000366558
0.257718  711.228 0.00024509 0.000359087
0.260403  727.354 0.000352034 0.000351147
0.263087  746.76 0.000440712 0.000342039
0.265772  772.745 0.000566283 0.000330561
0.268456  811.548 0.000764706 0.000314792
0.271141  874.068 0.000924898 0.000292302
0.273826  976.962 0.00131815 0.000261576
0.27651  1140.66 0.00189534 0.000224111
0.279195  1381.37 0.00428563 0.000185313
0.281879  1695.88 0.0132215 0.000151726
0.284564  2045.49 0.0407999 0.000127832
0.287248  2366.28 0.0909928 0.00011386
0.289933  2611.26 0.146506 0.000106767
0.292617  2772.92 0.190553 0.000103396
0.295302  2869.49 0.219175 0.000101793
0.297987  2923.99 0.23579 0.000100998
0.300671  2954.08 0.244866 0.000100574
0.303356  2970.85 0.249666 0.000100329
0.30604  2980.55 0.252165 0.000100169
0.308725  2986.58 0.253454 0.000100054
0.311409  2990.72 0.254116 9.99597e-05
0.314094  2993.89 0.254456 9.98767e-05
0.316779  2996.57 0.25463 9.9799e-05
0.319463  2999.01 0.254719 9.97239e-05
0.322148  3001.32 0.254765 9.965e-05
0.324832  3003.59 0.254788 9.95765e-05
0.327517  3005.83 0.2548 9.95029e-05
0.330201  3008.08 0.254806 9.9429e-05
0.332886  3010.34 0.25481 9.93547e-05
0.33557  3012.61 0.254811 9.92798e-05
0.338255  3014.9 0.254812 9.92043e-05
0.34094  3017.22 0.254813 9.91281e-05
0.343624  3019.57 0.254813 9.90511e-05
0.346309  3021.95 0.254813 9.89732e-05
0.348993  3024.35 0.254813 9.88944e-05
0.351678  3026.8 0.254813 9.88144e-05
0.354362  3029.29 0.254813 9.87334e-05
0.357047  3031.81 0.254813 9.86511e-05
0.359732  3034.39 0.254813 9.85674e-05
0.362416  3037.01 0.254813 9.84822e-05
0.365101  3039.69 0.254813 9.83955e-05
0.367785  3042.42 0.254813 9.8307e-05
0.37047  3045.22 0.254813 9.82168e-05
0.373154  3048.08 0.254813 9.81245e-05
0.375839  3051.02 0.254813 9.80301e-05
0.378523  3054.03 0.254813 9.79335e-05
0.381208  3057.12 0.254813 9.78345e-05
0.383893  3060.29 0.254813 9.7733e-05
0.386577  3063.56 0.254813 9.76288e-05
0.389262  3066.92 0.254813 9.75218e-05
0.391946  3070.38 0.254813 9.74119e-05
0.394631  3073.95 0.254813 9.72989e-05
0.397315  3077.62 0.254813 9.71828e-05
0.4  3081.41 0.254813 9.70633e-05
0.402685  3085.32 0.254813 9.69403e-05
0.405369  3089.35 0.254813 9.68139e-05
0.408054  3093.5 0.254813 9.66838e-05
0.410738  3097.79 0.254813 9.65499e-05
0.413423  3102.21 0.254813 9.64123e-05
0.418792  3111.47 0.254813 9.61255e-05
0.424161  3121.29 0.254813 9.58231e-05
0.42953  3131.68 0.254813 9.55051e-05
0.434899  3142.65 0.254813 9.51718e-05
0.440268  3154.17 0.254813 9.48242e-05
0.445638  3166.21 0.254813 9.44635e-05
0.451007  3178.74 0.254813 9.40913e-05
0.456376  3191.68 0.254813 9.37098e-05
0.461745  3204.95 0.254813 9.33217e-05
0.467114  3218.46 0.254813 9.29301e-05
0.472483  3232.07 0.254813 9.25388e-05
0.477852  3245.63 0.254813 9.21522e-05
0.483221  3258.97 0.254813 9.1775e-05
0.488591  3271.87 0.254813 9.14131e-05
0.49396  3284.1 0.254813 9.10726e-05
0.499329  3295.38 0.254813 9.07608e-05
0.504698  3305.4 0.254813 9.04858e-05
0.510067  3313.79 0.254813 9.02567e-05
0.515436  3320.15 0.254813 9.00837e-05
0.520805  3324.04 0.254813 8.99785e-05
0.526174  3324.94 0.254813 8.9954e-05
0.531544  3322.33 0.254813 9.00248e-05
0.536913  3315.61 0.254813 9.02071e-05
0.542282  3304.2 0.254813 9.05187e-05
0.547651  3287.48 0.254813 9.09789e-05
0.55302  3264.9 0.254813 9.16081e-05
0.558389  3235.99 0.254813 9.24268e-05
0.563758  3200.4 0.254813 9.34545e-05
0.569128  3158.05 0.254813 9.47077e-05
0.574497  3109.18 0.254813 9.61963e-05
0.579866  3054.45 0.254813 9.79201e-05
0.585235  2995 0.254813 9.98638e-05
0.590604  2932.48 0.254813 0.000101993
0.595973  2869 0.254813 0.000104249
0.601342  2806.88 0.254813 0.000106557
0.606711  2748.43 0.254813 0.000108823
0.612081  2695.63 0.254813 0.000110954
0.61745  2649.84 0.254813 0.000112872
0.622819  2611.7 0.254813 0.00011452
0.628188  2581.17 0.254813 0.000115874
0.633557  2557.65 0.254813 0.00011694
0.638926  2540.21 0.254813 0.000117743
0.644295  2527.79 0.254813 0.000118321
0.649664  2519.34 0.254813 0.000118718
0.655034  2513.9 0.254813 0.000118975
0.660403  2510.67 0.254813 0.000119128
0.665772  2509.01 0.254813 0.000119207
0.671141  2508.41 0.254813 0.000119236
0.67651  2508.48 0.254813 0.000119232
0.681879  2508.96 0.254813 0.000119209
0.687248  2509.66 0.254813 0.000119176
0.692617  2510.43 0.254813 0.00011914
0.697987  2511.2 0.254813 0.000119103
0.703356  2511.92 0.254813 0.000119069
0.708725  2512.55 0.254813 0.000119039
0.714094  2513.1 0.254813 0.000119013
0.719463  2513.55 0.254813 0.000118992
0.724832  2513.92 0.254813 0.000118974
0.730201  2514.21 0.254813 0.00011896
0.73557  2514.44 0.254813 0.000118949
0.74094  2514.62 0.254813 0.000118941
0.746309  2514.75 0.254813 0.000118935
0.751678  2514.85 0.254813 0.00011893
0.757047  2514.92 0.254813 0.000118927
0.762416  2514.97 0.254813 0.000118924
0.767785  2515.01 0.254813 0.000118923
0.773154  2515.04 0.254813 0.000118921
0.778523  2515.05 0.254813 0.000118921
0.783893  2515.07 0.254813 0.00011892
0.789262  2515.07 0.254813 0.00011892
0.794631  2515.08 0.254813 0.000118919
0.8  2515.08 0.254813 0.000118919
