TITLE="Graphics"
VARIABLES= "x", "T", "Y fr", "rho"
-0.0219919  293 0 0.000871523
-0.013745  293 -1.25674e-07 0.000871523
-0.0085906  293 -7.65827e-08 0.000871523
-0.00536913  293 -9.5759e-08 0.000871523
0  293 -4.24914e-08 0.000871523
0.00536913  293 -9.5759e-08 0.000871523
0.0107383  293 -4.24914e-08 0.000871523
0.0161074  293 -9.5759e-08 0.000871523
0.0214765  293 -4.24914e-08 0.000871523
0.0268456  293 -9.5759e-08 0.000871523
0.0322148  293 -4.24914e-08 0.000871523
0.0375839  293 -9.5759e-08 0.000871523
0.042953  293 -4.24914e-08 0.000871523
0.0483221  293 -9.5759e-08 0.000871523
0.0536913  293 -4.24914e-08 0.000871523
0.0590604  293 -9.5759e-08 0.000871523
0.0644295  293 -4.24914e-08 0.000871523
0.0697987  293 -9.5759e-08 0.000871523
0.0751678  293 -4.24914e-08 0.000871523
0.0805369  293 -9.5759e-08 0.000871523
0.085906  293 -4.24914e-08 0.000871523
0.0912752  293 -9.5759e-08 0.000871523
0.0966443  293 -4.24914e-08 0.000871523
0.102013  293 -9.5759e-08 0.000871523
0.107383  293 -4.24914e-08 0.000871523
0.112752  293 -9.5759e-08 0.000871523
0.118121  293 -4.24914e-08 0.000871523
0.12349  293 -9.5759e-08 0.000871523
0.128859  293 -4.24914e-08 0.000871523
0.134228  293.001 -9.5759e-08 0.000871521
0.139597  292.996 -4.24914e-08 0.000871536
0.144966  293.022 -9.5759e-08 0.000871459
0.150336  292.961 -4.24913e-08 0.000871639
0.15302  292.969 -5.58083e-08 0.000871615
0.155705  293.069 -4.24913e-08 0.000871318
0.158389  293.379 -5.58083e-08 0.000870398
0.161074  294.074 -4.24913e-08 0.000868341
0.163758  295.375 -5.58083e-08 0.000864515
0.166443  297.518 -4.24913e-08 0.00085829
0.169128  300.708 -5.58083e-08 0.000849182
0.171812  305.09 -4.24913e-08 0.000836988
0.174497  310.717 -5.58084e-08 0.000821829
0.177181  317.561 -4.24909e-08 0.000804116
0.179866  325.525 -5.58082e-08 0.000784444
0.18255  334.471 -4.24892e-08 0.000763463
0.185235  344.243 -5.58086e-08 0.00074179
0.187919  354.689 -4.24915e-08 0.000719945
0.190604  365.667 -5.58188e-08 0.00069833
0.193289  377.058 -4.24947e-08 0.000677233
0.195973  388.761 -5.57309e-08 0.000656846
0.198658  400.694 -4.20682e-08 0.000637285
0.201342  412.794 -5.42354e-08 0.000618605
0.204027  425.01 -3.78502e-08 0.000600824
0.206711  437.306 -4.38845e-08 0.000583931
0.209396  449.651 -1.44069e-08 0.000567899
0.212081  462.024 4.90013e-09 0.00055269
0.214765  474.41 8.1385e-08 0.000538261
0.21745  486.797 1.83677e-07 0.000524564
0.220134  499.177 4.00009e-07 0.000511554
0.222819  511.545 7.31052e-07 0.000499187
0.225503  523.896 1.30362e-06 0.000487418
0.228188  536.229 2.19737e-06 0.000476208
0.230872  548.544 3.55027e-06 0.000465517
0.233557  560.841 5.76218e-06 0.000455311
0.236242  573.123 8.47207e-06 0.000445554
0.238926  585.394 1.39424e-05 0.000436216
0.241611  597.663 1.78976e-05 0.000427263
0.244295  609.942 3.18667e-05 0.000418664
0.24698  622.26 3.44353e-05 0.000410378
0.249664  634.669 6.66907e-05 0.000402361
0.252349  647.279 6.72556e-05 0.000394523
0.255034  660.314 0.000119211 0.000386746
0.257718  674.238 0.000142951 0.000378764
0.260403  690 0.000185595 0.000370121
0.263087  709.508 0.000283939 0.000359965
0.265772  736.496 0.00030002 0.000346777
0.268456  777.882 0.000487105 0.000328363
0.271141  845.401 0.000516223 0.000302143
0.273826  956.216 0.000851624 0.000267179
0.27651  1130.15 0.00122892 0.000226109
0.279195  1381.37 0.00352511 0.000185232
0.281879  1703.64 0.012764 0.000150994
0.284564  2055.24 0.0420569 0.000127319
0.287248  2371.67 0.0943025 0.00011383
0.289933  2608.69 0.150463 0.000107138
0.292617  2762.26 0.193882 0.000104018
0.295302  2852.51 0.221499 0.000102556
0.297987  2902.74 0.237257 0.000101836
0.300671  2930.17 0.24574 0.000101455
0.303356  2945.31 0.250172 0.000101232
0.30604  2954.05 0.252451 0.000101088
0.308725  2959.48 0.253614 0.000100981
0.311409  2963.23 0.254205 0.000100893
0.314094  2966.13 0.254505 0.000100815
0.316779  2968.6 0.254657 0.000100741
0.319463  2970.86 0.254734 0.00010067
0.322148  2973.01 0.254773 0.0001006
0.324832  2975.11 0.254793 0.00010053
0.327517  2977.19 0.254803 0.00010046
0.330201  2979.27 0.254808 0.000100391
0.332886  2981.35 0.25481 0.000100321
0.33557  2983.43 0.254812 0.000100251
0.338255  2985.52 0.254812 0.000100181
0.34094  2987.63 0.254813 0.00010011
0.343624  2989.74 0.254813 0.000100039
0.346309  2991.87 0.254813 9.99682e-05
0.348993  2994.01 0.254813 9.98968e-05
0.351678  2996.16 0.254813 9.9825e-05
0.354362  2998.33 0.254813 9.97528e-05
0.357047  3000.51 0.254813 9.96802e-05
0.359732  3002.72 0.254813 9.9607e-05
0.362416  3004.94 0.254813 9.95333e-05
0.365101  3007.18 0.254813 9.94591e-05
0.367785  3009.45 0.254813 9.93842e-05
0.37047  3011.74 0.254813 9.93086e-05
0.373154  3014.06 0.254813 9.92322e-05
0.375839  3016.4 0.254813 9.9155e-05
0.378523  3018.78 0.254813 9.90769e-05
0.381208  3021.19 0.254813 9.89979e-05
0.383893  3023.64 0.254813 9.89178e-05
0.386577  3026.12 0.254813 9.88366e-05
0.389262  3028.65 0.254813 9.87542e-05
0.391946  3031.22 0.254813 9.86705e-05
0.394631  3033.83 0.254813 9.85854e-05
0.397315  3036.5 0.254813 9.84988e-05
0.4  3039.22 0.254813 9.84106e-05
0.402685  3042 0.254813 9.83207e-05
0.405369  3044.84 0.254813 9.82291e-05
0.408054  3047.74 0.254813 9.81355e-05
0.410738  3050.71 0.254813 9.804e-05
0.413423  3053.75 0.254813 9.79424e-05
0.418792  3060.06 0.254813 9.77405e-05
0.424161  3066.69 0.254813 9.7529e-05
0.42953  3073.69 0.254813 9.73071e-05
0.434899  3081.06 0.254813 9.70741e-05
0.440268  3088.85 0.254813 9.68295e-05
0.445638  3097.06 0.254813 9.65727e-05
0.451007  3105.72 0.254813 9.63035e-05
0.456376  3114.83 0.254813 9.60218e-05
0.461745  3124.4 0.254813 9.57278e-05
0.467114  3134.41 0.254813 9.5422e-05
0.472483  3144.85 0.254813 9.51052e-05
0.477852  3155.69 0.254813 9.47784e-05
0.483221  3166.9 0.254813 9.4443e-05
0.488591  3178.41 0.254813 9.4101e-05
0.49396  3190.16 0.254813 9.37545e-05
0.499329  3202.05 0.254813 9.34063e-05
0.504698  3213.99 0.254813 9.30593e-05
0.510067  3225.84 0.254813 9.27174e-05
0.515436  3237.46 0.254813 9.23846e-05
0.520805  3248.68 0.254813 9.20656e-05
0.526174  3259.29 0.254813 9.17659e-05
0.531544  3269.07 0.254813 9.14914e-05
0.536913  3277.75 0.254813 9.1249e-05
0.542282  3285.05 0.254813 9.10464e-05
0.547651  3290.62 0.254813 9.08922e-05
0.55302  3294.11 0.254813 9.0796e-05
0.558389  3295.1 0.254813 9.07685e-05
0.563758  3293.17 0.254813 9.08218e-05
0.569128  3287.84 0.254813 9.09689e-05
0.574497  3278.64 0.254813 9.12243e-05
0.579866  3265.07 0.254813 9.16034e-05
0.585235  3246.67 0.254813 9.21225e-05
0.590604  3223.03 0.254813 9.27982e-05
0.595973  3193.84 0.254813 9.36464e-05
0.601342  3158.93 0.254813 9.46813e-05
0.606711  3118.36 0.254813 9.59132e-05
0.612081  3072.46 0.254813 9.7346e-05
0.61745  3021.9 0.254813 9.89746e-05
0.622819  2967.74 0.254813 0.000100781
0.628188  2911.38 0.254813 0.000102732
0.633557  2854.52 0.254813 0.000104778
0.638926  2799 0.254813 0.000106857
0.644295  2746.62 0.254813 0.000108894
0.649664  2698.92 0.254813 0.000110819
0.655034  2656.97 0.254813 0.000112569
0.660403  2621.35 0.254813 0.000114098
0.665772  2592.1 0.254813 0.000115386
0.671141  2568.85 0.254813 0.00011643
0.67651  2550.94 0.254813 0.000117247
0.681879  2537.58 0.254813 0.000117865
0.687248  2527.93 0.254813 0.000118315
0.692617  2521.2 0.254813 0.000118631
0.697987  2516.71 0.254813 0.000118842
0.703356  2513.88 0.254813 0.000118976
0.708725  2512.25 0.254813 0.000119053
0.714094  2511.45 0.254813 0.000119091
0.719463  2511.2 0.254813 0.000119103
0.724832  2511.3 0.254813 0.000119098
0.730201  2511.61 0.254813 0.000119084
0.73557  2512.02 0.254813 0.000119064
0.74094  2512.46 0.254813 0.000119043
0.746309  2512.9 0.254813 0.000119023
0.751678  2513.3 0.254813 0.000119003
0.757047  2513.66 0.254813 0.000118987
0.762416  2513.96 0.254813 0.000118972
0.767785  2514.21 0.254813 0.00011896
0.773154  2514.42 0.254813 0.000118951
0.778523  2514.58 0.254813 0.000118943
0.783893  2514.71 0.254813 0.000118937
0.789262  2514.81 0.254813 0.000118932
0.794631  2514.87 0.254813 0.000118929
0.8  2514.87 0.254813 0.000118929
