TITLE="Graphics"
VARIABLES= "x", "T", "Y fr", "rho"
-0.0219919  293 0 0.000871523
-0.013745  293 -1.25674e-07 0.000871523
-0.0085906  293 -7.65827e-08 0.000871523
-0.00536913  293 -9.5759e-08 0.000871523
0  293 -4.24914e-08 0.000871523
0.00536913  293 -9.5759e-08 0.000871523
0.0107383  293 -4.24914e-08 0.000871523
0.0161074  293 -9.5759e-08 0.000871523
0.0214765  293 -4.24914e-08 0.000871523
0.0268456  293 -9.57589e-08 0.000871523
0.0322148  293 -4.24919e-08 0.000871523
0.0375839  293 -9.57568e-08 0.000871523
0.042953  293 -4.24997e-08 0.000871523
0.0483221  293 -9.57281e-08 0.000871523
0.0536913  293 -4.26018e-08 0.000871523
0.0590604  293 -9.53807e-08 0.000871523
0.0644295  293 -4.37326e-08 0.000871523
0.0697987  293 -9.18701e-08 0.000871523
0.0751678  293 -5.40716e-08 0.000871523
0.0805369  293 -6.31951e-08 0.000871523
0.085906  293 -1.28157e-07 0.000871523
0.0912752  293 1.1205e-07 0.000871523
0.0966443  293 -4.95921e-07 0.000871523
0.102013  293 7.49911e-07 0.000871524
0.107383  293 -1.20793e-06 0.000871523
0.112752  293 2.35521e-07 0.000871523
0.118121  293 4.96441e-06 0.000871526
0.12349  293 -2.29504e-05 0.000871512
0.128859  293 6.81639e-05 0.000871557
0.134228  293 -0.000161298 0.000871443
0.139597  293 0.000313056 0.00087168
0.144966  293 -0.000495422 0.000871275
0.150336  293 0.000611632 0.000871829
0.15302  293 0.000315165 0.000871681
0.155705  293 0.000528523 0.000871788
0.158389  293 0.000185073 0.000871616
0.161074  293 0.000383639 0.000871715
0.163758  293 2.24251e-05 0.000871534
0.166443  293 0.000263581 0.000871655
0.169128  293 -9.13477e-05 0.000871477
0.171812  293 0.000188724 0.000871618
0.174497  293 -0.00013896 0.000871454
0.177181  293 0.000157371 0.000871602
0.179866  293 -0.000158552 0.000871444
0.18255  293 0.000157811 0.000871602
0.185235  293 -0.000166068 0.00087144
0.187919  293 0.000158549 0.000871602
0.190604  293 -0.000161593 0.000871442
0.193289  293 0.000158759 0.000871601
0.195973  293.001 -0.000163904 0.00087144
0.198658  293.001 0.000164508 0.000871603
0.201342  293.001 -0.000164644 0.000871437
0.204027  293.002 0.000162139 0.0008716
0.206711  293.002 -0.000162511 0.000871435
0.209396  293.003 0.000164506 0.000871596
0.212081  293.004 -0.000166078 0.000871427
0.214765  293.006 0.000164721 0.000871588
0.21745  293.008 -0.000163246 0.000871417
0.220134  293.011 0.000163907 0.000871572
0.222819  293.015 -0.000165948 0.000871394
0.225503  293.021 0.000165767 0.000871543
0.228188  293.03 -0.000164119 0.000871352
0.230872  293.043 0.00016383 0.000871478
0.233557  293.063 -0.000165646 0.000871254
0.236242  293.096 0.000165947 0.000871319
0.238926  293.156 -0.000164499 0.000870978
0.241611  293.266 0.000164008 0.000870813
0.244295  293.481 -0.000165589 0.000870012
0.24698  293.909 0.000165733 0.000868911
0.249664  294.779 -0.000164481 0.00086618
0.252349  296.568 0.000164441 0.000861118
0.255034  300.256 -0.000165713 0.00085038
0.257718  307.817 0.000165078 0.00082965
0.260403  323.056 -0.000164493 0.000790365
0.263087  352.694 0.000165333 0.000724085
0.265772  406.978 -0.000165109 0.000627386
0.268456  498.228 0.00016463 0.000512577
0.271141  637.285 -0.000165478 0.000400656
0.273826  830.594 0.000167 0.000307468
0.27651  1080.06 -3.844e-05 0.000236423
0.279195  1381.37 0.00241957 0.000185114
0.281879  1713.91 0.0161214 0.000150382
0.284564  2031.14 0.0586007 0.000130096
0.287248  2282.16 0.121448 0.000120275
0.289933  2447.85 0.177249 0.000116131
0.292617  2542.94 0.213903 0.000114469
0.295302  2592.86 0.234357 0.000113788
0.297987  2617.77 0.244857 0.000113495
0.300671  2629.9 0.250032 0.000113363
0.303356  2635.72 0.252531 0.000113302
0.30604  2638.5 0.253728 0.000113274
0.308725  2639.83 0.254297 0.00011326
0.311409  2640.46 0.254568 0.000113254
0.314094  2640.77 0.254697 0.00011325
0.316779  2640.92 0.254758 0.000113249
0.319463  2640.99 0.254787 0.000113248
0.322148  2641.03 0.254801 0.000113247
0.324832  2641.06 0.254807 0.000113247
0.327517  2641.07 0.25481 0.000113246
0.330201  2641.08 0.254812 0.000113246
0.332886  2641.09 0.254812 0.000113245
0.33557  2641.1 0.254813 0.000113245
0.338255  2641.11 0.254813 0.000113245
0.34094  2641.12 0.254813 0.000113244
0.343624  2641.13 0.254813 0.000113244
0.346309  2641.14 0.254813 0.000113243
0.348993  2641.15 0.254813 0.000113243
0.351678  2641.16 0.254813 0.000113243
0.354362  2641.17 0.254813 0.000113242
0.357047  2641.18 0.254813 0.000113242
0.359732  2641.19 0.254813 0.000113241
0.362416  2641.2 0.254813 0.000113241
0.365101  2641.21 0.254813 0.00011324
0.367785  2641.22 0.254813 0.00011324
0.37047  2641.23 0.254813 0.00011324
0.373154  2641.24 0.254813 0.000113239
0.375839  2641.25 0.254813 0.000113239
0.378523  2641.26 0.254813 0.000113238
0.381208  2641.27 0.254813 0.000113238
0.383893  2641.29 0.254813 0.000113237
0.386577  2641.3 0.254813 0.000113237
0.389262  2641.31 0.254813 0.000113236
0.391946  2641.32 0.254813 0.000113236
0.394631  2641.33 0.254813 0.000113235
0.397315  2641.35 0.254813 0.000113235
0.4  2641.36 0.254813 0.000113234
0.402685  2641.37 0.254813 0.000113233
0.405369  2641.39 0.254813 0.000113233
0.408054  2641.4 0.254813 0.000113232
0.410738  2641.41 0.254813 0.000113232
0.413423  2641.43 0.254813 0.000113231
0.418792  2641.46 0.254813 0.00011323
0.424161  2641.49 0.254813 0.000113229
0.42953  2641.52 0.254813 0.000113227
0.434899  2641.55 0.254813 0.000113226
0.440268  2641.58 0.254813 0.000113225
0.445638  2641.61 0.254813 0.000113223
0.451007  2641.65 0.254813 0.000113222
0.456376  2641.68 0.254813 0.00011322
0.461745  2641.72 0.254813 0.000113219
0.467114  2641.76 0.254813 0.000113217
0.472483  2641.8 0.254813 0.000113215
0.477852  2641.84 0.254813 0.000113214
0.483221  2641.88 0.254813 0.000113212
0.488591  2641.92 0.254813 0.00011321
0.49396  2641.96 0.254813 0.000113208
0.499329  2642.01 0.254813 0.000113206
0.504698  2642.05 0.254813 0.000113204
0.510067  2642.1 0.254813 0.000113202
0.515436  2642.15 0.254813 0.0001132
0.520805  2642.2 0.254813 0.000113198
0.526174  2642.25 0.254813 0.000113196
0.531544  2642.31 0.254813 0.000113193
0.536913  2642.36 0.254813 0.000113191
0.542282  2642.42 0.254813 0.000113189
0.547651  2642.48 0.254813 0.000113186
0.55302  2642.54 0.254813 0.000113183
0.558389  2642.6 0.254813 0.000113181
0.563758  2642.66 0.254813 0.000113178
0.569128  2642.73 0.254813 0.000113175
0.574497  2642.8 0.254813 0.000113172
0.579866  2642.87 0.254813 0.000113169
0.585235  2642.94 0.254813 0.000113166
0.590604  2643.01 0.254813 0.000113163
0.595973  2643.09 0.254813 0.00011316
0.601342  2643.17 0.254813 0.000113157
0.606711  2643.25 0.254813 0.000113153
0.612081  2643.33 0.254813 0.00011315
0.61745  2643.41 0.254813 0.000113146
0.622819  2643.5 0.254813 0.000113142
0.628188  2643.59 0.254813 0.000113138
0.633557  2643.68 0.254813 0.000113135
0.638926  2643.78 0.254813 0.00011313
0.644295  2643.87 0.254813 0.000113126
0.649664  2643.97 0.254813 0.000113122
0.655034  2644.08 0.254813 0.000113118
0.660403  2644.18 0.254813 0.000113113
0.665772  2644.29 0.254813 0.000113109
0.671141  2644.4 0.254813 0.000113104
0.67651  2644.51 0.254813 0.000113099
0.681879  2644.63 0.254813 0.000113094
0.687248  2644.75 0.254813 0.000113089
0.692617  2644.87 0.254813 0.000113084
0.697987  2645 0.254813 0.000113078
0.703356  2645.13 0.254813 0.000113073
0.708725  2645.26 0.254813 0.000113067
0.714094  2645.39 0.254813 0.000113061
0.719463  2645.53 0.254813 0.000113055
0.724832  2645.67 0.254813 0.000113049
0.730201  2645.82 0.254813 0.000113043
0.73557  2645.97 0.254813 0.000113037
0.74094  2646.12 0.254813 0.00011303
0.746309  2646.28 0.254813 0.000113023
0.751678  2646.44 0.254813 0.000113017
0.757047  2646.6 0.254813 0.00011301
0.762416  2646.77 0.254813 0.000113003
0.767785  2646.94 0.254813 0.000112995
0.773154  2647.1 0.254813 0.000112988
0.778523  2647.27 0.254813 0.000112981
0.783893  2647.42 0.254813 0.000112975
0.789262  2647.56 0.254813 0.000112969
0.794631  2647.64 0.254813 0.000112965
0.8  2647.64 0.254813 0.000112965
