TITLE="Graphics"
VARIABLES= "x", "T", "Y fr", "rho"
-0.0219919  293 0 0.000871523
-0.013745  293 -1.25674e-07 0.000871523
-0.0085906  293 -7.65827e-08 0.000871523
-0.00536913  293 -9.5759e-08 0.000871523
0  293 -4.24914e-08 0.000871523
0.00536913  293 -9.5759e-08 0.000871523
0.0107383  293 -4.24914e-08 0.000871523
0.0161074  293 -9.5759e-08 0.000871523
0.0214765  293 -4.24914e-08 0.000871523
0.0268456  293 -9.5759e-08 0.000871523
0.0322148  293 -4.24914e-08 0.000871523
0.0375839  293 -9.5759e-08 0.000871523
0.042953  293 -4.24914e-08 0.000871523
0.0483221  293 -9.5759e-08 0.000871523
0.0536913  293 -4.24914e-08 0.000871523
0.0590604  293 -9.5759e-08 0.000871523
0.0644295  293 -4.24914e-08 0.000871523
0.0697987  293 -9.5759e-08 0.000871523
0.0751678  293 -4.24914e-08 0.000871523
0.0805369  293 -9.5759e-08 0.000871523
0.085906  293 -4.24914e-08 0.000871523
0.0912752  293 -9.5759e-08 0.000871523
0.0966443  293 -4.24914e-08 0.000871523
0.102013  293 -9.5759e-08 0.000871523
0.107383  293 -4.24914e-08 0.000871523
0.112752  293 -9.5759e-08 0.000871523
0.118121  293 -4.24914e-08 0.000871523
0.12349  293 -9.5759e-08 0.000871523
0.128859  293 -4.24914e-08 0.000871523
0.134228  293.001 -9.5759e-08 0.000871519
0.139597  292.976 -4.24914e-08 0.000871594
0.144966  293.287 -9.5759e-08 0.00087067
0.150336  291.008 -4.24914e-08 0.000877487
0.15302  292.597 -5.58083e-08 0.000872723
0.155705  297.245 -4.24914e-08 0.000859076
0.158389  305.498 -5.58083e-08 0.00083587
0.161074  317.053 -4.24913e-08 0.000805406
0.163758  331.135 -5.58082e-08 0.000771155
0.166443  346.913 -4.24912e-08 0.000736082
0.169128  363.724 -5.58071e-08 0.000702061
0.171812  381.116 -4.2482e-08 0.000670023
0.174497  398.812 -5.5753e-08 0.000640292
0.177181  416.654 -4.22379e-08 0.000612874
0.179866  434.556 -5.4844e-08 0.000587626
0.18255  452.472 -3.93226e-08 0.000564358
0.185235  470.38 -4.65566e-08 0.000542873
0.187919  488.267 -1.80057e-08 0.000522984
0.190604  506.13 3.82311e-09 0.000504527
0.193289  523.964 9.27051e-08 0.000487354
0.195973  541.77 2.32194e-07 0.000471337
0.198658  559.547 5.38324e-07 0.000456362
0.201342  577.297 1.06001e-06 0.000442331
0.204027  595.022 2.01026e-06 0.000429155
0.206711  612.724 3.57661e-06 0.000416756
0.209396  630.408 6.16377e-06 0.000405066
0.212081  648.079 1.02167e-05 0.000394023
0.214765  665.743 1.64767e-05 0.00038357
0.21745  683.409 2.5819e-05 0.000373656
0.220134  701.087 3.95228e-05 0.000364237
0.222819  718.792 5.91246e-05 0.00035527
0.225503  736.538 8.67025e-05 0.000346715
0.228188  754.346 0.000124746 0.000338538
0.230872  772.24 0.000176458 0.000330703
0.233557  790.248 0.00024564 0.00032318
0.236242  808.406 0.000337018 0.000315937
0.238926  826.756 0.000456156 0.000308946
0.241611  845.35 0.000609815 0.000302177
0.244295  864.249 0.000805904 0.000295603
0.24698  883.53 0.00105391 0.000289193
0.249664  903.288 0.00136493 0.000282918
0.252349  923.643 0.00175223 0.000276745
0.255034  944.752 0.00223148 0.000270636
0.257718  966.832 0.00282156 0.000264545
0.260403  990.205 0.00354528 0.000258408
0.263087  1015.39 0.00443097 0.000252127
0.265772  1043.31 0.00551474 0.000245533
0.268456  1075.73 0.00684546 0.000238315
0.271141  1116.15 0.00849523 0.000229903
0.273826  1171.37 0.0105863 0.00021933
0.27651  1253.6 0.0133661 0.000205273
0.279195  1381.37 0.0174254 0.000186724
0.281879  1574.41 0.0243289 0.000164488
0.284564  1838.29 0.0377786 0.000141988
0.287248  2147.71 0.0634021 0.000123386
0.289933  2452.59 0.10204 0.000110593
0.292617  2709.07 0.145066 0.000102819
0.295302  2900.21 0.182482 9.83463e-05
0.297987  3031.85 0.209932 9.57611e-05
0.300671  3119.16 0.228014 9.41917e-05
0.303356  3177.13 0.239173 9.31596e-05
0.30604  3217.01 0.245802 9.24122e-05
0.308725  3246.23 0.249656 9.18167e-05
0.311409  3269.36 0.25187 9.13025e-05
0.314094  3289.08 0.253134 9.08323e-05
0.316779  3306.9 0.253853 9.03864e-05
0.319463  3323.68 0.254262 8.99549e-05
0.322148  3339.85 0.254496 8.95334e-05
0.324832  3355.63 0.254629 8.91203e-05
0.327517  3371.11 0.254705 8.87156e-05
0.330201  3386.3 0.254749 8.83202e-05
0.332886  3401.18 0.254775 8.79354e-05
0.33557  3415.68 0.25479 8.75629e-05
0.338255  3429.75 0.254799 8.72042e-05
0.34094  3443.31 0.254804 8.68612e-05
0.343624  3456.27 0.254807 8.65355e-05
0.346309  3468.57 0.254809 8.6229e-05
0.348993  3480.1 0.254811 8.59432e-05
0.351678  3490.79 0.254811 8.56801e-05
0.354362  3500.54 0.254812 8.54415e-05
0.357047  3509.26 0.254812 8.52293e-05
0.359732  3516.84 0.254812 8.50455e-05
0.362416  3523.18 0.254813 8.48924e-05
0.365101  3528.17 0.254813 8.47723e-05
0.367785  3531.7 0.254813 8.46878e-05
0.37047  3533.62 0.254813 8.46416e-05
0.373154  3533.82 0.254813 8.46369e-05
0.375839  3532.15 0.254813 8.46769e-05
0.378523  3528.46 0.254813 8.47654e-05
0.381208  3522.6 0.254813 8.49065e-05
0.383893  3514.4 0.254813 8.51046e-05
0.386577  3503.69 0.254813 8.53647e-05
0.389262  3490.31 0.254813 8.56921e-05
0.391946  3474.07 0.254813 8.60926e-05
0.394631  3454.81 0.254812 8.65726e-05
0.397315  3432.36 0.254812 8.71388e-05
0.4  3406.58 0.254812 8.77982e-05
0.402685  3377.34 0.254812 8.85583e-05
0.405369  3344.55 0.254811 8.94265e-05
0.408054  3308.16 0.25481 9.04102e-05
0.410738  3268.17 0.254809 9.15163e-05
0.413423  3224.66 0.254807 9.27509e-05
0.418792  3127.4 0.254801 9.5635e-05
0.424161  3019.5 0.254796 9.90521e-05
0.42953  2906.18 0.254792 0.000102914
0.434899  2794.72 0.254792 0.000107019
0.440268  2693.13 0.254795 0.000111056
0.445638  2608.01 0.254799 0.000114681
0.451007  2542.8 0.254804 0.000117622
0.456376  2497.45 0.254807 0.000119758
0.461745  2469.36 0.25481 0.000121121
0.467114  2454.8 0.254811 0.000121839
0.472483  2450 0.254812 0.000122078
0.477852  2451.71 0.254812 0.000121993
0.483221  2457.37 0.254813 0.000121712
0.488591  2465.08 0.254813 0.000121331
0.49396  2473.5 0.254813 0.000120918
0.499329  2481.73 0.254813 0.000120517
0.504698  2489.22 0.254813 0.000120155
0.510067  2495.67 0.254813 0.000119844
0.515436  2500.97 0.254813 0.00011959
0.520805  2505.15 0.254813 0.000119391
0.526174  2508.31 0.254813 0.00011924
0.531544  2510.63 0.254813 0.00011913
0.536913  2512.25 0.254813 0.000119053
0.542282  2513.35 0.254813 0.000119001
0.547651  2514.07 0.254813 0.000118967
0.55302  2514.52 0.254813 0.000118946
0.558389  2514.79 0.254813 0.000118933
0.563758  2514.95 0.254813 0.000118926
0.569128  2515.03 0.254813 0.000118922
0.574497  2515.07 0.254813 0.00011892
0.579866  2515.09 0.254813 0.000118919
0.585235  2515.1 0.254813 0.000118919
0.590604  2515.1 0.254813 0.000118918
0.595973  2515.1 0.254813 0.000118919
0.601342  2515.1 0.254813 0.000118919
0.606711  2515.09 0.254813 0.000118919
0.612081  2515.09 0.254813 0.000118919
0.61745  2515.09 0.254813 0.000118919
0.622819  2515.09 0.254813 0.000118919
0.628188  2515.09 0.254813 0.000118919
0.633557  2515.09 0.254813 0.000118919
0.638926  2515.09 0.254813 0.000118919
0.644295  2515.09 0.254813 0.000118919
0.649664  2515.09 0.254813 0.000118919
0.655034  2515.09 0.254813 0.000118919
0.660403  2515.09 0.254813 0.000118919
0.665772  2515.09 0.254813 0.000118919
0.671141  2515.09 0.254813 0.000118919
0.67651  2515.09 0.254813 0.000118919
0.681879  2515.09 0.254813 0.000118919
0.687248  2515.09 0.254813 0.000118919
0.692617  2515.09 0.254813 0.000118919
0.697987  2515.09 0.254813 0.000118919
0.703356  2515.09 0.254813 0.000118919
0.708725  2515.09 0.254813 0.000118919
0.714094  2515.09 0.254813 0.000118919
0.719463  2515.09 0.254813 0.000118919
0.724832  2515.09 0.254813 0.000118919
0.730201  2515.09 0.254813 0.000118919
0.73557  2515.09 0.254813 0.000118919
0.74094  2515.09 0.254813 0.000118919
0.746309  2515.09 0.254813 0.000118919
0.751678  2515.09 0.254813 0.000118919
0.757047  2515.09 0.254813 0.000118919
0.762416  2515.09 0.254813 0.000118919
0.767785  2515.09 0.254813 0.000118919
0.773154  2515.09 0.254813 0.000118919
0.778523  2515.09 0.254813 0.000118919
0.783893  2515.09 0.254813 0.000118919
0.789262  2515.09 0.254813 0.000118919
0.794631  2515.09 0.254813 0.000118919
0.8  2515.09 0.254813 0.000118919
