TITLE="Graphics"
VARIABLES= "x", "T", "Y fr", "rho"
-0.0219919  293 0 0.000871523
-0.013745  293 -2.38296e-09 0.000871523
-0.0085906  293 -1.45211e-09 0.000871523
-0.00536913  293 -1.81572e-09 0.000871523
0  293 -8.05688e-10 0.000871523
0.00536913  293 -1.81572e-09 0.000871523
0.0107383  293 -8.05685e-10 0.000871523
0.0161074  293 -1.81571e-09 0.000871523
0.0214765  293 -8.05682e-10 0.000871523
0.0268456  293 -1.81571e-09 0.000871523
0.0322148  293 -8.0568e-10 0.000871523
0.0375839  293 -1.81571e-09 0.000871523
0.042953  293 -8.05678e-10 0.000871523
0.0483221  293 -1.81571e-09 0.000871523
0.0536913  293 -8.05677e-10 0.000871523
0.0590604  293 -1.81571e-09 0.000871523
0.0644295  293 -8.05675e-10 0.000871523
0.0697987  293 -1.8157e-09 0.000871523
0.0751678  293 -8.05673e-10 0.000871523
0.0805369  293 -1.8157e-09 0.000871523
0.085906  293 -8.05672e-10 0.000871523
0.0912752  293 -1.8157e-09 0.000871523
0.0966443  293 -8.0567e-10 0.000871523
0.102013  293 -1.8157e-09 0.000871523
0.107383  293 -8.05668e-10 0.000871523
0.112752  293 -1.8157e-09 0.000871523
0.118121  293 -8.05666e-10 0.000871523
0.12349  293 -1.8157e-09 0.000871523
0.128859  293 -8.05664e-10 0.000871523
0.134228  293.001 -1.8157e-09 0.000871521
0.139597  293.003 -8.05662e-10 0.000871515
0.144966  293.009 -1.81569e-09 0.000871495
0.150336  293.03 -8.05695e-10 0.000871434
0.15302  293.053 -1.0581e-09 0.000871364
0.155705  293.09 -8.05867e-10 0.000871255
0.158389  293.146 -1.05762e-09 0.000871089
0.161074  293.229 -8.06939e-10 0.000870843
0.163758  293.349 -1.05546e-09 0.000870487
0.166443  293.519 -8.10746e-10 0.000869982
0.169128  293.755 -1.04976e-09 0.000869282
0.171812  294.078 -8.17501e-10 0.00086833
0.174497  294.508 -1.04457e-09 0.00086706
0.177181  295.073 -8.17466e-10 0.0008654
0.179866  295.801 -1.04973e-09 0.000863272
0.18255  296.721 -8.23199e-10 0.000860594
0.185235  297.865 -9.7568e-10 0.000857288
0.187919  299.264 -1.12402e-09 0.000853282
0.190604  300.946 -2.33249e-11 0.000848513
0.193289  302.936 -3.87768e-09 0.000842937
0.195973  305.258 7.54459e-09 0.000836527
0.198658  307.926 -2.35782e-08 0.000829279
0.201342  310.951 5.55608e-08 0.000821211
0.204027  314.338 -1.32242e-07 0.000812362
0.206711  318.086 2.82503e-07 0.00080279
0.209396  322.189 -5.6677e-07 0.000792567
0.212081  326.634 1.03851e-06 0.000781781
0.214765  331.409 -1.74755e-06 0.000770517
0.21745  336.495 2.66723e-06 0.000758872
0.220134  341.874 -3.68433e-06 0.00074693
0.222819  347.527 4.57481e-06 0.000734782
0.225503  353.439 -5.11901e-06 0.000722488
0.228188  359.596 5.21531e-06 0.000710122
0.230872  365.995 -5.00461e-06 0.000697703
0.233557  372.643 4.75143e-06 0.000685259
0.236242  379.572 -4.63745e-06 0.000672746
0.238926  386.849 4.56624e-06 0.000660094
0.241611  394.604 -4.32785e-06 0.00064712
0.244295  403.061 3.92775e-06 0.000633544
0.24698  412.606 -3.51451e-06 0.000618885
0.249664  423.874 3.33561e-06 0.000602435
0.252349  437.883 -2.91676e-06 0.00058316
0.255034  456.207 2.72279e-06 0.000559739
0.257718  481.178 -1.9844e-06 0.000530689
0.260403  516.045 2.38384e-06 0.000494834
0.263087  564.964 -1.03846e-06 0.000451986
0.265772  632.712 2.5701e-06 0.000403591
0.268456  724.095 2.84351e-06 0.000352656
0.271141  843.238 2.76218e-05 0.000302833
0.273826  992.909 0.000200819 0.00025721
0.27651  1173.61 0.00128447 0.000217742
0.279195  1381.37 0.00615633 0.000185513
0.281879  1603.98 0.0215729 0.000161197
0.284564  1819.47 0.0552172 0.000144939
0.287248  2002.66 0.105284 0.000135708
0.289933  2138.01 0.156883 0.000131253
0.292617  2226.18 0.196959 0.000129323
0.295302  2278.54 0.222826 0.000128502
0.297987  2307.96 0.237796 0.000128126
0.300671  2324.13 0.245951 0.000127928
0.303356  2333.1 0.250251 0.000127803
0.30604  2338.27 0.25248 0.000127711
0.308725  2341.47 0.253624 0.000127635
0.311409  2343.67 0.254209 0.000127565
0.314094  2345.37 0.254506 0.000127498
0.316779  2346.81 0.254657 0.000127433
0.319463  2348.12 0.254734 0.000127368
0.322148  2349.37 0.254773 0.000127304
0.324832  2350.6 0.254793 0.000127239
0.327517  2351.82 0.254803 0.000127174
0.330201  2353.04 0.254808 0.000127108
0.332886  2354.26 0.25481 0.000127043
0.33557  2355.49 0.254812 0.000126976
0.338255  2356.72 0.254812 0.00012691
0.34094  2357.97 0.254813 0.000126843
0.343624  2359.22 0.254813 0.000126776
0.346309  2360.48 0.254813 0.000126708
0.348993  2361.75 0.254813 0.00012664
0.351678  2363.03 0.254813 0.000126571
0.354362  2364.32 0.254813 0.000126502
0.357047  2365.61 0.254813 0.000126433
0.359732  2366.92 0.254813 0.000126363
0.362416  2368.23 0.254813 0.000126293
0.365101  2369.55 0.254813 0.000126223
0.367785  2370.88 0.254813 0.000126152
0.37047  2372.22 0.254813 0.000126081
0.373154  2373.57 0.254813 0.000126009
0.375839  2374.93 0.254813 0.000125937
0.378523  2376.29 0.254813 0.000125865
0.381208  2377.67 0.254813 0.000125792
0.383893  2379.05 0.254813 0.000125719
0.386577  2380.44 0.254813 0.000125645
0.389262  2381.84 0.254813 0.000125571
0.391946  2383.25 0.254813 0.000125497
0.394631  2384.67 0.254813 0.000125422
0.397315  2386.1 0.254813 0.000125347
0.4  2387.54 0.254813 0.000125272
0.402685  2388.99 0.254813 0.000125196
0.405369  2390.44 0.254813 0.00012512
0.408054  2391.91 0.254813 0.000125043
0.410738  2393.38 0.254813 0.000124966
0.413423  2394.86 0.254813 0.000124889
0.418792  2397.86 0.254813 0.000124733
0.424161  2400.89 0.254813 0.000124576
0.42953  2403.95 0.254813 0.000124417
0.434899  2407.05 0.254813 0.000124256
0.440268  2410.19 0.254813 0.000124095
0.445638  2413.36 0.254813 0.000123931
0.451007  2416.57 0.254813 0.000123767
0.456376  2419.82 0.254813 0.000123601
0.461745  2423.1 0.254813 0.000123433
0.467114  2426.42 0.254813 0.000123264
0.472483  2429.78 0.254813 0.000123094
0.477852  2433.17 0.254813 0.000122923
0.483221  2436.6 0.254813 0.00012275
0.488591  2440.06 0.254813 0.000122575
0.49396  2443.56 0.254813 0.0001224
0.499329  2447.1 0.254813 0.000122223
0.504698  2450.67 0.254813 0.000122045
0.510067  2454.28 0.254813 0.000121865
0.515436  2457.93 0.254813 0.000121684
0.520805  2461.62 0.254813 0.000121502
0.526174  2465.34 0.254813 0.000121319
0.531544  2469.1 0.254813 0.000121134
0.536913  2472.9 0.254813 0.000120948
0.542282  2476.74 0.254813 0.00012076
0.547651  2480.62 0.254813 0.000120571
0.55302  2484.54 0.254813 0.000120381
0.558389  2488.5 0.254813 0.00012019
0.563758  2492.5 0.254813 0.000119997
0.569128  2496.55 0.254813 0.000119802
0.574497  2500.64 0.254813 0.000119606
0.579866  2504.77 0.254813 0.000119409
0.585235  2508.95 0.254813 0.00011921
0.590604  2513.18 0.254813 0.000119009
0.595973  2517.46 0.254813 0.000118807
0.601342  2521.79 0.254813 0.000118603
0.606711  2526.17 0.254813 0.000118397
0.612081  2530.61 0.254813 0.00011819
0.61745  2535.09 0.254813 0.00011798
0.622819  2539.64 0.254813 0.000117769
0.628188  2544.24 0.254813 0.000117556
0.633557  2548.89 0.254813 0.000117342
0.638926  2553.61 0.254813 0.000117125
0.644295  2558.38 0.254813 0.000116907
0.649664  2563.21 0.254813 0.000116686
0.655034  2568.1 0.254813 0.000116464
0.660403  2573.05 0.254813 0.00011624
0.665772  2578.05 0.254813 0.000116015
0.671141  2583.11 0.254813 0.000115788
0.67651  2588.21 0.254813 0.000115559
0.681879  2593.37 0.254813 0.000115329
0.687248  2598.57 0.254813 0.000115098
0.692617  2603.82 0.254813 0.000114867
0.697987  2609.09 0.254813 0.000114634
0.703356  2614.4 0.254813 0.000114402
0.708725  2619.73 0.254813 0.000114169
0.714094  2625.07 0.254813 0.000113936
0.719463  2630.42 0.254813 0.000113705
0.724832  2635.76 0.254813 0.000113474
0.730201  2641.09 0.254813 0.000113246
0.73557  2646.38 0.254813 0.000113019
0.74094  2651.63 0.254813 0.000112795
0.746309  2656.82 0.254813 0.000112575
0.751678  2661.93 0.254813 0.000112359
0.757047  2666.94 0.254813 0.000112148
0.762416  2671.82 0.254813 0.000111943
0.767785  2676.52 0.254813 0.000111747
0.773154  2680.98 0.254813 0.00011156
0.778523  2685.13 0.254813 0.000111388
0.783893  2688.79 0.254813 0.000111236
0.789262  2691.74 0.254813 0.000111114
0.794631  2693.56 0.254813 0.000111039
0.8  2693.56 0.254813 0.000111039
