TITLE="Graphics"
VARIABLES= "x", "T", "Y fr", "rho"
-0.0219919  293 0 0.000871523
-0.013745  293 -2.38296e-09 0.000871523
-0.0085906  293 -1.45211e-09 0.000871523
-0.00536913  293 -1.81572e-09 0.000871523
0  293 -8.05686e-10 0.000871523
0.00536913  293 -1.81571e-09 0.000871523
0.0107383  293 -8.0568e-10 0.000871523
0.0161074  293 -1.81571e-09 0.000871523
0.0214765  293 -8.05675e-10 0.000871523
0.0268456  293 -1.8157e-09 0.000871523
0.0322148  293 -8.0567e-10 0.000871523
0.0375839  293 -1.8157e-09 0.000871523
0.042953  293 -8.05665e-10 0.000871523
0.0483221  293 -1.81569e-09 0.000871523
0.0536913  293 -8.05661e-10 0.000871523
0.0590604  293 -1.81569e-09 0.000871523
0.0644295  293 -8.0566e-10 0.000871523
0.0697987  293 -1.81568e-09 0.000871523
0.0751678  293 -8.05691e-10 0.000871523
0.0805369  293 -1.81556e-09 0.000871523
0.085906  293 -8.06064e-10 0.000871523
0.0912752  293 -1.81433e-09 0.000871523
0.0966443  293 -8.1019e-10 0.000871523
0.102013  293 -1.79968e-09 0.000871523
0.107383  293 -8.64953e-10 0.000871523
0.112752  293 -1.58805e-09 0.000871523
0.118121  293 -1.68711e-09 0.000871523
0.12349  293 1.54483e-09 0.000871523
0.128859  293 -1.31914e-08 0.000871523
0.134228  293 4.17659e-08 0.000871523
0.139597  293 -1.45851e-07 0.000871522
0.144966  293.001 4.50923e-07 0.000871522
0.150336  293.001 -1.31349e-06 0.000871519
0.15302  293.002 2.66775e-07 0.000871518
0.155705  293.002 -1.42143e-06 0.000871515
0.158389  293.004 1.62594e-06 0.000871514
0.161074  293.005 -2.55482e-06 0.000871507
0.163758  293.007 3.30761e-06 0.000871504
0.166443  293.009 -4.21677e-06 0.000871493
0.169128  293.013 4.94017e-06 0.000871487
0.171812  293.018 -5.42869e-06 0.000871468
0.174497  293.024 5.52645e-06 0.000871456
0.177181  293.031 -5.24926e-06 0.000871427
0.179866  293.042 4.69645e-06 0.000871402
0.18255  293.055 -4.08252e-06 0.000871358
0.185235  293.072 3.59289e-06 0.000871312
0.187919  293.093 -3.30751e-06 0.000871245
0.190604  293.12 3.12165e-06 0.000871167
0.193289  293.154 -2.85405e-06 0.000871063
0.195973  293.197 2.37813e-06 0.00087094
0.198658  293.25 -1.76678e-06 0.00087078
0.201342  293.315 1.20793e-06 0.000870588
0.204027  293.395 -8.39837e-07 0.000870348
0.206711  293.494 5.82093e-07 0.000870056
0.209396  293.615 -2.53735e-07 0.000869699
0.212081  293.762 -2.20813e-07 0.000869264
0.214765  293.941 6.89251e-07 0.000868734
0.21745  294.16 -9.95516e-07 0.000868086
0.220134  294.429 1.18211e-06 0.000867293
0.222819  294.763 -1.44375e-06 0.000866309
0.225503  295.183 1.80326e-06 0.000865079
0.228188  295.721 -2.09232e-06 0.000863504
0.230872  296.425 2.22288e-06 0.000861454
0.233557  297.374 -2.3609e-06 0.000858703
0.236242  298.69 2.60323e-06 0.000854922
0.238926  300.569 -2.80872e-06 0.000849576
0.241611  303.322 2.87213e-06 0.000841867
0.244295  307.444 -2.96236e-06 0.000830578
0.24698  313.704 3.13696e-06 0.000814005
0.249664  323.281 -3.22332e-06 0.000789887
0.252349  337.91 3.23567e-06 0.000755695
0.255034  360.013 -3.35169e-06 0.000709297
0.257718  392.722 3.41124e-06 0.000650223
0.260403  439.683 -3.40316e-06 0.000580772
0.263087  504.611 3.4956e-06 0.000506047
0.265772  590.735 -3.44787e-06 0.000432268
0.268456  700.406 4.46182e-06 0.000364584
0.271141  834.989 1.37189e-05 0.000305823
0.273826  994.826 0.000206584 0.000256715
0.27651  1178.64 0.00150986 0.000216842
0.279195  1381.37 0.00742728 0.000185648
0.281879  1590.88 0.0252044 0.000162868
0.284564  1787.29 0.0617318 0.000148121
0.287248  1949.56 0.113103 0.000140073
0.289933  2066.42 0.163694 0.000136386
0.292617  2140.84 0.201724 0.000134894
0.295302  2184.07 0.22574 0.000134318
0.297987  2207.76 0.239445 0.000134088
0.300671  2220.32 0.246843 0.000133988
0.303356  2226.89 0.250721 0.000133941
0.30604  2230.31 0.252723 0.000133915
0.308725  2232.11 0.253748 0.000133899
0.311409  2233.07 0.254271 0.000133888
0.314094  2233.62 0.254538 0.00013388
0.316779  2233.95 0.254673 0.000133872
0.319463  2234.17 0.254742 0.000133865
0.322148  2234.33 0.254777 0.000133858
0.324832  2234.47 0.254795 0.000133852
0.327517  2234.6 0.254804 0.000133845
0.330201  2234.72 0.254808 0.000133838
0.332886  2234.84 0.254811 0.000133831
0.33557  2234.96 0.254812 0.000133824
0.338255  2235.08 0.254812 0.000133817
0.34094  2235.2 0.254813 0.00013381
0.343624  2235.32 0.254813 0.000133803
0.346309  2235.44 0.254813 0.000133795
0.348993  2235.57 0.254813 0.000133788
0.351678  2235.69 0.254813 0.00013378
0.354362  2235.82 0.254813 0.000133773
0.357047  2235.95 0.254813 0.000133765
0.359732  2236.08 0.254813 0.000133757
0.362416  2236.22 0.254813 0.000133749
0.365101  2236.35 0.254813 0.000133741
0.367785  2236.49 0.254813 0.000133733
0.37047  2236.62 0.254813 0.000133725
0.373154  2236.76 0.254813 0.000133716
0.375839  2236.91 0.254813 0.000133708
0.378523  2237.05 0.254813 0.000133699
0.381208  2237.2 0.254813 0.00013369
0.383893  2237.34 0.254813 0.000133682
0.386577  2237.49 0.254813 0.000133673
0.389262  2237.65 0.254813 0.000133664
0.391946  2237.8 0.254813 0.000133654
0.394631  2237.95 0.254813 0.000133645
0.397315  2238.11 0.254813 0.000133636
0.4  2238.27 0.254813 0.000133626
0.402685  2238.43 0.254813 0.000133617
0.405369  2238.6 0.254813 0.000133607
0.408054  2238.76 0.254813 0.000133597
0.410738  2238.93 0.254813 0.000133587
0.413423  2239.1 0.254813 0.000133577
0.418792  2239.44 0.254813 0.000133556
0.424161  2239.8 0.254813 0.000133535
0.42953  2240.16 0.254813 0.000133513
0.434899  2240.53 0.254813 0.000133491
0.440268  2240.91 0.254813 0.000133469
0.445638  2241.31 0.254813 0.000133445
0.451007  2241.71 0.254813 0.000133421
0.456376  2242.12 0.254813 0.000133397
0.461745  2242.53 0.254813 0.000133372
0.467114  2242.96 0.254813 0.000133347
0.472483  2243.4 0.254813 0.00013332
0.477852  2243.85 0.254813 0.000133294
0.483221  2244.31 0.254813 0.000133266
0.488591  2244.79 0.254813 0.000133238
0.49396  2245.27 0.254813 0.00013321
0.499329  2245.76 0.254813 0.00013318
0.504698  2246.27 0.254813 0.000133151
0.510067  2246.78 0.254813 0.00013312
0.515436  2247.31 0.254813 0.000133089
0.520805  2247.85 0.254813 0.000133057
0.526174  2248.4 0.254813 0.000133024
0.531544  2248.96 0.254813 0.000132991
0.536913  2249.54 0.254813 0.000132957
0.542282  2250.13 0.254813 0.000132922
0.547651  2250.73 0.254813 0.000132887
0.55302  2251.34 0.254813 0.000132851
0.558389  2251.97 0.254813 0.000132814
0.563758  2252.61 0.254813 0.000132776
0.569128  2253.26 0.254813 0.000132737
0.574497  2253.92 0.254813 0.000132698
0.579866  2254.6 0.254813 0.000132658
0.585235  2255.3 0.254813 0.000132617
0.590604  2256.01 0.254813 0.000132576
0.595973  2256.73 0.254813 0.000132533
0.601342  2257.46 0.254813 0.00013249
0.606711  2258.21 0.254813 0.000132446
0.612081  2258.98 0.254813 0.000132401
0.61745  2259.76 0.254813 0.000132355
0.622819  2260.56 0.254813 0.000132309
0.628188  2261.37 0.254813 0.000132261
0.633557  2262.19 0.254813 0.000132213
0.638926  2263.03 0.254813 0.000132164
0.644295  2263.89 0.254813 0.000132114
0.649664  2264.76 0.254813 0.000132063
0.655034  2265.65 0.254813 0.000132011
0.660403  2266.56 0.254813 0.000131959
0.665772  2267.48 0.254813 0.000131905
0.671141  2268.42 0.254813 0.00013185
0.67651  2269.37 0.254813 0.000131795
0.681879  2270.34 0.254813 0.000131739
0.687248  2271.33 0.254813 0.000131681
0.692617  2272.34 0.254813 0.000131623
0.697987  2273.36 0.254813 0.000131564
0.703356  2274.4 0.254813 0.000131504
0.708725  2275.46 0.254813 0.000131443
0.714094  2276.53 0.254813 0.000131381
0.719463  2277.62 0.254813 0.000131318
0.724832  2278.73 0.254813 0.000131254
0.730201  2279.86 0.254813 0.000131189
0.73557  2281 0.254813 0.000131123
0.74094  2282.15 0.254813 0.000131057
0.746309  2283.32 0.254813 0.00013099
0.751678  2284.5 0.254813 0.000130922
0.757047  2285.69 0.254813 0.000130854
0.762416  2286.87 0.254813 0.000130786
0.767785  2288.04 0.254813 0.000130719
0.773154  2289.18 0.254813 0.000130654
0.778523  2290.26 0.254813 0.000130593
0.783893  2291.23 0.254813 0.000130538
0.789262  2292.01 0.254813 0.000130493
0.794631  2292.49 0.254813 0.000130466
0.8  2292.49 0.254813 0.000130466
