TITLE="Graphics"
VARIABLES= "x", "T", "Y fr", "rho"
-0.0219919  293 0 0.000871523
-0.013745  293 -2.38296e-09 0.000871523
-0.0085906  293 -1.45211e-09 0.000871523
-0.00536913  293 -1.81572e-09 0.000871523
0  293 -8.0569e-10 0.000871523
0.00536913  293 -1.81572e-09 0.000871523
0.0107383  293 -8.05687e-10 0.000871523
0.0161074  293 -1.81572e-09 0.000871523
0.0214765  293 -8.05685e-10 0.000871523
0.0268456  293 -1.81571e-09 0.000871523
0.0322148  293 -8.05684e-10 0.000871523
0.0375839  293 -1.81571e-09 0.000871523
0.042953  293 -8.05682e-10 0.000871523
0.0483221  293 -1.81571e-09 0.000871523
0.0536913  293 -8.0568e-10 0.000871523
0.0590604  293 -1.81571e-09 0.000871523
0.0644295  293 -8.05679e-10 0.000871523
0.0697987  293 -1.81571e-09 0.000871523
0.0751678  293 -8.05677e-10 0.000871523
0.0805369  293 -1.81571e-09 0.000871523
0.085906  293 -8.05675e-10 0.000871523
0.0912752  293 -1.8157e-09 0.000871523
0.0966443  293 -8.05674e-10 0.000871523
0.102013  293 -1.8157e-09 0.000871523
0.107383  293 -8.05672e-10 0.000871523
0.112752  293 -1.8157e-09 0.000871523
0.118121  293 -8.0567e-10 0.000871523
0.12349  293 -1.8157e-09 0.000871523
0.128859  293 -8.05668e-10 0.000871523
0.134228  293 -1.8157e-09 0.000871522
0.139597  293.003 -8.05666e-10 0.000871516
0.144966  293.013 -1.8157e-09 0.000871484
0.150336  293.06 -8.05664e-10 0.000871345
0.15302  293.129 -1.05817e-09 0.00087114
0.155705  293.246 -8.05663e-10 0.000870793
0.158389  293.434 -1.05817e-09 0.000870233
0.161074  293.727 -8.0566e-10 0.000869366
0.163758  294.165 -1.05817e-09 0.000868071
0.166443  294.798 -8.05673e-10 0.000866208
0.169128  295.683 -1.05809e-09 0.000863616
0.171812  296.882 -8.05958e-10 0.000860128
0.174497  298.46 -1.05726e-09 0.00085558
0.177181  300.479 -8.07972e-10 0.000849832
0.179866  302.993 -1.05295e-09 0.00084278
0.18255  306.046 -8.15264e-10 0.000834371
0.185235  309.669 -1.04385e-09 0.00082461
0.187919  313.875 -8.21953e-10 0.000813561
0.190604  318.662 -1.04843e-09 0.000801338
0.193289  324.016 -7.99492e-10 0.000788098
0.195973  329.908 -1.07198e-09 0.000774022
0.198658  336.303 -7.91014e-10 0.000759304
0.201342  343.158 -1.00709e-09 0.000744136
0.204027  350.428 -9.63279e-10 0.000728698
0.206711  358.067 -5.9447e-10 0.000713152
0.209396  366.03 -2.42497e-09 0.000697638
0.212081  374.274 3.75232e-09 0.000682271
0.214765  382.76 -1.49286e-08 0.000667145
0.21745  391.452 3.72531e-08 0.000652331
0.220134  400.319 -9.18119e-08 0.000637882
0.222819  409.334 2.1777e-07 0.000623834
0.225503  418.474 -4.31016e-07 0.000610208
0.228188  427.724 8.84083e-07 0.000597013
0.230872  437.072 -1.41718e-06 0.000584242
0.233557  446.52 2.45891e-06 0.000571881
0.236242  456.082 -3.06842e-06 0.00055989
0.238926  465.796 4.58405e-06 0.000548216
0.241611  475.739 -4.08133e-06 0.000536756
0.244295  486.048 6.08104e-06 0.000525374
0.24698  496.967 -3.14159e-06 0.000513828
0.249664  508.908 7.63886e-06 0.000501775
0.252349  522.556 -7.18204e-07 0.000488667
0.255034  539.021 1.11335e-05 0.000473744
0.257718  560.047 4.42504e-06 0.000455956
0.260403  588.271 1.74442e-05 0.000434084
0.263087  627.447 1.41695e-05 0.00040698
0.265772  682.519 3.05271e-05 0.000374144
0.268456  759.343 3.75954e-05 0.000336293
0.271141  863.963 9.12288e-05 0.000295579
0.273826  1001.52 0.000295381 0.000255013
0.27651  1174.74 0.00133773 0.000217539
0.279195  1381.37 0.0056594 0.00018546
0.281879  1610 0.0194013 0.000160392
0.284564  1837.81 0.0504173 0.000143086
0.287248  2036.76 0.0986037 0.000132894
0.289933  2187.53 0.150376 0.000127758
0.292617  2288.08 0.191997 0.000125421
0.295302  2349.07 0.219572 0.000124377
0.297987  2384.03 0.235841 0.000123877
0.300671  2403.66 0.244833 0.000123603
0.303356  2414.82 0.24963 0.000123427
0.30604  2421.47 0.252141 0.000123295
0.308725  2425.76 0.253441 0.000123184
0.311409  2428.84 0.25411 0.000123084
0.314094  2431.3 0.254454 0.000122988
0.316779  2433.44 0.25463 0.000122894
0.319463  2435.42 0.25472 0.000122801
0.322148  2437.34 0.254765 0.000122709
0.324832  2439.22 0.254789 0.000122616
0.327517  2441.08 0.254801 0.000122523
0.330201  2442.95 0.254807 0.00012243
0.332886  2444.82 0.25481 0.000122336
0.33557  2446.7 0.254811 0.000122243
0.338255  2448.59 0.254812 0.000122148
0.34094  2450.49 0.254813 0.000122054
0.343624  2452.39 0.254813 0.000121959
0.346309  2454.31 0.254813 0.000121864
0.348993  2456.24 0.254813 0.000121768
0.351678  2458.17 0.254813 0.000121672
0.354362  2460.12 0.254813 0.000121576
0.357047  2462.08 0.254813 0.000121479
0.359732  2464.04 0.254813 0.000121382
0.362416  2466.02 0.254813 0.000121285
0.365101  2468.01 0.254813 0.000121187
0.367785  2470 0.254813 0.00012109
0.37047  2472.01 0.254813 0.000120991
0.373154  2474.03 0.254813 0.000120893
0.375839  2476.05 0.254813 0.000120794
0.378523  2478.09 0.254813 0.000120694
0.381208  2480.14 0.254813 0.000120595
0.383893  2482.19 0.254813 0.000120495
0.386577  2484.26 0.254813 0.000120395
0.389262  2486.33 0.254813 0.000120294
0.391946  2488.42 0.254813 0.000120193
0.394631  2490.52 0.254813 0.000120092
0.397315  2492.62 0.254813 0.000119991
0.4  2494.74 0.254813 0.000119889
0.402685  2496.86 0.254813 0.000119787
0.405369  2499 0.254813 0.000119684
0.408054  2501.15 0.254813 0.000119582
0.410738  2503.31 0.254813 0.000119478
0.413423  2505.48 0.254813 0.000119375
0.418792  2509.85 0.254813 0.000119167
0.424161  2514.27 0.254813 0.000118957
0.42953  2518.74 0.254813 0.000118746
0.434899  2523.26 0.254813 0.000118534
0.440268  2527.84 0.254813 0.000118319
0.445638  2532.47 0.254813 0.000118103
0.451007  2537.17 0.254813 0.000117884
0.456376  2541.93 0.254813 0.000117663
0.461745  2546.76 0.254813 0.00011744
0.467114  2551.67 0.254813 0.000117214
0.472483  2556.66 0.254813 0.000116985
0.477852  2561.73 0.254813 0.000116754
0.483221  2566.9 0.254813 0.000116519
0.488591  2572.16 0.254813 0.00011628
0.49396  2577.52 0.254813 0.000116038
0.499329  2583 0.254813 0.000115793
0.504698  2588.58 0.254813 0.000115543
0.510067  2594.28 0.254813 0.000115289
0.515436  2600.1 0.254813 0.000115031
0.520805  2606.05 0.254813 0.000114768
0.526174  2612.11 0.254813 0.000114502
0.531544  2618.31 0.254813 0.000114231
0.536913  2624.62 0.254813 0.000113956
0.542282  2631.06 0.254813 0.000113677
0.547651  2637.61 0.254813 0.000113395
0.55302  2644.27 0.254813 0.00011311
0.558389  2651.02 0.254813 0.000112821
0.563758  2657.86 0.254813 0.000112531
0.569128  2664.76 0.254813 0.00011224
0.574497  2671.72 0.254813 0.000111947
0.579866  2678.7 0.254813 0.000111656
0.585235  2685.68 0.254813 0.000111365
0.590604  2692.63 0.254813 0.000111078
0.595973  2699.52 0.254813 0.000110794
0.601342  2706.32 0.254813 0.000110516
0.606711  2712.97 0.254813 0.000110245
0.612081  2719.45 0.254813 0.000109983
0.61745  2725.68 0.254813 0.000109731
0.622819  2731.64 0.254813 0.000109492
0.628188  2737.26 0.254813 0.000109267
0.633557  2742.48 0.254813 0.000109059
0.638926  2747.24 0.254813 0.00010887
0.644295  2751.49 0.254813 0.000108702
0.649664  2755.14 0.254813 0.000108558
0.655034  2758.15 0.254813 0.000108439
0.660403  2760.44 0.254813 0.000108349
0.665772  2761.95 0.254813 0.00010829
0.671141  2762.61 0.254813 0.000108264
0.67651  2762.37 0.254813 0.000108273
0.681879  2761.18 0.254813 0.00010832
0.687248  2758.99 0.254813 0.000108406
0.692617  2755.75 0.254813 0.000108534
0.697987  2751.45 0.254813 0.000108703
0.703356  2746.07 0.254813 0.000108916
0.708725  2739.61 0.254813 0.000109173
0.714094  2732.09 0.254813 0.000109474
0.719463  2723.55 0.254813 0.000109817
0.724832  2714.03 0.254813 0.000110202
0.730201  2703.62 0.254813 0.000110626
0.73557  2692.41 0.254813 0.000111087
0.74094  2680.52 0.254813 0.00011158
0.746309  2668.08 0.254813 0.0001121
0.751678  2655.24 0.254813 0.000112642
0.757047  2642.17 0.254813 0.000113199
0.762416  2629.05 0.254813 0.000113764
0.767785  2616.09 0.254813 0.000114328
0.773154  2603.53 0.254813 0.000114879
0.778523  2591.66 0.254813 0.000115405
0.783893  2580.96 0.254813 0.000115884
0.789262  2572.14 0.254813 0.000116281
0.794631  2566.53 0.254813 0.000116535
0.8  2566.53 0.254813 0.000116535
