TITLE="Graphics"
VARIABLES= "x", "T", "Y fr", "rho"
-0.0219919  293 0 0.000871523
-0.013745  293 -1.25674e-07 0.000871523
-0.0085906  293 -7.65827e-08 0.000871523
-0.00536913  293 -9.5759e-08 0.000871523
0  293 -4.24914e-08 0.000871523
0.00536913  293 -9.5759e-08 0.000871523
0.0107383  293 -4.24914e-08 0.000871523
0.0161074  293 -9.5759e-08 0.000871523
0.0214765  293 -4.24914e-08 0.000871523
0.0268456  293 -9.5759e-08 0.000871523
0.0322148  293 -4.24914e-08 0.000871523
0.0375839  293 -9.5759e-08 0.000871523
0.042953  293 -4.24914e-08 0.000871523
0.0483221  293 -9.5759e-08 0.000871523
0.0536913  293 -4.24914e-08 0.000871523
0.0590604  293 -9.5759e-08 0.000871523
0.0644295  293 -4.24913e-08 0.000871523
0.0697987  293 -9.5759e-08 0.000871523
0.0751678  293 -4.24913e-08 0.000871523
0.0805369  293 -9.5759e-08 0.000871523
0.085906  293 -4.24913e-08 0.000871523
0.0912752  293 -9.5759e-08 0.000871523
0.0966443  293 -4.24913e-08 0.000871523
0.102013  293 -9.57592e-08 0.000871523
0.107383  293 -4.2491e-08 0.000871523
0.112752  293 -9.5759e-08 0.000871523
0.118121  293 -4.2495e-08 0.000871523
0.12349  293 -9.57322e-08 0.000871523
0.128859  293 -4.26404e-08 0.000871523
0.134228  293 -9.50143e-08 0.000871523
0.139597  293 -4.59667e-08 0.000871523
0.144966  293 -8.04557e-08 0.000871523
0.150336  293 -1.05995e-07 0.000871523
0.15302  293 -1.27797e-08 0.000871523
0.155705  293 -1.70424e-07 0.000871523
0.158389  293 1.82762e-07 0.000871522
0.161074  293.001 -4.93721e-07 0.000871521
0.163758  293.001 7.31918e-07 0.000871521
0.166443  293.002 -1.31768e-06 0.000871518
0.169128  293.003 1.81145e-06 0.000871516
0.171812  293.004 -2.41424e-06 0.000871509
0.174497  293.007 2.27662e-06 0.000871504
0.177181  293.01 -9.65545e-07 0.000871492
0.179866  293.016 -3.12448e-06 0.000871474
0.18255  293.024 1.10028e-05 0.000871458
0.185235  293.035 -2.4157e-05 0.000871406
0.187919  293.052 4.22362e-05 0.00087139
0.190604  293.075 -6.39614e-05 0.000871269
0.193289  293.107 8.5518e-05 0.000871249
0.195973  293.15 -0.000103231 0.000871025
0.198658  293.209 0.000114013 0.000870958
0.201342  293.288 -0.000118831 0.000870607
0.204027  293.392 0.000121061 0.000870418
0.206711  293.528 -0.000125476 0.000869893
0.209396  293.703 0.000132998 0.000869504
0.212081  293.925 -0.000141133 0.000868709
0.214765  294.205 0.000145439 0.000868026
0.21745  294.552 -0.000145903 0.000866857
0.220134  294.979 0.000146004 0.000865748
0.222819  295.498 -0.000149491 0.000864083
0.225503  296.12 0.000154187 0.000862417
0.228188  296.86 -0.000156276 0.000860115
0.230872  297.729 0.000155221 0.000857755
0.233557  298.744 -0.000155707 0.000854691
0.236242  299.917 0.000158774 0.000851501
0.238926  301.269 -0.000160988 0.000847525
0.241611  302.828 0.000159951 0.000843317
0.244295  304.644 -0.000159773 0.000838135
0.24698  306.816 0.000161983 0.000832356
0.249664  309.544 -0.000163296 0.000824867
0.252349  313.244 0.000162019 0.000815276
0.255034  318.777 -0.000162467 0.000800976
0.257718  327.887 0.000164131 0.000778868
0.260403  343.969 -0.000163769 0.000742311
0.263087  373.137 0.000163224 0.000684414
0.265772  425.039 -0.000164719 0.000600727
0.268456  511.978 0.000163922 0.000498811
0.271141  645.755 -0.000164231 0.000395401
0.273826  834.302 0.000167683 0.000306101
0.27651  1080.73 -3.27354e-05 0.000236277
0.279195  1381.37 0.00237997 0.00018511
0.281879  1715.77 0.0157418 0.000150186
0.284564  2036.85 0.0575733 0.000129652
0.287248  2292.43 0.120096 0.000119636
0.289933  2462.11 0.176085 0.000115373
0.292617  2560.07 0.213116 0.000113645
0.295302  2611.81 0.233889 0.000112927
0.297987  2637.86 0.244598 0.000112611
0.300671  2650.69 0.249894 0.000112463
0.303356  2657 0.25246 0.00011239
0.30604  2660.15 0.253691 0.000112349
0.308725  2661.79 0.254279 0.000112325
0.311409  2662.7 0.254559 0.000112307
0.314094  2663.27 0.254692 0.000112293
0.316779  2663.68 0.254756 0.000112281
0.319463  2664.01 0.254786 0.000112269
0.322148  2664.31 0.2548 0.000112258
0.324832  2664.59 0.254807 0.000112246
0.327517  2664.87 0.25481 0.000112235
0.330201  2665.15 0.254812 0.000112223
0.332886  2665.42 0.254812 0.000112212
0.33557  2665.7 0.254813 0.0001122
0.338255  2665.98 0.254813 0.000112188
0.34094  2666.26 0.254813 0.000112177
0.343624  2666.54 0.254813 0.000112165
0.346309  2666.83 0.254813 0.000112153
0.348993  2667.11 0.254813 0.000112141
0.351678  2667.4 0.254813 0.000112128
0.354362  2667.7 0.254813 0.000112116
0.357047  2667.99 0.254813 0.000112104
0.359732  2668.29 0.254813 0.000112091
0.362416  2668.59 0.254813 0.000112079
0.365101  2668.89 0.254813 0.000112066
0.367785  2669.19 0.254813 0.000112053
0.37047  2669.5 0.254813 0.00011204
0.373154  2669.81 0.254813 0.000112027
0.375839  2670.12 0.254813 0.000112014
0.378523  2670.43 0.254813 0.000112001
0.381208  2670.75 0.254813 0.000111988
0.383893  2671.07 0.254813 0.000111975
0.386577  2671.39 0.254813 0.000111961
0.389262  2671.71 0.254813 0.000111948
0.391946  2672.04 0.254813 0.000111934
0.394631  2672.37 0.254813 0.00011192
0.397315  2672.7 0.254813 0.000111906
0.4  2673.03 0.254813 0.000111892
0.402685  2673.37 0.254813 0.000111878
0.405369  2673.71 0.254813 0.000111864
0.408054  2674.05 0.254813 0.00011185
0.410738  2674.39 0.254813 0.000111835
0.413423  2674.74 0.254813 0.000111821
0.418792  2675.44 0.254813 0.000111792
0.424161  2676.15 0.254813 0.000111762
0.42953  2676.87 0.254813 0.000111732
0.434899  2677.6 0.254813 0.000111701
0.440268  2678.34 0.254813 0.00011167
0.445638  2679.1 0.254813 0.000111639
0.451007  2679.86 0.254813 0.000111607
0.456376  2680.64 0.254813 0.000111575
0.461745  2681.42 0.254813 0.000111542
0.467114  2682.22 0.254813 0.000111509
0.472483  2683.03 0.254813 0.000111475
0.477852  2683.85 0.254813 0.000111441
0.483221  2684.68 0.254813 0.000111407
0.488591  2685.52 0.254813 0.000111372
0.49396  2686.37 0.254813 0.000111337
0.499329  2687.24 0.254813 0.000111301
0.504698  2688.12 0.254813 0.000111264
0.510067  2689 0.254813 0.000111228
0.515436  2689.9 0.254813 0.00011119
0.520805  2690.81 0.254813 0.000111153
0.526174  2691.74 0.254813 0.000111115
0.531544  2692.67 0.254813 0.000111076
0.536913  2693.62 0.254813 0.000111037
0.542282  2694.58 0.254813 0.000110998
0.547651  2695.55 0.254813 0.000110958
0.55302  2696.53 0.254813 0.000110917
0.558389  2697.53 0.254813 0.000110876
0.563758  2698.54 0.254813 0.000110835
0.569128  2699.56 0.254813 0.000110793
0.574497  2700.59 0.254813 0.000110751
0.579866  2701.63 0.254813 0.000110708
0.585235  2702.69 0.254813 0.000110664
0.590604  2703.76 0.254813 0.000110621
0.595973  2704.84 0.254813 0.000110576
0.601342  2705.94 0.254813 0.000110532
0.606711  2707.05 0.254813 0.000110486
0.612081  2708.17 0.254813 0.000110441
0.61745  2709.3 0.254813 0.000110394
0.622819  2710.45 0.254813 0.000110348
0.628188  2711.61 0.254813 0.0001103
0.633557  2712.79 0.254813 0.000110253
0.638926  2713.97 0.254813 0.000110204
0.644295  2715.17 0.254813 0.000110156
0.649664  2716.39 0.254813 0.000110106
0.655034  2717.62 0.254813 0.000110057
0.660403  2718.86 0.254813 0.000110006
0.665772  2720.11 0.254813 0.000109956
0.671141  2721.38 0.254813 0.000109904
0.67651  2722.66 0.254813 0.000109853
0.681879  2723.96 0.254813 0.0001098
0.687248  2725.27 0.254813 0.000109748
0.692617  2726.59 0.254813 0.000109694
0.697987  2727.93 0.254813 0.00010964
0.703356  2729.29 0.254813 0.000109586
0.708725  2730.65 0.254813 0.000109531
0.714094  2732.04 0.254813 0.000109476
0.719463  2733.43 0.254813 0.00010942
0.724832  2734.84 0.254813 0.000109363
0.730201  2736.27 0.254813 0.000109306
0.73557  2737.71 0.254813 0.000109249
0.74094  2739.16 0.254813 0.000109191
0.746309  2740.63 0.254813 0.000109132
0.751678  2742.11 0.254813 0.000109074
0.757047  2743.6 0.254813 0.000109014
0.762416  2745.1 0.254813 0.000108955
0.767785  2746.59 0.254813 0.000108896
0.773154  2748.07 0.254813 0.000108837
0.778523  2749.5 0.254813 0.00010878
0.783893  2750.84 0.254813 0.000108727
0.789262  2751.97 0.254813 0.000108683
0.794631  2752.72 0.254813 0.000108653
0.8  2752.72 0.254813 0.000108653
