TITLE="Graphics"
VARIABLES= "x", "T", "Y fr", "rho"
-0.0219919  293 0 0.000871523
-0.013745  293 -2.38296e-09 0.000871523
-0.0085906  293 -1.45211e-09 0.000871523
-0.00536913  293 -1.81572e-09 0.000871523
0  293 -8.05688e-10 0.000871523
0.00536913  293 -1.81572e-09 0.000871523
0.0107383  293 -8.05685e-10 0.000871523
0.0161074  293 -1.81571e-09 0.000871523
0.0214765  293 -8.05682e-10 0.000871523
0.0268456  293 -1.81571e-09 0.000871523
0.0322148  293 -8.05681e-10 0.000871523
0.0375839  293 -1.81571e-09 0.000871523
0.042953  293 -8.05679e-10 0.000871523
0.0483221  293 -1.81571e-09 0.000871523
0.0536913  293 -8.05677e-10 0.000871523
0.0590604  293 -1.81571e-09 0.000871523
0.0644295  293 -8.05675e-10 0.000871523
0.0697987  293 -1.8157e-09 0.000871523
0.0751678  293 -8.05674e-10 0.000871523
0.0805369  293 -1.8157e-09 0.000871523
0.085906  293 -8.05672e-10 0.000871523
0.0912752  293 -1.8157e-09 0.000871523
0.0966443  293 -8.0567e-10 0.000871523
0.102013  293 -1.8157e-09 0.000871523
0.107383  293 -8.05668e-10 0.000871523
0.112752  293 -1.8157e-09 0.000871523
0.118121  293 -8.05666e-10 0.000871523
0.12349  293 -1.8157e-09 0.000871523
0.128859  293 -8.05664e-10 0.000871523
0.134228  293.001 -1.8157e-09 0.000871521
0.139597  293.003 -8.05662e-10 0.000871515
0.144966  293.01 -1.81569e-09 0.000871494
0.150336  293.032 -8.05673e-10 0.000871428
0.15302  293.058 -1.05813e-09 0.000871351
0.155705  293.099 -8.05777e-10 0.00087123
0.158389  293.161 -1.05783e-09 0.000871045
0.161074  293.253 -8.06499e-10 0.000870771
0.163758  293.387 -1.05627e-09 0.000870372
0.166443  293.578 -8.09481e-10 0.000869806
0.169128  293.844 -1.05137e-09 0.00086902
0.171812  294.206 -8.16093e-10 0.000867951
0.174497  294.69 -1.04487e-09 0.000866526
0.177181  295.323 -8.18698e-10 0.000864667
0.179866  296.138 -1.0494e-09 0.000862287
0.18255  297.167 -8.12311e-10 0.000859303
0.185235  298.442 -1.02714e-09 0.000855631
0.187919  299.995 -9.53154e-10 0.000851201
0.190604  301.857 -5.29423e-10 0.000845952
0.193289  304.051 -2.45502e-09 0.000839848
0.195973  306.598 3.74192e-09 0.00083287
0.198658  309.513 -1.40306e-08 0.000825027
0.201342  312.803 3.32531e-08 0.00081635
0.204027  316.469 -8.40422e-08 0.000806891
0.206711  320.508 1.86788e-07 0.000796724
0.209396  324.909 -3.93516e-07 0.000785932
0.212081  329.658 7.55875e-07 0.000774611
0.214765  334.736 -1.33823e-06 0.000762857
0.21745  340.125 2.15225e-06 0.000750772
0.220134  345.803 -3.14052e-06 0.000738442
0.222819  351.75 4.12333e-06 0.000725961
0.225503  357.948 -4.87112e-06 0.000713388
0.228188  364.382 5.1968e-06 0.000700795
0.230872  371.047 -5.12544e-06 0.000688204
0.233557  377.949 4.87345e-06 0.000675639
0.236242  385.118 -4.70034e-06 0.000663059
0.238926  392.617 4.64419e-06 0.000650397
0.241611  400.57 -4.5044e-06 0.000637481
0.244295  409.193 4.1924e-06 0.00062405
0.24698  418.86 -3.7244e-06 0.000609645
0.249664  430.183 3.54327e-06 0.0005936
0.252349  444.151 -3.10994e-06 0.000574931
0.255034  462.298 3.08156e-06 0.000552364
0.257718  486.91 -2.11644e-06 0.000524442
0.260403  521.192 2.77526e-06 0.000489947
0.263087  569.286 -1.07144e-06 0.000448555
0.265772  636.008 3.20237e-06 0.000401499
0.268456  726.276 3.32521e-06 0.000351597
0.271141  844.374 2.94699e-05 0.000302426
0.273826  993.245 0.000203285 0.000257123
0.27651  1173.53 0.00128 0.000217756
0.279195  1381.37 0.00610263 0.000185507
0.281879  1604.58 0.0213875 0.00016112
0.284564  1821.08 0.0548445 0.000144779
0.287248  2005.49 0.104797 0.000135476
0.289933  2141.97 0.156429 0.000130973
0.292617  2231.02 0.196625 0.000129014
0.295302  2283.98 0.222613 0.000128178
0.297987  2313.77 0.237671 0.000127793
0.300671  2330.18 0.245881 0.00012759
0.303356  2339.3 0.250213 0.000127461
0.30604  2344.57 0.252459 0.000127366
0.308725  2347.85 0.253613 0.000127287
0.311409  2350.12 0.254203 0.000127214
0.314094  2351.87 0.254503 0.000127145
0.316779  2353.37 0.254656 0.000127078
0.319463  2354.73 0.254733 0.00012701
0.322148  2356.04 0.254773 0.000126943
0.324832  2357.32 0.254793 0.000126876
0.327517  2358.59 0.254803 0.000126809
0.330201  2359.86 0.254808 0.000126741
0.332886  2361.13 0.25481 0.000126673
0.33557  2362.42 0.254812 0.000126604
0.338255  2363.7 0.254812 0.000126535
0.34094  2365 0.254813 0.000126466
0.343624  2366.31 0.254813 0.000126396
0.346309  2367.62 0.254813 0.000126326
0.348993  2368.94 0.254813 0.000126255
0.351678  2370.28 0.254813 0.000126184
0.354362  2371.62 0.254813 0.000126113
0.357047  2372.97 0.254813 0.000126041
0.359732  2374.33 0.254813 0.000125969
0.362416  2375.69 0.254813 0.000125897
0.365101  2377.07 0.254813 0.000125824
0.367785  2378.46 0.254813 0.00012575
0.37047  2379.85 0.254813 0.000125677
0.373154  2381.26 0.254813 0.000125603
0.375839  2382.67 0.254813 0.000125528
0.378523  2384.09 0.254813 0.000125453
0.381208  2385.52 0.254813 0.000125378
0.383893  2386.96 0.254813 0.000125302
0.386577  2388.41 0.254813 0.000125226
0.389262  2389.87 0.254813 0.00012515
0.391946  2391.34 0.254813 0.000125073
0.394631  2392.81 0.254813 0.000124996
0.397315  2394.3 0.254813 0.000124918
0.4  2395.8 0.254813 0.00012484
0.402685  2397.3 0.254813 0.000124762
0.405369  2398.81 0.254813 0.000124683
0.408054  2400.34 0.254813 0.000124604
0.410738  2401.87 0.254813 0.000124525
0.413423  2403.41 0.254813 0.000124445
0.418792  2406.52 0.254813 0.000124284
0.424161  2409.67 0.254813 0.000124122
0.42953  2412.85 0.254813 0.000123958
0.434899  2416.07 0.254813 0.000123793
0.440268  2419.33 0.254813 0.000123626
0.445638  2422.62 0.254813 0.000123458
0.451007  2425.95 0.254813 0.000123288
0.456376  2429.32 0.254813 0.000123117
0.461745  2432.72 0.254813 0.000122945
0.467114  2436.17 0.254813 0.000122771
0.472483  2439.64 0.254813 0.000122596
0.477852  2443.16 0.254813 0.00012242
0.483221  2446.71 0.254813 0.000122242
0.488591  2450.3 0.254813 0.000122063
0.49396  2453.92 0.254813 0.000121883
0.499329  2457.58 0.254813 0.000121701
0.504698  2461.28 0.254813 0.000121519
0.510067  2465.02 0.254813 0.000121334
0.515436  2468.8 0.254813 0.000121149
0.520805  2472.61 0.254813 0.000120962
0.526174  2476.47 0.254813 0.000120774
0.531544  2480.36 0.254813 0.000120584
0.536913  2484.29 0.254813 0.000120393
0.542282  2488.27 0.254813 0.000120201
0.547651  2492.29 0.254813 0.000120007
0.55302  2496.35 0.254813 0.000119812
0.558389  2500.45 0.254813 0.000119615
0.563758  2504.61 0.254813 0.000119417
0.569128  2508.81 0.254813 0.000119217
0.574497  2513.05 0.254813 0.000119015
0.579866  2517.35 0.254813 0.000118812
0.585235  2521.7 0.254813 0.000118607
0.590604  2526.1 0.254813 0.000118401
0.595973  2530.55 0.254813 0.000118192
0.601342  2535.06 0.254813 0.000117982
0.606711  2539.63 0.254813 0.00011777
0.612081  2544.26 0.254813 0.000117556
0.61745  2548.94 0.254813 0.00011734
0.622819  2553.69 0.254813 0.000117121
0.628188  2558.49 0.254813 0.000116901
0.633557  2563.36 0.254813 0.000116679
0.638926  2568.29 0.254813 0.000116455
0.644295  2573.28 0.254813 0.00011623
0.649664  2578.33 0.254813 0.000116002
0.655034  2583.44 0.254813 0.000115772
0.660403  2588.61 0.254813 0.000115541
0.665772  2593.83 0.254813 0.000115309
0.671141  2599.11 0.254813 0.000115075
0.67651  2604.42 0.254813 0.00011484
0.681879  2609.79 0.254813 0.000114604
0.687248  2615.18 0.254813 0.000114367
0.692617  2620.6 0.254813 0.000114131
0.697987  2626.05 0.254813 0.000113894
0.703356  2631.5 0.254813 0.000113658
0.708725  2636.96 0.254813 0.000113423
0.714094  2642.4 0.254813 0.000113189
0.719463  2647.82 0.254813 0.000112958
0.724832  2653.2 0.254813 0.000112729
0.730201  2658.53 0.254813 0.000112503
0.73557  2663.79 0.254813 0.000112281
0.74094  2668.95 0.254813 0.000112063
0.746309  2674.01 0.254813 0.000111851
0.751678  2678.95 0.254813 0.000111645
0.757047  2683.73 0.254813 0.000111446
0.762416  2688.32 0.254813 0.000111256
0.767785  2692.7 0.254813 0.000111075
0.773154  2696.82 0.254813 0.000110905
0.778523  2700.59 0.254813 0.000110751
0.783893  2703.89 0.254813 0.000110615
0.789262  2706.53 0.254813 0.000110507
0.794631  2708.15 0.254813 0.000110441
0.8  2708.15 0.254813 0.000110441
