TITLE="Graphics"
VARIABLES= "x", "T", "Y fr", "rho"
-0.0219919  293 0 0.000871523
-0.013745  293 -1.25674e-07 0.000871523
-0.0085906  293 -7.65827e-08 0.000871523
-0.00536913  293 -9.5759e-08 0.000871523
0  293 -4.24914e-08 0.000871523
0.00536913  293 -9.5759e-08 0.000871523
0.0107383  293 -4.24914e-08 0.000871523
0.0161074  293 -9.5759e-08 0.000871523
0.0214765  293 -4.24914e-08 0.000871523
0.0268456  293 -9.5759e-08 0.000871523
0.0322148  293 -4.24914e-08 0.000871523
0.0375839  293 -9.5759e-08 0.000871523
0.042953  293 -4.24913e-08 0.000871523
0.0483221  293 -9.5759e-08 0.000871523
0.0536913  293 -4.24913e-08 0.000871523
0.0590604  293 -9.5759e-08 0.000871523
0.0644295  293 -4.24915e-08 0.000871523
0.0697987  293 -9.57581e-08 0.000871523
0.0751678  293 -4.24957e-08 0.000871523
0.0805369  293 -9.57396e-08 0.000871523
0.085906  293 -4.25731e-08 0.000871523
0.0912752  293 -9.54323e-08 0.000871523
0.0966443  293 -4.37346e-08 0.000871523
0.102013  293 -9.12554e-08 0.000871523
0.107383  293 -5.79682e-08 0.000871523
0.112752  293 -4.55779e-08 0.000871523
0.118121  293 -1.94744e-07 0.000871523
0.12349  293 3.31236e-07 0.000871523
0.128859  293 -1.12777e-06 0.000871523
0.134228  293 2.31547e-06 0.000871524
0.139597  293 -4.35078e-06 0.000871521
0.144966  293 4.38692e-06 0.000871525
0.150336  293 6.40767e-06 0.000871526
0.15302  293 -1.59937e-05 0.000871515
0.155705  293 1.74449e-05 0.000871532
0.158389  293 -4.306e-05 0.000871502
0.161074  293 5.33913e-05 0.00087155
0.163758  293 -8.06186e-05 0.000871483
0.166443  293 9.64417e-05 0.000871571
0.169128  293 -0.00011516 0.000871465
0.171812  293 0.00012367 0.000871584
0.174497  293 -0.000128779 0.000871458
0.177181  293.001 0.00012903 0.000871586
0.179866  293.001 -0.000130442 0.000871456
0.18255  293.001 0.00013433 0.000871587
0.185235  293.002 -0.000141456 0.000871447
0.187919  293.002 0.000148291 0.00087159
0.190604  293.004 -0.000152136 0.000871436
0.193289  293.005 0.000151906 0.000871584
0.195973  293.007 -0.000150761 0.000871426
0.198658  293.011 0.000151723 0.000871568
0.201342  293.015 -0.000155775 0.000871401
0.204027  293.021 0.000159516 0.000871542
0.206711  293.029 -0.000160355 0.000871358
0.209396  293.039 0.000158604 0.000871486
0.212081  293.053 -0.000158298 0.000871286
0.214765  293.072 0.000160669 0.00087139
0.21745  293.096 -0.00016349 0.000871155
0.220134  293.128 0.000163259 0.000871225
0.222819  293.169 -0.000161615 0.000870941
0.225503  293.221 0.000161772 0.000870946
0.228188  293.289 -0.00016427 0.000870583
0.230872  293.375 0.000165078 0.000870492
0.233557  293.486 -0.000163617 0.000869999
0.236242  293.63 0.000162891 0.000869734
0.238926  293.824 -0.000164802 0.000868996
0.241611  294.096 0.000165637 0.000868358
0.244295  294.5 -0.000164309 0.000867002
0.24698  295.148 0.0001637 0.000865262
0.249664  296.267 -0.000165375 0.000861831
0.252349  298.326 0.000165504 0.000856045
0.255034  302.29 -0.000164279 0.00084466
0.257718  310.098 0.000164643 0.000823547
0.260403  325.495 -0.000165687 0.000784441
0.263087  355.115 0.000164547 0.000719149
0.265772  409.121 -0.000164914 0.000624099
0.268456  499.842 0.000165364 0.000510922
0.271141  638.252 -0.000164516 0.000400049
0.273826  830.99 0.00016798 0.000307321
0.27651  1080.11 -3.7224e-05 0.000236413
0.279195  1381.37 0.00241449 0.000185114
0.281879  1714.17 0.0160734 0.000150355
0.284564  2031.91 0.0584753 0.000130037
0.287248  2283.51 0.121287 0.000120192
0.289933  2449.7 0.177111 0.000116033
0.292617  2545.15 0.213811 0.000114363
0.295302  2595.3 0.234302 0.000113677
0.297987  2620.36 0.244828 0.00011338
0.300671  2632.58 0.250016 0.000113247
0.303356  2638.47 0.252523 0.000113184
0.30604  2641.31 0.253724 0.000113153
0.308725  2642.69 0.254295 0.000113138
0.311409  2643.37 0.254567 0.000113129
0.314094  2643.72 0.254696 0.000113124
0.316779  2643.91 0.254758 0.00011312
0.319463  2644.03 0.254787 0.000113117
0.322148  2644.12 0.254801 0.000113115
0.324832  2644.19 0.254807 0.000113112
0.327517  2644.25 0.25481 0.00011311
0.330201  2644.31 0.254812 0.000113108
0.332886  2644.37 0.254812 0.000113105
0.33557  2644.43 0.254813 0.000113103
0.338255  2644.48 0.254813 0.0001131
0.34094  2644.54 0.254813 0.000113098
0.343624  2644.6 0.254813 0.000113095
0.346309  2644.66 0.254813 0.000113093
0.348993  2644.72 0.254813 0.00011309
0.351678  2644.78 0.254813 0.000113087
0.354362  2644.85 0.254813 0.000113085
0.357047  2644.91 0.254813 0.000113082
0.359732  2644.97 0.254813 0.000113079
0.362416  2645.04 0.254813 0.000113076
0.365101  2645.1 0.254813 0.000113074
0.367785  2645.17 0.254813 0.000113071
0.37047  2645.24 0.254813 0.000113068
0.373154  2645.31 0.254813 0.000113065
0.375839  2645.38 0.254813 0.000113062
0.378523  2645.45 0.254813 0.000113059
0.381208  2645.52 0.254813 0.000113056
0.383893  2645.59 0.254813 0.000113053
0.386577  2645.66 0.254813 0.00011305
0.389262  2645.73 0.254813 0.000113047
0.391946  2645.81 0.254813 0.000113044
0.394631  2645.88 0.254813 0.00011304
0.397315  2645.96 0.254813 0.000113037
0.4  2646.04 0.254813 0.000113034
0.402685  2646.12 0.254813 0.00011303
0.405369  2646.2 0.254813 0.000113027
0.408054  2646.28 0.254813 0.000113024
0.410738  2646.36 0.254813 0.00011302
0.413423  2646.44 0.254813 0.000113017
0.418792  2646.61 0.254813 0.000113009
0.424161  2646.78 0.254813 0.000113002
0.42953  2646.95 0.254813 0.000112995
0.434899  2647.13 0.254813 0.000112987
0.440268  2647.32 0.254813 0.000112979
0.445638  2647.51 0.254813 0.000112971
0.451007  2647.7 0.254813 0.000112963
0.456376  2647.9 0.254813 0.000112954
0.461745  2648.1 0.254813 0.000112946
0.467114  2648.31 0.254813 0.000112937
0.472483  2648.52 0.254813 0.000112928
0.477852  2648.74 0.254813 0.000112918
0.483221  2648.96 0.254813 0.000112909
0.488591  2649.19 0.254813 0.000112899
0.49396  2649.42 0.254813 0.000112889
0.499329  2649.66 0.254813 0.000112879
0.504698  2649.9 0.254813 0.000112869
0.510067  2650.15 0.254813 0.000112858
0.515436  2650.41 0.254813 0.000112847
0.520805  2650.67 0.254813 0.000112836
0.526174  2650.93 0.254813 0.000112825
0.531544  2651.2 0.254813 0.000112814
0.536913  2651.48 0.254813 0.000112802
0.542282  2651.76 0.254813 0.00011279
0.547651  2652.05 0.254813 0.000112778
0.55302  2652.34 0.254813 0.000112765
0.558389  2652.64 0.254813 0.000112752
0.563758  2652.95 0.254813 0.000112739
0.569128  2653.26 0.254813 0.000112726
0.574497  2653.58 0.254813 0.000112712
0.579866  2653.91 0.254813 0.000112699
0.585235  2654.24 0.254813 0.000112685
0.590604  2654.58 0.254813 0.00011267
0.595973  2654.92 0.254813 0.000112656
0.601342  2655.27 0.254813 0.000112641
0.606711  2655.63 0.254813 0.000112625
0.612081  2656 0.254813 0.00011261
0.61745  2656.37 0.254813 0.000112594
0.622819  2656.75 0.254813 0.000112578
0.628188  2657.13 0.254813 0.000112562
0.633557  2657.53 0.254813 0.000112545
0.638926  2657.93 0.254813 0.000112528
0.644295  2658.34 0.254813 0.000112511
0.649664  2658.75 0.254813 0.000112493
0.655034  2659.18 0.254813 0.000112475
0.660403  2659.61 0.254813 0.000112457
0.665772  2660.04 0.254813 0.000112439
0.671141  2660.49 0.254813 0.00011242
0.67651  2660.94 0.254813 0.000112401
0.681879  2661.41 0.254813 0.000112381
0.687248  2661.88 0.254813 0.000112361
0.692617  2662.35 0.254813 0.000112341
0.697987  2662.84 0.254813 0.000112321
0.703356  2663.33 0.254813 0.0001123
0.708725  2663.84 0.254813 0.000112279
0.714094  2664.35 0.254813 0.000112257
0.719463  2664.87 0.254813 0.000112235
0.724832  2665.39 0.254813 0.000112213
0.730201  2665.93 0.254813 0.00011219
0.73557  2666.47 0.254813 0.000112167
0.74094  2667.03 0.254813 0.000112144
0.746309  2667.59 0.254813 0.000112121
0.751678  2668.16 0.254813 0.000112097
0.757047  2668.73 0.254813 0.000112073
0.762416  2669.31 0.254813 0.000112048
0.767785  2669.9 0.254813 0.000112024
0.773154  2670.47 0.254813 0.000111999
0.778523  2671.04 0.254813 0.000111976
0.783893  2671.56 0.254813 0.000111954
0.789262  2672.01 0.254813 0.000111935
0.794631  2672.31 0.254813 0.000111923
0.8  2672.31 0.254813 0.000111923
