TITLE="Graphics"
VARIABLES= "x", "T", "Y fr", "rho"
-0.0219919  293 0 0.000871523
-0.013745  293 -1.25674e-07 0.000871523
-0.0085906  293 -7.65827e-08 0.000871523
-0.00536913  293 -9.5759e-08 0.000871523
0  293 -4.24914e-08 0.000871523
0.00536913  293 -9.5759e-08 0.000871523
0.0107383  293 -4.24914e-08 0.000871523
0.0161074  293 -9.5759e-08 0.000871523
0.0214765  293 -4.24914e-08 0.000871523
0.0268456  293 -9.5759e-08 0.000871523
0.0322148  293 -4.24914e-08 0.000871523
0.0375839  293 -9.5759e-08 0.000871523
0.042953  293 -4.24914e-08 0.000871523
0.0483221  293 -9.5759e-08 0.000871523
0.0536913  293 -4.24914e-08 0.000871523
0.0590604  293 -9.5759e-08 0.000871523
0.0644295  293 -4.24914e-08 0.000871523
0.0697987  293 -9.5759e-08 0.000871523
0.0751678  293 -4.24914e-08 0.000871523
0.0805369  293 -9.5759e-08 0.000871523
0.085906  293 -4.24914e-08 0.000871523
0.0912752  293 -9.5759e-08 0.000871523
0.0966443  293 -4.24913e-08 0.000871523
0.102013  293 -9.5759e-08 0.000871523
0.107383  293 -4.24913e-08 0.000871523
0.112752  293 -9.5759e-08 0.000871523
0.118121  293 -4.24913e-08 0.000871523
0.12349  293 -9.57591e-08 0.000871523
0.128859  293 -4.2491e-08 0.000871523
0.134228  293 -9.57598e-08 0.000871523
0.139597  293 -4.24894e-08 0.000871523
0.144966  293 -9.57627e-08 0.000871523
0.150336  293 -4.24867e-08 0.000871522
0.15302  293.001 -5.58024e-08 0.000871521
0.155705  293.002 -4.24995e-08 0.000871519
0.158389  293.003 -5.57651e-08 0.000871514
0.161074  293.006 -4.26288e-08 0.000871506
0.163758  293.01 -5.53673e-08 0.000871493
0.166443  293.017 -4.38166e-08 0.000871472
0.169128  293.029 -5.20167e-08 0.000871437
0.171812  293.047 -5.27874e-08 0.000871383
0.174497  293.075 -2.92742e-08 0.0008713
0.177181  293.117 -1.07268e-07 0.000871176
0.179866  293.178 9.35199e-08 0.000870993
0.18255  293.267 -3.65962e-07 0.000870729
0.185235  293.393 5.97984e-07 0.000870357
0.187919  293.567 -1.26302e-06 0.000869838
0.190604  293.805 2.01644e-06 0.000869135
0.193289  294.124 -3.15895e-06 0.000868191
0.195973  294.542 3.87585e-06 0.000866961
0.198658  295.082 -3.58808e-06 0.000865371
0.201342  295.767 2.79828e-07 0.000863369
0.204027  296.621 7.6412e-06 0.000860888
0.206711  297.667 -2.20274e-05 0.000857847
0.209396  298.93 4.20993e-05 0.000854256
0.212081  300.428 -6.51177e-05 0.000849942
0.214765  302.182 8.5554e-05 0.000845084
0.21745  304.204 -9.95244e-05 0.000839377
0.220134  306.505 0.000106465 0.000833173
0.222819  309.091 -0.000111138 0.0008261
0.225503  311.963 0.000117947 0.000818601
0.228188  315.119 -0.000127474 0.00081029
0.230872  318.552 0.000134927 0.000801677
0.233557  322.255 -0.0001379 0.000792342
0.236242  326.219 0.000138949 0.000782839
0.238926  330.437 -0.000142819 0.000772721
0.241611  334.911 0.000147957 0.000762525
0.244295  339.661 -0.000150435 0.000751733
0.24698  344.749 0.000150285 0.000740767
0.249664  350.321 -0.000152244 0.000728857
0.252349  356.706 0.000155553 0.000715936
0.255034  364.596 -0.000156641 0.000700318
0.257718  375.409 0.000156251 0.00068027
0.260403  391.931 -0.000158303 0.000651475
0.263087  419.301 0.00015974 0.00060906
0.265772  466.054 -0.000159246 0.000547862
0.268456  544.127 0.000160427 0.000469338
0.271141  666.706 -0.000160981 0.000382976
0.273826  844.534 0.000165485 0.000302392
0.27651  1083.42 -1.60696e-05 0.000235692
0.279195  1381.37 0.00231976 0.000185104
0.281879  1718.55 0.0149855 0.000149877
0.284564  2047.06 0.0553373 0.000128834
0.287248  2312.09 0.117021 0.000118395
0.289933  2490.35 0.173365 0.000113867
0.292617  2594.6 0.211238 0.000111995
0.295302  2650.36 0.232755 0.000111201
0.297987  2678.83 0.243962 0.000110842
0.300671  2693.11 0.24955 0.000110667
0.303356  2700.33 0.252279 0.000110573
0.30604  2704.11 0.253597 0.000110516
0.308725  2706.22 0.25423 0.000110477
0.311409  2707.54 0.254534 0.000110446
0.314094  2708.48 0.25468 0.000110418
0.316779  2709.23 0.254749 0.000110392
0.319463  2709.9 0.254783 0.000110368
0.322148  2710.54 0.254798 0.000110343
0.324832  2711.15 0.254806 0.000110318
0.327517  2711.77 0.25481 0.000110294
0.330201  2712.38 0.254811 0.000110269
0.332886  2712.99 0.254812 0.000110244
0.33557  2713.6 0.254813 0.000110219
0.338255  2714.22 0.254813 0.000110194
0.34094  2714.84 0.254813 0.000110169
0.343624  2715.46 0.254813 0.000110144
0.346309  2716.09 0.254813 0.000110118
0.348993  2716.72 0.254813 0.000110093
0.351678  2717.36 0.254813 0.000110067
0.354362  2718 0.254813 0.000110041
0.357047  2718.64 0.254813 0.000110015
0.359732  2719.29 0.254813 0.000109989
0.362416  2719.94 0.254813 0.000109963
0.365101  2720.59 0.254813 0.000109936
0.367785  2721.25 0.254813 0.00010991
0.37047  2721.91 0.254813 0.000109883
0.373154  2722.57 0.254813 0.000109856
0.375839  2723.24 0.254813 0.000109829
0.378523  2723.92 0.254813 0.000109802
0.381208  2724.59 0.254813 0.000109775
0.383893  2725.27 0.254813 0.000109747
0.386577  2725.96 0.254813 0.00010972
0.389262  2726.65 0.254813 0.000109692
0.391946  2727.34 0.254813 0.000109664
0.394631  2728.04 0.254813 0.000109636
0.397315  2728.74 0.254813 0.000109608
0.4  2729.44 0.254813 0.00010958
0.402685  2730.15 0.254813 0.000109551
0.405369  2730.86 0.254813 0.000109523
0.408054  2731.58 0.254813 0.000109494
0.410738  2732.3 0.254813 0.000109465
0.413423  2733.02 0.254813 0.000109436
0.418792  2734.48 0.254813 0.000109378
0.424161  2735.95 0.254813 0.000109319
0.42953  2737.45 0.254813 0.000109259
0.434899  2738.96 0.254813 0.000109199
0.440268  2740.48 0.254813 0.000109138
0.445638  2742.02 0.254813 0.000109077
0.451007  2743.58 0.254813 0.000109015
0.456376  2745.16 0.254813 0.000108953
0.461745  2746.75 0.254813 0.000108889
0.467114  2748.36 0.254813 0.000108826
0.472483  2749.98 0.254813 0.000108761
0.477852  2751.63 0.254813 0.000108696
0.483221  2753.29 0.254813 0.000108631
0.488591  2754.97 0.254813 0.000108564
0.49396  2756.67 0.254813 0.000108498
0.499329  2758.38 0.254813 0.00010843
0.504698  2760.12 0.254813 0.000108362
0.510067  2761.87 0.254813 0.000108293
0.515436  2763.64 0.254813 0.000108224
0.520805  2765.43 0.254813 0.000108154
0.526174  2767.23 0.254813 0.000108083
0.531544  2769.06 0.254813 0.000108012
0.536913  2770.9 0.254813 0.00010794
0.542282  2772.77 0.254813 0.000107868
0.547651  2774.65 0.254813 0.000107794
0.55302  2776.55 0.254813 0.000107721
0.558389  2778.47 0.254813 0.000107646
0.563758  2780.41 0.254813 0.000107571
0.569128  2782.37 0.254813 0.000107495
0.574497  2784.35 0.254813 0.000107419
0.579866  2786.35 0.254813 0.000107342
0.585235  2788.37 0.254813 0.000107264
0.590604  2790.41 0.254813 0.000107185
0.595973  2792.48 0.254813 0.000107106
0.601342  2794.56 0.254813 0.000107027
0.606711  2796.66 0.254813 0.000106946
0.612081  2798.78 0.254813 0.000106865
0.61745  2800.92 0.254813 0.000106783
0.622819  2803.09 0.254813 0.000106701
0.628188  2805.27 0.254813 0.000106618
0.633557  2807.48 0.254813 0.000106534
0.638926  2809.71 0.254813 0.000106449
0.644295  2811.96 0.254813 0.000106364
0.649664  2814.23 0.254813 0.000106278
0.655034  2816.52 0.254813 0.000106192
0.660403  2818.84 0.254813 0.000106105
0.665772  2821.17 0.254813 0.000106017
0.671141  2823.53 0.254813 0.000105928
0.67651  2825.91 0.254813 0.000105839
0.681879  2828.31 0.254813 0.000105749
0.687248  2830.73 0.254813 0.000105659
0.692617  2833.18 0.254813 0.000105567
0.697987  2835.65 0.254813 0.000105476
0.703356  2838.14 0.254813 0.000105383
0.708725  2840.65 0.254813 0.00010529
0.714094  2843.19 0.254813 0.000105196
0.719463  2845.75 0.254813 0.000105101
0.724832  2848.33 0.254813 0.000105006
0.730201  2850.93 0.254813 0.00010491
0.73557  2853.56 0.254813 0.000104814
0.74094  2856.21 0.254813 0.000104716
0.746309  2858.87 0.254813 0.000104619
0.751678  2861.56 0.254813 0.00010452
0.757047  2864.27 0.254813 0.000104422
0.762416  2866.98 0.254813 0.000104323
0.767785  2869.69 0.254813 0.000104224
0.773154  2872.36 0.254813 0.000104127
0.778523  2874.96 0.254813 0.000104033
0.783893  2877.39 0.254813 0.000103946
0.789262  2879.45 0.254813 0.000103871
0.794631  2880.82 0.254813 0.000103822
0.8  2880.82 0.254813 0.000103822
