TITLE="Graphics"
VARIABLES= "x", "T", "Y fr", "rho"
-0.0219919  293 0 0.000871523
-0.013745  293 -1.25674e-07 0.000871523
-0.0085906  293 -7.65827e-08 0.000871523
-0.00536913  293 -9.5759e-08 0.000871523
0  293 -4.24917e-08 0.000871523
0.00536913  293 -9.57579e-08 0.000871523
0.0107383  293 -4.24951e-08 0.000871523
0.0161074  293 -9.5746e-08 0.000871523
0.0214765  293 -4.25345e-08 0.000871523
0.0268456  293 -9.56204e-08 0.000871523
0.0322148  293 -4.29193e-08 0.000871523
0.0375839  293 -9.44914e-08 0.000871523
0.042953  293 -4.60784e-08 0.000871523
0.0483221  293 -8.6112e-08 0.000871523
0.0536913  293 -6.69593e-08 0.000871523
0.0590604  293 -3.7906e-08 0.000871523
0.0644295  293 -1.67582e-07 0.000871523
0.0697987  293 1.42593e-07 0.000871523
0.0751678  293 -4.07548e-07 0.000871523
0.0805369  293 2.00942e-07 0.000871523
0.085906  293 6.37744e-07 0.000871523
0.0912752  293 -4.55955e-06 0.000871521
0.0966443  293 1.52134e-05 0.000871531
0.102013  293 -4.09288e-05 0.000871503
0.107383  293 9.27093e-05 0.00087157
0.112752  293 -0.000183106 0.000871432
0.118121  293 0.00031437 0.00087168
0.12349  293 -0.00046649 0.00087129
0.128859  293 0.000587976 0.000871817
0.134228  293 -0.000623292 0.000871212
0.139597  293 0.000573608 0.00087181
0.144966  293 -0.000545857 0.00087125
0.150336  293 0.000647045 0.000871847
0.15302  293 0.000276531 0.000871661
0.155705  293 0.000540096 0.000871793
0.158389  293 0.000208687 0.000871628
0.161074  293 0.000532726 0.00087179
0.163758  293 0.000245845 0.000871646
0.166443  293 0.000613039 0.00087183
0.169128  293 0.000315204 0.000871681
0.171812  293 0.000642605 0.000871845
0.174497  293 0.000296177 0.000871671
0.177181  293 0.000567784 0.000871807
0.179866  293 0.000171652 0.000871609
0.18255  293 0.000428528 0.000871738
0.185235  293 2.8309e-05 0.000871537
0.187919  293 0.000293637 0.00087167
0.190604  293 -7.98519e-05 0.000871483
0.193289  293 0.00021437 0.00087163
0.195973  293 -0.000140885 0.000871453
0.198658  293 0.000175837 0.000871611
0.201342  293 -0.00016006 0.000871443
0.204027  293 0.000163419 0.000871604
0.206711  293 -0.000168212 0.000871438
0.209396  293 0.000163776 0.000871604
0.212081  293.001 -0.00016639 0.000871438
0.214765  293.001 0.000162111 0.000871602
0.21745  293.001 -0.00016621 0.000871437
0.220134  293.002 0.00016558 0.000871601
0.222819  293.003 -0.00016567 0.000871433
0.225503  293.004 0.00016353 0.000871592
0.228188  293.007 -0.000164803 0.000871419
0.230872  293.013 0.000165937 0.000871568
0.233557  293.024 -0.000165607 0.00087137
0.236242  293.046 0.000163997 0.000871469
0.238926  293.091 -0.000164572 0.000871171
0.241611  293.183 0.000165807 0.000871061
0.244295  293.376 -0.000165487 0.000870324
0.24698  293.778 0.000164171 0.000869298
0.249664  294.618 -0.000164817 0.000866656
0.252349  296.372 0.000165663 0.000861689
0.255034  300.024 -0.000165038 0.000851038
0.257718  307.552 0.000164409 0.000830365
0.260403  322.768 -0.000165406 0.000791069
0.263087  352.406 0.000165089 0.000724678
0.265772  406.721 -0.000164664 0.000627783
0.268456  498.034 0.000165343 0.000512777
0.271141  637.169 -0.000164772 0.000400729
0.273826  830.548 0.000167562 0.000307485
0.27651  1080.05 -3.80734e-05 0.000236424
0.279195  1381.37 0.00242056 0.000185114
0.281879  1713.87 0.0161275 0.000150386
0.284564  2031.04 0.058616 0.000130103
0.287248  2282 0.121468 0.000120285
0.289933  2447.62 0.177265 0.000116143
0.292617  2542.67 0.213915 0.000114482
0.295302  2592.56 0.234363 0.000113801
0.297987  2617.46 0.244861 0.000113509
0.300671  2629.57 0.250034 0.000113378
0.303356  2635.38 0.252532 0.000113317
0.30604  2638.15 0.253728 0.000113289
0.308725  2639.48 0.254298 0.000113276
0.311409  2640.1 0.254568 0.000113269
0.314094  2640.4 0.254697 0.000113266
0.316779  2640.54 0.254758 0.000113265
0.319463  2640.61 0.254787 0.000113264
0.322148  2640.64 0.254801 0.000113264
0.324832  2640.66 0.254807 0.000113263
0.327517  2640.67 0.25481 0.000113263
0.330201  2640.67 0.254812 0.000113263
0.332886  2640.68 0.254812 0.000113263
0.33557  2640.68 0.254813 0.000113263
0.338255  2640.68 0.254813 0.000113263
0.34094  2640.68 0.254813 0.000113263
0.343624  2640.68 0.254813 0.000113263
0.346309  2640.68 0.254813 0.000113263
0.348993  2640.69 0.254813 0.000113263
0.351678  2640.69 0.254813 0.000113263
0.354362  2640.69 0.254813 0.000113263
0.357047  2640.69 0.254813 0.000113263
0.359732  2640.69 0.254813 0.000113263
0.362416  2640.69 0.254813 0.000113263
0.365101  2640.69 0.254813 0.000113263
0.367785  2640.69 0.254813 0.000113262
0.37047  2640.7 0.254813 0.000113262
0.373154  2640.7 0.254813 0.000113262
0.375839  2640.7 0.254813 0.000113262
0.378523  2640.7 0.254813 0.000113262
0.381208  2640.7 0.254813 0.000113262
0.383893  2640.7 0.254813 0.000113262
0.386577  2640.71 0.254813 0.000113262
0.389262  2640.71 0.254813 0.000113262
0.391946  2640.71 0.254813 0.000113262
0.394631  2640.71 0.254813 0.000113262
0.397315  2640.71 0.254813 0.000113262
0.4  2640.72 0.254813 0.000113262
0.402685  2640.72 0.254813 0.000113262
0.405369  2640.72 0.254813 0.000113261
0.408054  2640.72 0.254813 0.000113261
0.410738  2640.72 0.254813 0.000113261
0.413423  2640.73 0.254813 0.000113261
0.418792  2640.73 0.254813 0.000113261
0.424161  2640.73 0.254813 0.000113261
0.42953  2640.74 0.254813 0.000113261
0.434899  2640.74 0.254813 0.00011326
0.440268  2640.75 0.254813 0.00011326
0.445638  2640.76 0.254813 0.00011326
0.451007  2640.76 0.254813 0.00011326
0.456376  2640.77 0.254813 0.000113259
0.461745  2640.77 0.254813 0.000113259
0.467114  2640.78 0.254813 0.000113259
0.472483  2640.79 0.254813 0.000113259
0.477852  2640.79 0.254813 0.000113258
0.483221  2640.8 0.254813 0.000113258
0.488591  2640.81 0.254813 0.000113258
0.49396  2640.81 0.254813 0.000113257
0.499329  2640.82 0.254813 0.000113257
0.504698  2640.83 0.254813 0.000113257
0.510067  2640.84 0.254813 0.000113256
0.515436  2640.85 0.254813 0.000113256
0.520805  2640.86 0.254813 0.000113256
0.526174  2640.87 0.254813 0.000113255
0.531544  2640.88 0.254813 0.000113255
0.536913  2640.89 0.254813 0.000113254
0.542282  2640.9 0.254813 0.000113254
0.547651  2640.91 0.254813 0.000113253
0.55302  2640.92 0.254813 0.000113253
0.558389  2640.93 0.254813 0.000113252
0.563758  2640.94 0.254813 0.000113252
0.569128  2640.95 0.254813 0.000113251
0.574497  2640.96 0.254813 0.000113251
0.579866  2640.98 0.254813 0.00011325
0.585235  2640.99 0.254813 0.00011325
0.590604  2641 0.254813 0.000113249
0.595973  2641.02 0.254813 0.000113249
0.601342  2641.03 0.254813 0.000113248
0.606711  2641.05 0.254813 0.000113247
0.612081  2641.06 0.254813 0.000113247
0.61745  2641.08 0.254813 0.000113246
0.622819  2641.09 0.254813 0.000113245
0.628188  2641.11 0.254813 0.000113245
0.633557  2641.13 0.254813 0.000113244
0.638926  2641.15 0.254813 0.000113243
0.644295  2641.17 0.254813 0.000113242
0.649664  2641.19 0.254813 0.000113241
0.655034  2641.21 0.254813 0.000113241
0.660403  2641.23 0.254813 0.00011324
0.665772  2641.25 0.254813 0.000113239
0.671141  2641.27 0.254813 0.000113238
0.67651  2641.29 0.254813 0.000113237
0.681879  2641.32 0.254813 0.000113236
0.687248  2641.34 0.254813 0.000113235
0.692617  2641.37 0.254813 0.000113234
0.697987  2641.39 0.254813 0.000113233
0.703356  2641.42 0.254813 0.000113231
0.708725  2641.45 0.254813 0.00011323
0.714094  2641.48 0.254813 0.000113229
0.719463  2641.51 0.254813 0.000113228
0.724832  2641.54 0.254813 0.000113226
0.730201  2641.57 0.254813 0.000113225
0.73557  2641.6 0.254813 0.000113224
0.74094  2641.63 0.254813 0.000113222
0.746309  2641.67 0.254813 0.000113221
0.751678  2641.7 0.254813 0.000113219
0.757047  2641.74 0.254813 0.000113218
0.762416  2641.78 0.254813 0.000113216
0.767785  2641.82 0.254813 0.000113214
0.773154  2641.85 0.254813 0.000113213
0.778523  2641.89 0.254813 0.000113211
0.783893  2641.93 0.254813 0.00011321
0.789262  2641.96 0.254813 0.000113208
0.794631  2641.98 0.254813 0.000113207
0.8  2641.98 0.254813 0.000113207
