TITLE="Graphics"
VARIABLES= "x", "T", "Y fr", "rho"
-0.0219919  293 0 0.000871523
-0.013745  293 -2.38296e-09 0.000871523
-0.0085906  293 -1.45211e-09 0.000871523
-0.00536913  293 -1.81572e-09 0.000871523
0  293 -8.05688e-10 0.000871523
0.00536913  293 -1.81572e-09 0.000871523
0.0107383  293 -8.05684e-10 0.000871523
0.0161074  293 -1.81571e-09 0.000871523
0.0214765  293 -8.05681e-10 0.000871523
0.0268456  293 -1.81571e-09 0.000871523
0.0322148  293 -8.05679e-10 0.000871523
0.0375839  293 -1.81571e-09 0.000871523
0.042953  293 -8.05678e-10 0.000871523
0.0483221  293 -1.81571e-09 0.000871523
0.0536913  293 -8.05676e-10 0.000871523
0.0590604  293 -1.81571e-09 0.000871523
0.0644295  293 -8.05674e-10 0.000871523
0.0697987  293 -1.8157e-09 0.000871523
0.0751678  293 -8.05673e-10 0.000871523
0.0805369  293 -1.8157e-09 0.000871523
0.085906  293 -8.05671e-10 0.000871523
0.0912752  293 -1.8157e-09 0.000871523
0.0966443  293 -8.05669e-10 0.000871523
0.102013  293 -1.8157e-09 0.000871523
0.107383  293 -8.05667e-10 0.000871523
0.112752  293 -1.8157e-09 0.000871523
0.118121  293 -8.05665e-10 0.000871523
0.12349  293 -1.8157e-09 0.000871523
0.128859  293 -8.05663e-10 0.000871523
0.134228  293.001 -1.81569e-09 0.000871521
0.139597  293.003 -8.05663e-10 0.000871515
0.144966  293.009 -1.81567e-09 0.000871498
0.150336  293.026 -8.05811e-10 0.000871446
0.15302  293.046 -1.05797e-09 0.000871388
0.155705  293.076 -8.06215e-10 0.000871298
0.158389  293.121 -1.0569e-09 0.000871163
0.161074  293.188 -8.08281e-10 0.000870964
0.163758  293.284 -1.05329e-09 0.000870678
0.166443  293.421 -8.13661e-10 0.000870274
0.169128  293.61 -1.04681e-09 0.000869714
0.171812  293.867 -8.19093e-10 0.000868952
0.174497  294.211 -1.04525e-09 0.000867937
0.177181  294.662 -8.17988e-10 0.000866607
0.179866  295.246 -1.03103e-09 0.000864894
0.18255  295.986 -9.11319e-10 0.00086273
0.185235  296.912 -6.78987e-10 0.000860041
0.187919  298.05 -2.00319e-09 0.000856757
0.190604  299.427 2.42499e-09 0.000852816
0.193289  301.069 -1.03591e-08 0.000848164
0.195973  302.999 2.37299e-08 0.000842762
0.198658  305.236 -6.13545e-08 0.000836588
0.201342  307.793 1.37401e-07 0.000829636
0.204027  310.682 -2.95774e-07 0.000821923
0.206711  313.905 5.81579e-07 0.000813482
0.209396  317.464 -1.06222e-06 0.000804362
0.212081  321.353 1.77161e-06 0.000794629
0.214765  325.563 -2.69766e-06 0.000784351
0.21745  330.083 3.71344e-06 0.000773613
0.220134  334.899 -4.61093e-06 0.000762485
0.222819  339.997 5.1539e-06 0.000751057
0.225503  345.364 -5.24901e-06 0.000739382
0.228188  350.99 5.01325e-06 0.000727533
0.230872  356.876 -4.73013e-06 0.00071553
0.233557  363.034 4.58164e-06 0.000703397
0.236242  369.499 -4.50496e-06 0.000691087
0.238926  376.346 4.27511e-06 0.000678517
0.241611  383.714 -3.85311e-06 0.000665484
0.244295  391.848 3.43829e-06 0.000651673
0.24698  401.158 -3.155e-06 0.000636547
0.249664  412.319 2.89861e-06 0.000619318
0.252349  426.406 -2.42132e-06 0.000598856
0.255034  445.07 2.12078e-06 0.000573745
0.257718  470.731 -1.68717e-06 0.000542467
0.260403  506.712 1.67953e-06 0.000503948
0.263087  557.189 -8.17597e-07 0.000458293
0.265772  626.851 1.65288e-06 0.000407364
0.268456  720.289 2.3668e-06 0.00035452
0.271141  841.326 2.4796e-05 0.000303521
0.273826  992.419 0.000197371 0.000257336
0.27651  1173.82 0.00129533 0.000217706
0.279195  1381.37 0.00626121 0.000185524
0.281879  1602.84 0.0219225 0.000161345
0.284564  1816.41 0.0559072 0.000145243
0.287248  1997.36 0.106175 0.000136142
0.289933  2130.63 0.157703 0.000131776
0.292617  2217.21 0.197559 0.000129897
0.295302  2268.49 0.223207 0.000129104
0.297987  2297.22 0.238019 0.000128744
0.300671  2312.97 0.246075 0.000128556
0.303356  2321.66 0.250319 0.000128439
0.30604  2326.64 0.252516 0.000128353
0.308725  2329.71 0.253643 0.000128281
0.311409  2331.79 0.254219 0.000128216
0.314094  2333.37 0.254511 0.000128154
0.316779  2334.71 0.25466 0.000128093
0.319463  2335.92 0.254736 0.000128033
0.322148  2337.08 0.254774 0.000127973
0.324832  2338.21 0.254793 0.000127913
0.327517  2339.33 0.254803 0.000127853
0.330201  2340.45 0.254808 0.000127792
0.332886  2341.58 0.25481 0.000127731
0.33557  2342.71 0.254812 0.000127669
0.338255  2343.85 0.254812 0.000127607
0.34094  2344.99 0.254813 0.000127545
0.343624  2346.14 0.254813 0.000127482
0.346309  2347.3 0.254813 0.000127419
0.348993  2348.47 0.254813 0.000127356
0.351678  2349.65 0.254813 0.000127292
0.354362  2350.84 0.254813 0.000127228
0.357047  2352.03 0.254813 0.000127163
0.359732  2353.23 0.254813 0.000127098
0.362416  2354.44 0.254813 0.000127033
0.365101  2355.66 0.254813 0.000126967
0.367785  2356.89 0.254813 0.000126901
0.37047  2358.12 0.254813 0.000126835
0.373154  2359.37 0.254813 0.000126768
0.375839  2360.62 0.254813 0.000126701
0.378523  2361.88 0.254813 0.000126633
0.381208  2363.15 0.254813 0.000126565
0.383893  2364.43 0.254813 0.000126497
0.386577  2365.71 0.254813 0.000126428
0.389262  2367.01 0.254813 0.000126359
0.391946  2368.31 0.254813 0.000126289
0.394631  2369.62 0.254813 0.000126219
0.397315  2370.94 0.254813 0.000126149
0.4  2372.27 0.254813 0.000126078
0.402685  2373.61 0.254813 0.000126007
0.405369  2374.95 0.254813 0.000125936
0.408054  2376.31 0.254813 0.000125864
0.410738  2377.67 0.254813 0.000125792
0.413423  2379.05 0.254813 0.000125719
0.418792  2381.82 0.254813 0.000125573
0.424161  2384.62 0.254813 0.000125425
0.42953  2387.46 0.254813 0.000125276
0.434899  2390.34 0.254813 0.000125125
0.440268  2393.25 0.254813 0.000124973
0.445638  2396.19 0.254813 0.000124819
0.451007  2399.18 0.254813 0.000124664
0.456376  2402.19 0.254813 0.000124508
0.461745  2405.24 0.254813 0.00012435
0.467114  2408.33 0.254813 0.00012419
0.472483  2411.45 0.254813 0.00012403
0.477852  2414.61 0.254813 0.000123867
0.483221  2417.81 0.254813 0.000123704
0.488591  2421.03 0.254813 0.000123539
0.49396  2424.3 0.254813 0.000123372
0.499329  2427.6 0.254813 0.000123205
0.504698  2430.93 0.254813 0.000123036
0.510067  2434.3 0.254813 0.000122865
0.515436  2437.71 0.254813 0.000122694
0.520805  2441.15 0.254813 0.000122521
0.526174  2444.63 0.254813 0.000122346
0.531544  2448.14 0.254813 0.000122171
0.536913  2451.69 0.254813 0.000121994
0.542282  2455.28 0.254813 0.000121816
0.547651  2458.9 0.254813 0.000121636
0.55302  2462.56 0.254813 0.000121456
0.558389  2466.26 0.254813 0.000121273
0.563758  2469.99 0.254813 0.00012109
0.569128  2473.77 0.254813 0.000120905
0.574497  2477.58 0.254813 0.000120719
0.579866  2481.43 0.254813 0.000120532
0.585235  2485.32 0.254813 0.000120343
0.590604  2489.25 0.254813 0.000120153
0.595973  2493.23 0.254813 0.000119962
0.601342  2497.25 0.254813 0.000119769
0.606711  2501.31 0.254813 0.000119574
0.612081  2505.41 0.254813 0.000119378
0.61745  2509.56 0.254813 0.000119181
0.622819  2513.76 0.254813 0.000118982
0.628188  2518.01 0.254813 0.000118781
0.633557  2522.3 0.254813 0.000118579
0.638926  2526.65 0.254813 0.000118375
0.644295  2531.04 0.254813 0.000118169
0.649664  2535.48 0.254813 0.000117962
0.655034  2539.98 0.254813 0.000117753
0.660403  2544.53 0.254813 0.000117543
0.665772  2549.13 0.254813 0.000117331
0.671141  2553.79 0.254813 0.000117117
0.67651  2558.49 0.254813 0.000116902
0.681879  2563.25 0.254813 0.000116685
0.687248  2568.06 0.254813 0.000116466
0.692617  2572.91 0.254813 0.000116246
0.697987  2577.82 0.254813 0.000116025
0.703356  2582.77 0.254813 0.000115803
0.708725  2587.76 0.254813 0.000115579
0.714094  2592.79 0.254813 0.000115355
0.719463  2597.86 0.254813 0.00011513
0.724832  2602.95 0.254813 0.000114905
0.730201  2608.07 0.254813 0.000114679
0.73557  2613.21 0.254813 0.000114454
0.74094  2618.35 0.254813 0.000114229
0.746309  2623.48 0.254813 0.000114006
0.751678  2628.59 0.254813 0.000113784
0.757047  2633.66 0.254813 0.000113565
0.762416  2638.67 0.254813 0.00011335
0.767785  2643.55 0.254813 0.00011314
0.773154  2648.25 0.254813 0.000112939
0.778523  2652.65 0.254813 0.000112752
0.783893  2656.59 0.254813 0.000112585
0.789262  2659.78 0.254813 0.00011245
0.794631  2661.75 0.254813 0.000112366
0.8  2661.75 0.254813 0.000112366
