TITLE="Graphics"
VARIABLES= "x", "T", "Y fr", "rho"
-0.0219919  293 0 0.000871523
-0.013745  293 -2.38296e-09 0.000871523
-0.0085906  293 -1.45211e-09 0.000871523
-0.00536913  293 -1.81572e-09 0.000871523
0  293 -8.0569e-10 0.000871523
0.00536913  293 -1.81572e-09 0.000871523
0.0107383  293 -8.05688e-10 0.000871523
0.0161074  293 -1.81572e-09 0.000871523
0.0214765  293 -8.05686e-10 0.000871523
0.0268456  293 -1.81572e-09 0.000871523
0.0322148  293 -8.05684e-10 0.000871523
0.0375839  293 -1.81571e-09 0.000871523
0.042953  293 -8.05682e-10 0.000871523
0.0483221  293 -1.81571e-09 0.000871523
0.0536913  293 -8.05681e-10 0.000871523
0.0590604  293 -1.81571e-09 0.000871523
0.0644295  293 -8.05679e-10 0.000871523
0.0697987  293 -1.81571e-09 0.000871523
0.0751678  293 -8.05677e-10 0.000871523
0.0805369  293 -1.81571e-09 0.000871523
0.085906  293 -8.05676e-10 0.000871523
0.0912752  293 -1.8157e-09 0.000871523
0.0966443  293 -8.05674e-10 0.000871523
0.102013  293 -1.8157e-09 0.000871523
0.107383  293 -8.05672e-10 0.000871523
0.112752  293 -1.8157e-09 0.000871523
0.118121  293 -8.0567e-10 0.000871523
0.12349  293 -1.8157e-09 0.000871523
0.128859  293 -8.05668e-10 0.000871523
0.134228  293 -1.8157e-09 0.000871522
0.139597  293.002 -8.05666e-10 0.000871516
0.144966  293.013 -1.8157e-09 0.000871483
0.150336  293.064 -8.05665e-10 0.000871333
0.15302  293.142 -1.05817e-09 0.0008711
0.155705  293.276 -8.05663e-10 0.000870702
0.158389  293.495 -1.05817e-09 0.000870053
0.161074  293.837 -8.0566e-10 0.000869042
0.163758  294.349 -1.05817e-09 0.000867529
0.166443  295.09 -8.05661e-10 0.00086535
0.169128  296.125 -1.05815e-09 0.000862325
0.171812  297.525 -8.05788e-10 0.000858268
0.174497  299.359 -1.0577e-09 0.000853009
0.177181  301.693 -8.0698e-10 0.000846412
0.179866  304.579 -1.05477e-09 0.00083839
0.18255  308.059 -8.12752e-10 0.000828919
0.185235  312.155 -1.0462e-09 0.000818043
0.187919  316.872 -8.22107e-10 0.000805866
0.190604  322.197 -1.04284e-09 0.000792547
0.193289  328.105 -8.06728e-10 0.000778277
0.195973  334.557 -1.06613e-09 0.000763267
0.198658  341.509 -7.78832e-10 0.00074773
0.201342  348.911 -1.04912e-09 0.000731866
0.204027  356.713 -8.81946e-10 0.000715859
0.206711  364.865 -9.1141e-10 0.000699865
0.209396  373.32 -1.45445e-09 0.000684015
0.212081  382.033 8.69897e-10 0.000668414
0.214765  390.966 -6.38051e-09 0.000653141
0.21745  400.084 1.77709e-08 0.000638257
0.220134  409.355 -4.05403e-08 0.000623802
0.222819  418.754 1.21405e-07 0.0006098
0.225503  428.26 -2.18282e-07 0.000596265
0.228188  437.858 5.66047e-07 0.000583195
0.230872  447.538 -8.39886e-07 0.00057058
0.233557  457.301 1.84181e-06 0.000558399
0.236242  467.162 -2.133e-06 0.000546612
0.238926  477.155 4.1137e-06 0.000535166
0.241611  487.351 -3.22888e-06 0.000523966
0.244295  497.882 6.5081e-06 0.000512887
0.24698  508.974 -2.23657e-06 0.000501707
0.249664  521.016 9.01197e-06 0.000490115
0.252349  534.654 1.2972e-06 0.00047761
0.255034  550.944 1.40515e-05 0.000463492
0.257718  571.555 8.25101e-06 0.000446777
0.260403  599.034 2.32881e-05 0.000426286
0.263087  637.053 2.17277e-05 0.000400845
0.265772  690.524 4.13704e-05 0.00036981
0.268456  765.377 5.20597e-05 0.000333645
0.271141  867.876 0.000112973 0.00029425
0.273826  1003.49 0.000326971 0.000254517
0.27651  1175.31 0.00137342 0.000217439
0.279195  1381.37 0.00563622 0.000185457
0.281879  1610.47 0.0191558 0.000160322
0.284564  1839.76 0.0497759 0.00014288
0.287248  2040.84 0.0976289 0.000132549
0.289933  2193.84 0.14937 0.00012731
0.292617  2296.27 0.191196 0.00012491
0.295302  2358.6 0.21903 0.000123831
0.297987  2394.44 0.235507 0.000123311
0.300671  2414.63 0.244638 0.000123025
0.303356  2426.14 0.24952 0.000122842
0.30604  2433.02 0.252079 0.000122705
0.308725  2437.47 0.253407 0.00012259
0.311409  2440.67 0.254092 0.000122485
0.314094  2443.23 0.254444 0.000122386
0.316779  2445.47 0.254624 0.000122289
0.319463  2447.54 0.254717 0.000122193
0.322148  2449.54 0.254764 0.000122097
0.324832  2451.5 0.254788 0.000122002
0.327517  2453.45 0.2548 0.000121906
0.330201  2455.4 0.254807 0.000121809
0.332886  2457.35 0.25481 0.000121713
0.33557  2459.31 0.254811 0.000121616
0.338255  2461.28 0.254812 0.000121519
0.34094  2463.25 0.254813 0.000121421
0.343624  2465.24 0.254813 0.000121324
0.346309  2467.24 0.254813 0.000121225
0.348993  2469.24 0.254813 0.000121127
0.351678  2471.26 0.254813 0.000121028
0.354362  2473.29 0.254813 0.000120929
0.357047  2475.32 0.254813 0.000120829
0.359732  2477.37 0.254813 0.00012073
0.362416  2479.42 0.254813 0.00012063
0.365101  2481.49 0.254813 0.000120529
0.367785  2483.57 0.254813 0.000120428
0.37047  2485.65 0.254813 0.000120327
0.373154  2487.75 0.254813 0.000120226
0.375839  2489.85 0.254813 0.000120124
0.378523  2491.97 0.254813 0.000120022
0.381208  2494.09 0.254813 0.00011992
0.383893  2496.23 0.254813 0.000119817
0.386577  2498.38 0.254813 0.000119714
0.389262  2500.53 0.254813 0.000119611
0.391946  2502.7 0.254813 0.000119508
0.394631  2504.88 0.254813 0.000119404
0.397315  2507.07 0.254813 0.000119299
0.4  2509.27 0.254813 0.000119195
0.402685  2511.48 0.254813 0.00011909
0.405369  2513.7 0.254813 0.000118985
0.408054  2515.93 0.254813 0.000118879
0.410738  2518.18 0.254813 0.000118773
0.413423  2520.44 0.254813 0.000118666
0.418792  2525 0.254813 0.000118452
0.424161  2529.61 0.254813 0.000118236
0.42953  2534.28 0.254813 0.000118018
0.434899  2539.01 0.254813 0.000117798
0.440268  2543.81 0.254813 0.000117576
0.445638  2548.68 0.254813 0.000117352
0.451007  2553.63 0.254813 0.000117124
0.456376  2558.66 0.254813 0.000116894
0.461745  2563.78 0.254813 0.00011666
0.467114  2569 0.254813 0.000116424
0.472483  2574.32 0.254813 0.000116183
0.477852  2579.74 0.254813 0.000115939
0.483221  2585.29 0.254813 0.00011569
0.488591  2590.95 0.254813 0.000115437
0.49396  2596.74 0.254813 0.00011518
0.499329  2602.66 0.254813 0.000114918
0.504698  2608.72 0.254813 0.000114651
0.510067  2614.91 0.254813 0.000114379
0.515436  2621.24 0.254813 0.000114103
0.520805  2627.71 0.254813 0.000113822
0.526174  2634.32 0.254813 0.000113537
0.531544  2641.05 0.254813 0.000113247
0.536913  2647.91 0.254813 0.000112954
0.542282  2654.88 0.254813 0.000112657
0.547651  2661.95 0.254813 0.000112358
0.55302  2669.1 0.254813 0.000112057
0.558389  2676.31 0.254813 0.000111755
0.563758  2683.56 0.254813 0.000111453
0.569128  2690.82 0.254813 0.000111153
0.574497  2698.05 0.254813 0.000110855
0.579866  2705.23 0.254813 0.000110561
0.585235  2712.3 0.254813 0.000110272
0.590604  2719.23 0.254813 0.000109991
0.595973  2725.97 0.254813 0.000109719
0.601342  2732.46 0.254813 0.000109459
0.606711  2738.63 0.254813 0.000109212
0.612081  2744.45 0.254813 0.000108981
0.61745  2749.82 0.254813 0.000108768
0.622819  2754.7 0.254813 0.000108575
0.628188  2759 0.254813 0.000108406
0.633557  2762.65 0.254813 0.000108263
0.638926  2765.58 0.254813 0.000108148
0.644295  2767.72 0.254813 0.000108064
0.649664  2769 0.254813 0.000108014
0.655034  2769.33 0.254813 0.000108001
0.660403  2768.67 0.254813 0.000108027
0.665772  2766.95 0.254813 0.000108094
0.671141  2764.13 0.254813 0.000108205
0.67651  2760.15 0.254813 0.000108361
0.681879  2755.01 0.254813 0.000108563
0.687248  2748.69 0.254813 0.000108813
0.692617  2741.19 0.254813 0.00010911
0.697987  2732.56 0.254813 0.000109455
0.703356  2722.83 0.254813 0.000109846
0.708725  2712.09 0.254813 0.000110281
0.714094  2700.42 0.254813 0.000110757
0.719463  2687.96 0.254813 0.000111271
0.724832  2674.85 0.254813 0.000111816
0.730201  2661.24 0.254813 0.000112388
0.73557  2647.32 0.254813 0.000112979
0.74094  2633.27 0.254813 0.000113582
0.746309  2619.28 0.254813 0.000114188
0.751678  2605.55 0.254813 0.00011479
0.757047  2592.26 0.254813 0.000115379
0.762416  2579.58 0.254813 0.000115946
0.767785  2567.66 0.254813 0.000116484
0.773154  2556.66 0.254813 0.000116985
0.778523  2546.75 0.254813 0.000117441
0.783893  2538.16 0.254813 0.000117838
0.789262  2531.32 0.254813 0.000118157
0.794631  2527.04 0.254813 0.000118357
0.8  2527.04 0.254813 0.000118357
