TITLE="Graphics"
VARIABLES= "x", "T", "Y fr", "rho"
-0.0219919  293 0 0.000871523
-0.013745  293 -2.38296e-09 0.000871523
-0.0085906  293 -1.45211e-09 0.000871523
-0.00536913  293 -1.81572e-09 0.000871523
0  293 -8.05686e-10 0.000871523
0.00536913  293 -1.81571e-09 0.000871523
0.0107383  293 -8.05682e-10 0.000871523
0.0161074  293 -1.81571e-09 0.000871523
0.0214765  293 -8.05677e-10 0.000871523
0.0268456  293 -1.81571e-09 0.000871523
0.0322148  293 -8.05673e-10 0.000871523
0.0375839  293 -1.8157e-09 0.000871523
0.042953  293 -8.05671e-10 0.000871523
0.0483221  293 -1.8157e-09 0.000871523
0.0536913  293 -8.05668e-10 0.000871523
0.0590604  293 -1.8157e-09 0.000871523
0.0644295  293 -8.05667e-10 0.000871523
0.0697987  293 -1.8157e-09 0.000871523
0.0751678  293 -8.05665e-10 0.000871523
0.0805369  293 -1.81569e-09 0.000871523
0.085906  293 -8.05663e-10 0.000871523
0.0912752  293 -1.81569e-09 0.000871523
0.0966443  293 -8.05661e-10 0.000871523
0.102013  293 -1.81569e-09 0.000871523
0.107383  293 -8.05667e-10 0.000871523
0.112752  293 -1.81565e-09 0.000871523
0.118121  293 -8.05803e-10 0.000871523
0.12349  293 -1.81515e-09 0.000871523
0.128859  293 -8.07441e-10 0.000871523
0.134228  293 -1.81027e-09 0.000871522
0.139597  293.001 -8.20592e-10 0.00087152
0.144966  293.003 -1.77755e-09 0.000871515
0.150336  293.007 -9.04572e-10 0.000871503
0.15302  293.011 -1.01847e-09 0.000871491
0.155705  293.016 -1.03217e-09 0.000871475
0.158389  293.024 -5.3419e-10 0.000871452
0.161074  293.035 -2.2248e-09 0.000871419
0.163758  293.051 2.499e-09 0.000871373
0.166443  293.072 -9.42482e-09 0.00087131
0.169128  293.1 1.88904e-08 0.000871225
0.171812  293.139 -4.49561e-08 0.000871111
0.174497  293.19 9.21677e-08 0.00087096
0.177181  293.257 -1.88136e-07 0.00087076
0.179866  293.344 3.55995e-07 0.000870502
0.18255  293.456 -6.43947e-07 0.000870169
0.185235  293.599 1.08919e-06 0.000869746
0.187919  293.779 -1.73215e-06 0.000869211
0.190604  294.005 2.56124e-06 0.000868547
0.193289  294.283 -3.51496e-06 0.000867721
0.195973  294.625 4.43953e-06 0.000866718
0.198658  295.04 -5.14496e-06 0.000865495
0.201342  295.539 5.45113e-06 0.00086404
0.204027  296.133 -5.3185e-06 0.000862301
0.206711  296.835 4.87562e-06 0.000860267
0.209396  297.656 -4.39017e-06 0.000857888
0.212081  298.61 4.0646e-06 0.000855153
0.214765  299.708 -3.9012e-06 0.000852015
0.21745  300.963 3.68954e-06 0.000848465
0.220134  302.389 -3.26364e-06 0.00084446
0.222819  304.001 2.68424e-06 0.000839986
0.225503  305.817 -2.19205e-06 0.000834996
0.228188  307.861 1.87113e-06 0.000829454
0.230872  310.169 -1.5574e-06 0.000823279
0.233557  312.799 1.08475e-06 0.00081636
0.236242  315.839 -5.81287e-07 0.0008085
0.238926  319.439 2.33648e-07 0.000799389
0.241611  323.841 3.19208e-08 0.000788523
0.244295  329.438 -4.12546e-07 0.000775127
0.24698  336.86 8.06224e-07 0.00075805
0.249664  347.094 -1.04408e-06 0.000735697
0.252349  361.64 1.26135e-06 0.000706107
0.255034  382.668 -1.57308e-06 0.000667304
0.257718  413.119 1.76045e-06 0.000618119
0.260403  456.624 -1.88802e-06 0.000559225
0.263087  517.171 2.10433e-06 0.000493756
0.265772  598.546 -2.11566e-06 0.000426627
0.268456  703.805 3.44841e-06 0.000362823
0.271141  834.981 1.55444e-05 0.000305826
0.273826  992.921 0.000197811 0.000257206
0.27651  1176.68 0.00142427 0.000217192
0.279195  1381.37 0.00703487 0.000185606
0.281879  1594.75 0.0241908 0.000162377
0.284564  1796.32 0.0600465 0.000147229
0.287248  1963.97 0.111209 0.000138884
0.289933  2085.41 0.162134 0.000135011
0.292617  2163.13 0.200685 0.000133414
0.295302  2208.52 0.225133 0.000132777
0.297987  2233.57 0.239116 0.000132509
0.300671  2247.02 0.246673 0.000132382
0.303356  2254.2 0.250636 0.000132311
0.30604  2258.09 0.252682 0.000132264
0.308725  2260.29 0.253729 0.000132228
0.311409  2261.63 0.254262 0.000132197
0.314094  2262.53 0.254534 0.000132169
0.316779  2263.2 0.254671 0.000132141
0.319463  2263.77 0.254741 0.000132115
0.322148  2264.29 0.254777 0.000132088
0.324832  2264.78 0.254795 0.000132061
0.327517  2265.26 0.254804 0.000132034
0.330201  2265.73 0.254808 0.000132006
0.332886  2266.21 0.254811 0.000131979
0.33557  2266.69 0.254812 0.000131951
0.338255  2267.17 0.254812 0.000131923
0.34094  2267.66 0.254813 0.000131894
0.343624  2268.15 0.254813 0.000131866
0.346309  2268.65 0.254813 0.000131837
0.348993  2269.15 0.254813 0.000131808
0.351678  2269.66 0.254813 0.000131778
0.354362  2270.17 0.254813 0.000131749
0.357047  2270.68 0.254813 0.000131719
0.359732  2271.2 0.254813 0.000131689
0.362416  2271.73 0.254813 0.000131658
0.365101  2272.26 0.254813 0.000131628
0.367785  2272.79 0.254813 0.000131597
0.37047  2273.33 0.254813 0.000131565
0.373154  2273.88 0.254813 0.000131534
0.375839  2274.42 0.254813 0.000131502
0.378523  2274.98 0.254813 0.00013147
0.381208  2275.54 0.254813 0.000131438
0.383893  2276.1 0.254813 0.000131405
0.386577  2276.67 0.254813 0.000131372
0.389262  2277.25 0.254813 0.000131339
0.391946  2277.83 0.254813 0.000131306
0.394631  2278.41 0.254813 0.000131272
0.397315  2279 0.254813 0.000131238
0.4  2279.6 0.254813 0.000131204
0.402685  2280.2 0.254813 0.000131169
0.405369  2280.8 0.254813 0.000131134
0.408054  2281.41 0.254813 0.000131099
0.410738  2282.03 0.254813 0.000131064
0.413423  2282.65 0.254813 0.000131028
0.418792  2283.91 0.254813 0.000130956
0.424161  2285.19 0.254813 0.000130882
0.42953  2286.49 0.254813 0.000130808
0.434899  2287.82 0.254813 0.000130732
0.440268  2289.17 0.254813 0.000130655
0.445638  2290.53 0.254813 0.000130577
0.451007  2291.92 0.254813 0.000130498
0.456376  2293.34 0.254813 0.000130418
0.461745  2294.77 0.254813 0.000130336
0.467114  2296.23 0.254813 0.000130253
0.472483  2297.72 0.254813 0.000130169
0.477852  2299.22 0.254813 0.000130084
0.483221  2300.75 0.254813 0.000129997
0.488591  2302.3 0.254813 0.00012991
0.49396  2303.88 0.254813 0.000129821
0.499329  2305.48 0.254813 0.000129731
0.504698  2307.11 0.254813 0.000129639
0.510067  2308.76 0.254813 0.000129547
0.515436  2310.43 0.254813 0.000129453
0.520805  2312.13 0.254813 0.000129358
0.526174  2313.85 0.254813 0.000129261
0.531544  2315.6 0.254813 0.000129164
0.536913  2317.37 0.254813 0.000129065
0.542282  2319.17 0.254813 0.000128965
0.547651  2321 0.254813 0.000128864
0.55302  2322.84 0.254813 0.000128761
0.558389  2324.72 0.254813 0.000128657
0.563758  2326.62 0.254813 0.000128552
0.569128  2328.55 0.254813 0.000128446
0.574497  2330.5 0.254813 0.000128338
0.579866  2332.48 0.254813 0.000128229
0.585235  2334.48 0.254813 0.000128119
0.590604  2336.52 0.254813 0.000128007
0.595973  2338.58 0.254813 0.000127895
0.601342  2340.66 0.254813 0.000127781
0.606711  2342.77 0.254813 0.000127666
0.612081  2344.91 0.254813 0.000127549
0.61745  2347.08 0.254813 0.000127432
0.622819  2349.27 0.254813 0.000127313
0.628188  2351.49 0.254813 0.000127192
0.633557  2353.74 0.254813 0.000127071
0.638926  2356.01 0.254813 0.000126948
0.644295  2358.31 0.254813 0.000126824
0.649664  2360.64 0.254813 0.000126699
0.655034  2363 0.254813 0.000126573
0.660403  2365.39 0.254813 0.000126445
0.665772  2367.8 0.254813 0.000126316
0.671141  2370.24 0.254813 0.000126186
0.67651  2372.71 0.254813 0.000126055
0.681879  2375.2 0.254813 0.000125923
0.687248  2377.73 0.254813 0.000125789
0.692617  2380.28 0.254813 0.000125654
0.697987  2382.86 0.254813 0.000125518
0.703356  2385.46 0.254813 0.000125381
0.708725  2388.1 0.254813 0.000125242
0.714094  2390.76 0.254813 0.000125103
0.719463  2393.45 0.254813 0.000124962
0.724832  2396.17 0.254813 0.000124821
0.730201  2398.91 0.254813 0.000124678
0.73557  2401.68 0.254813 0.000124534
0.74094  2404.46 0.254813 0.00012439
0.746309  2407.27 0.254813 0.000124245
0.751678  2410.09 0.254813 0.0001241
0.757047  2412.9 0.254813 0.000123955
0.762416  2415.7 0.254813 0.000123812
0.767785  2418.46 0.254813 0.000123671
0.773154  2421.12 0.254813 0.000123534
0.778523  2423.64 0.254813 0.000123406
0.783893  2425.9 0.254813 0.000123291
0.789262  2427.72 0.254813 0.000123198
0.794631  2428.85 0.254813 0.000123141
0.8  2428.85 0.254813 0.000123141
