TITLE="Graphics"
VARIABLES= "x", "T", "Y fr", "rho"
-0.0219919  293 0 0.000871523
-0.013745  293 -1.25674e-07 0.000871523
-0.0085906  293 -7.65827e-08 0.000871523
-0.00536913  293 -9.5759e-08 0.000871523
0  293 -4.24914e-08 0.000871523
0.00536913  293 -9.5759e-08 0.000871523
0.0107383  293 -4.24914e-08 0.000871523
0.0161074  293 -9.5759e-08 0.000871523
0.0214765  293 -4.24914e-08 0.000871523
0.0268456  293 -9.5759e-08 0.000871523
0.0322148  293 -4.24914e-08 0.000871523
0.0375839  293 -9.5759e-08 0.000871523
0.042953  293 -4.24914e-08 0.000871523
0.0483221  293 -9.5759e-08 0.000871523
0.0536913  293 -4.24914e-08 0.000871523
0.0590604  293 -9.5759e-08 0.000871523
0.0644295  293 -4.24914e-08 0.000871523
0.0697987  293 -9.5759e-08 0.000871523
0.0751678  293 -4.24914e-08 0.000871523
0.0805369  293 -9.5759e-08 0.000871523
0.085906  293 -4.24914e-08 0.000871523
0.0912752  293 -9.5759e-08 0.000871523
0.0966443  293 -4.24913e-08 0.000871523
0.102013  293 -9.5759e-08 0.000871523
0.107383  293 -4.24913e-08 0.000871523
0.112752  293 -9.5759e-08 0.000871523
0.118121  293 -4.24912e-08 0.000871523
0.12349  293 -9.57593e-08 0.000871523
0.128859  293 -4.24905e-08 0.000871523
0.134228  293 -9.57608e-08 0.000871523
0.139597  293 -4.24886e-08 0.000871523
0.144966  293 -9.57588e-08 0.000871523
0.150336  293 -4.25235e-08 0.000871523
0.15302  293 -5.57443e-08 0.000871522
0.155705  293.001 -4.26896e-08 0.00087152
0.158389  293.002 -5.52017e-08 0.000871518
0.161074  293.003 -4.42108e-08 0.000871513
0.163758  293.006 -5.11131e-08 0.000871506
0.166443  293.01 -5.46851e-08 0.000871494
0.169128  293.016 -2.56392e-08 0.000871475
0.171812  293.026 -1.13377e-07 0.000871445
0.174497  293.042 1.01846e-07 0.000871399
0.177181  293.065 -3.72741e-07 0.00087133
0.179866  293.099 5.91269e-07 0.000871229
0.18255  293.149 -1.21654e-06 0.000871081
0.185235  293.219 1.88643e-06 0.000870872
0.187919  293.318 -2.89429e-06 0.000870576
0.190604  293.454 3.45586e-06 0.000870175
0.193289  293.639 -3.09313e-06 0.000869626
0.195973  293.885 -3.40788e-08 0.0008689
0.198658  294.206 7.34691e-06 0.000867953
0.201342  294.621 -2.07162e-05 0.000866717
0.204027  295.148 3.97636e-05 0.0008652
0.206711  295.806 -6.24847e-05 0.000863226
0.209396  296.615 8.39145e-05 0.000860943
0.212081  297.596 -9.98203e-05 0.000858015
0.214765  298.768 0.000108221 0.000854752
0.21745  300.148 -0.000112526 0.000850713
0.220134  301.753 0.000117532 0.0008463
0.222819  303.594 -0.000126032 0.00084105
0.225503  305.682 0.000134709 0.00083543
0.228188  308.022 -0.000139582 0.000828953
0.230872  310.618 0.000140422 0.000822157
0.233557  313.47 -0.000142321 0.000814545
0.236242  316.578 0.000147054 0.000806682
0.238926  319.943 -0.000151425 0.00079806
0.241611  323.575 0.000151961 0.000789241
0.244295  327.499 -0.000152095 0.000779647
0.24698  331.788 0.00015479 0.000769706
0.249664  336.599 -0.000157747 0.000758567
0.252349  342.284 0.000157537 0.000746103
0.255034  349.58 -0.000157679 0.0007304
0.257718  359.993 0.00015989 0.000709402
0.260403  376.482 -0.000160915 0.000678208
0.263087  404.465 0.000160142 0.000631402
0.265772  452.815 -0.000161676 0.000563878
0.268456  533.626 0.00016209 0.000478575
0.271141  659.721 -0.000161548 0.000387031
0.273826  841.004 0.000167095 0.000303662
0.27651  1082.41 -2.15884e-05 0.000235911
0.279195  1381.37 0.00233615 0.000185105
0.281879  1717.81 0.0152187 0.000149962
0.284564  2044.06 0.056051 0.000129078
0.287248  2306.11 0.118019 0.000118775
0.289933  2481.62 0.174258 0.000114332
0.292617  2583.83 0.211859 0.000112507
0.295302  2638.3 0.233132 0.000111737
0.297987  2665.98 0.244174 0.000111392
0.300671  2679.79 0.249666 0.000111225
0.303356  2686.73 0.25234 0.000111137
0.30604  2690.31 0.253629 0.000111085
0.308725  2692.28 0.254247 0.00011105
0.311409  2693.48 0.254543 0.000111023
0.314094  2694.31 0.254684 0.000110999
0.316779  2694.97 0.254751 0.000110977
0.319463  2695.54 0.254784 0.000110956
0.322148  2696.08 0.254799 0.000110935
0.324832  2696.6 0.254806 0.000110914
0.327517  2697.12 0.25481 0.000110893
0.330201  2697.64 0.254811 0.000110872
0.332886  2698.15 0.254812 0.000110851
0.33557  2698.67 0.254813 0.000110829
0.338255  2699.19 0.254813 0.000110808
0.34094  2699.72 0.254813 0.000110786
0.343624  2700.24 0.254813 0.000110765
0.346309  2700.77 0.254813 0.000110743
0.348993  2701.31 0.254813 0.000110721
0.351678  2701.85 0.254813 0.000110699
0.354362  2702.39 0.254813 0.000110677
0.357047  2702.93 0.254813 0.000110655
0.359732  2703.48 0.254813 0.000110632
0.362416  2704.03 0.254813 0.00011061
0.365101  2704.58 0.254813 0.000110587
0.367785  2705.14 0.254813 0.000110564
0.37047  2705.7 0.254813 0.000110541
0.373154  2706.27 0.254813 0.000110518
0.375839  2706.84 0.254813 0.000110495
0.378523  2707.41 0.254813 0.000110472
0.381208  2707.98 0.254813 0.000110448
0.383893  2708.56 0.254813 0.000110425
0.386577  2709.14 0.254813 0.000110401
0.389262  2709.73 0.254813 0.000110377
0.391946  2710.32 0.254813 0.000110353
0.394631  2710.91 0.254813 0.000110329
0.397315  2711.5 0.254813 0.000110305
0.4  2712.1 0.254813 0.00011028
0.402685  2712.71 0.254813 0.000110256
0.405369  2713.31 0.254813 0.000110231
0.408054  2713.92 0.254813 0.000110206
0.410738  2714.54 0.254813 0.000110181
0.413423  2715.16 0.254813 0.000110156
0.418792  2716.4 0.254813 0.000110106
0.424161  2717.66 0.254813 0.000110055
0.42953  2718.94 0.254813 0.000110003
0.434899  2720.22 0.254813 0.000109951
0.440268  2721.53 0.254813 0.000109898
0.445638  2722.85 0.254813 0.000109845
0.451007  2724.18 0.254813 0.000109791
0.456376  2725.53 0.254813 0.000109737
0.461745  2726.89 0.254813 0.000109682
0.467114  2728.27 0.254813 0.000109627
0.472483  2729.67 0.254813 0.000109571
0.477852  2731.08 0.254813 0.000109514
0.483221  2732.5 0.254813 0.000109457
0.488591  2733.95 0.254813 0.000109399
0.49396  2735.4 0.254813 0.000109341
0.499329  2736.88 0.254813 0.000109282
0.504698  2738.37 0.254813 0.000109223
0.510067  2739.87 0.254813 0.000109163
0.515436  2741.39 0.254813 0.000109102
0.520805  2742.93 0.254813 0.000109041
0.526174  2744.48 0.254813 0.000108979
0.531544  2746.05 0.254813 0.000108917
0.536913  2747.64 0.254813 0.000108854
0.542282  2749.24 0.254813 0.00010879
0.547651  2750.87 0.254813 0.000108726
0.55302  2752.5 0.254813 0.000108662
0.558389  2754.16 0.254813 0.000108596
0.563758  2755.83 0.254813 0.000108531
0.569128  2757.52 0.254813 0.000108464
0.574497  2759.23 0.254813 0.000108397
0.579866  2760.95 0.254813 0.000108329
0.585235  2762.69 0.254813 0.000108261
0.590604  2764.45 0.254813 0.000108192
0.595973  2766.23 0.254813 0.000108122
0.601342  2768.03 0.254813 0.000108052
0.606711  2769.84 0.254813 0.000107981
0.612081  2771.68 0.254813 0.00010791
0.61745  2773.53 0.254813 0.000107838
0.622819  2775.4 0.254813 0.000107765
0.628188  2777.29 0.254813 0.000107692
0.633557  2779.19 0.254813 0.000107618
0.638926  2781.12 0.254813 0.000107544
0.644295  2783.06 0.254813 0.000107468
0.649664  2785.03 0.254813 0.000107393
0.655034  2787.01 0.254813 0.000107316
0.660403  2789.02 0.254813 0.000107239
0.665772  2791.04 0.254813 0.000107161
0.671141  2793.08 0.254813 0.000107083
0.67651  2795.14 0.254813 0.000107004
0.681879  2797.23 0.254813 0.000106924
0.687248  2799.33 0.254813 0.000106844
0.692617  2801.45 0.254813 0.000106763
0.697987  2803.59 0.254813 0.000106682
0.703356  2805.76 0.254813 0.000106599
0.708725  2807.94 0.254813 0.000106516
0.714094  2810.14 0.254813 0.000106433
0.719463  2812.37 0.254813 0.000106349
0.724832  2814.61 0.254813 0.000106264
0.730201  2816.88 0.254813 0.000106178
0.73557  2819.16 0.254813 0.000106092
0.74094  2821.47 0.254813 0.000106006
0.746309  2823.79 0.254813 0.000105918
0.751678  2826.13 0.254813 0.000105831
0.757047  2828.49 0.254813 0.000105743
0.762416  2830.85 0.254813 0.000105654
0.767785  2833.21 0.254813 0.000105566
0.773154  2835.55 0.254813 0.000105479
0.778523  2837.81 0.254813 0.000105395
0.783893  2839.92 0.254813 0.000105317
0.789262  2841.72 0.254813 0.00010525
0.794631  2842.91 0.254813 0.000105206
0.8  2842.91 0.254813 0.000105206
