TITLE="Graphics"
VARIABLES= "x", "T", "Y fr", "rho"
-0.0219919  293 0 0.000871523
-0.013745  293 -2.38296e-09 0.000871523
-0.0085906  293 -1.45211e-09 0.000871523
-0.00536913  293 -1.81572e-09 0.000871523
0  293 -8.05686e-10 0.000871523
0.00536913  293 -1.81571e-09 0.000871523
0.0107383  293 -8.05681e-10 0.000871523
0.0161074  293 -1.81571e-09 0.000871523
0.0214765  293 -8.05677e-10 0.000871523
0.0268456  293 -1.81571e-09 0.000871523
0.0322148  293 -8.05673e-10 0.000871523
0.0375839  293 -1.8157e-09 0.000871523
0.042953  293 -8.0567e-10 0.000871523
0.0483221  293 -1.8157e-09 0.000871523
0.0536913  293 -8.05668e-10 0.000871523
0.0590604  293 -1.8157e-09 0.000871523
0.0644295  293 -8.05666e-10 0.000871523
0.0697987  293 -1.8157e-09 0.000871523
0.0751678  293 -8.05664e-10 0.000871523
0.0805369  293 -1.81569e-09 0.000871523
0.085906  293 -8.05662e-10 0.000871523
0.0912752  293 -1.81569e-09 0.000871523
0.0966443  293 -8.05661e-10 0.000871523
0.102013  293 -1.81569e-09 0.000871523
0.107383  293 -8.05671e-10 0.000871523
0.112752  293 -1.81564e-09 0.000871523
0.118121  293 -8.05864e-10 0.000871523
0.12349  293 -1.81496e-09 0.000871523
0.128859  293 -8.08023e-10 0.000871523
0.134228  293 -1.80872e-09 0.000871522
0.139597  293.001 -8.24472e-10 0.00087152
0.144966  293.003 -1.76711e-09 0.000871515
0.150336  293.006 -9.41674e-10 0.000871504
0.15302  293.01 -9.82662e-10 0.000871494
0.155705  293.015 -1.16141e-09 0.000871478
0.158389  293.022 -2.18457e-10 0.000871457
0.161074  293.033 -3.01414e-09 0.000871426
0.163758  293.047 4.34686e-09 0.000871384
0.166443  293.066 -1.3573e-08 0.000871326
0.169128  293.092 2.77565e-08 0.000871248
0.171812  293.128 -6.29777e-08 0.000871143
0.174497  293.175 1.26853e-07 0.000871004
0.177181  293.236 -2.51045e-07 0.000870821
0.179866  293.316 4.6288e-07 0.000870584
0.18255  293.419 -8.12827e-07 0.000870278
0.185235  293.551 1.33499e-06 0.000869889
0.187919  293.716 -2.05743e-06 0.000869397
0.190604  293.924 2.94514e-06 0.000868786
0.193289  294.18 -3.9063e-06 0.000868024
0.195973  294.495 4.76288e-06 0.0008671
0.198658  294.878 -5.32556e-06 0.000865969
0.201342  295.339 5.45298e-06 0.000864623
0.204027  295.89 -5.17354e-06 0.00086301
0.206711  296.541 4.67489e-06 0.00086112
0.209396  297.304 -4.2278e-06 0.000858904
0.212081  298.192 3.96867e-06 0.00085635
0.214765  299.217 -3.81532e-06 0.000853412
0.21745  300.392 3.53681e-06 0.000850078
0.220134  301.731 -3.03674e-06 0.000846304
0.222819  303.248 2.45641e-06 0.000842073
0.225503  304.962 -2.02361e-06 0.000837337
0.228188  306.9 1.73011e-06 0.000832052
0.230872  309.098 -1.37386e-06 0.000826134
0.233557  311.614 8.65342e-07 0.000819464
0.236242  314.541 -3.97972e-07 0.000811838
0.238926  318.03 9.7145e-08 0.000802931
0.241611  322.328 1.8696e-07 0.000792226
0.244295  327.833 -5.94429e-07 0.000778921
0.24698  335.185 9.50116e-07 0.000761838
0.249664  345.381 -1.15621e-06 0.000739345
0.252349  359.937 1.40096e-06 0.000709448
0.255034  381.038 -1.70335e-06 0.000670159
0.257718  411.64 1.85083e-06 0.00062034
0.260403  455.378 -2.00142e-06 0.000560757
0.263087  516.223 2.20515e-06 0.000494663
0.265772  597.929 -2.19432e-06 0.000427068
0.268456  703.503 3.53289e-06 0.000362979
0.271141  834.93 1.54042e-05 0.000305844
0.273826  993.019 0.000198261 0.000257181
0.27651  1176.8 0.0014295 0.000217171
0.279195  1381.37 0.00706039 0.000185609
0.281879  1594.49 0.024259 0.00016241
0.284564  1795.71 0.0601631 0.000147289
0.287248  1962.99 0.111343 0.000138965
0.289933  2084.11 0.162247 0.000135105
0.292617  2161.6 0.200761 0.000133515
0.295302  2206.84 0.225178 0.000132883
0.297987  2231.79 0.239141 0.000132617
0.300671  2245.18 0.246686 0.000132491
0.303356  2252.31 0.250643 0.000132422
0.30604  2256.18 0.252685 0.000132376
0.308725  2258.35 0.25373 0.000132342
0.311409  2259.67 0.254263 0.000132312
0.314094  2260.54 0.254534 0.000132285
0.316779  2261.2 0.254672 0.000132259
0.319463  2261.75 0.254741 0.000132233
0.322148  2262.24 0.254777 0.000132207
0.324832  2262.71 0.254795 0.000132181
0.327517  2263.17 0.254804 0.000132155
0.330201  2263.62 0.254808 0.000132129
0.332886  2264.08 0.254811 0.000132103
0.33557  2264.53 0.254812 0.000132076
0.338255  2265 0.254812 0.000132049
0.34094  2265.46 0.254813 0.000132022
0.343624  2265.93 0.254813 0.000131995
0.346309  2266.41 0.254813 0.000131967
0.348993  2266.88 0.254813 0.000131939
0.351678  2267.37 0.254813 0.000131911
0.354362  2267.86 0.254813 0.000131883
0.357047  2268.35 0.254813 0.000131854
0.359732  2268.85 0.254813 0.000131825
0.362416  2269.35 0.254813 0.000131796
0.365101  2269.85 0.254813 0.000131767
0.367785  2270.37 0.254813 0.000131737
0.37047  2270.88 0.254813 0.000131707
0.373154  2271.4 0.254813 0.000131677
0.375839  2271.93 0.254813 0.000131647
0.378523  2272.46 0.254813 0.000131616
0.381208  2273 0.254813 0.000131585
0.383893  2273.54 0.254813 0.000131554
0.386577  2274.08 0.254813 0.000131522
0.389262  2274.63 0.254813 0.00013149
0.391946  2275.19 0.254813 0.000131458
0.394631  2275.75 0.254813 0.000131426
0.397315  2276.31 0.254813 0.000131393
0.4  2276.88 0.254813 0.00013136
0.402685  2277.46 0.254813 0.000131327
0.405369  2278.04 0.254813 0.000131294
0.408054  2278.62 0.254813 0.00013126
0.410738  2279.21 0.254813 0.000131226
0.413423  2279.81 0.254813 0.000131191
0.418792  2281.02 0.254813 0.000131122
0.424161  2282.25 0.254813 0.000131051
0.42953  2283.5 0.254813 0.00013098
0.434899  2284.77 0.254813 0.000130907
0.440268  2286.06 0.254813 0.000130833
0.445638  2287.37 0.254813 0.000130758
0.451007  2288.71 0.254813 0.000130681
0.456376  2290.07 0.254813 0.000130604
0.461745  2291.45 0.254813 0.000130525
0.467114  2292.85 0.254813 0.000130445
0.472483  2294.28 0.254813 0.000130364
0.477852  2295.72 0.254813 0.000130282
0.483221  2297.19 0.254813 0.000130199
0.488591  2298.69 0.254813 0.000130114
0.49396  2300.21 0.254813 0.000130028
0.499329  2301.75 0.254813 0.000129941
0.504698  2303.31 0.254813 0.000129853
0.510067  2304.9 0.254813 0.000129763
0.515436  2306.51 0.254813 0.000129673
0.520805  2308.15 0.254813 0.000129581
0.526174  2309.81 0.254813 0.000129488
0.531544  2311.49 0.254813 0.000129393
0.536913  2313.2 0.254813 0.000129298
0.542282  2314.94 0.254813 0.000129201
0.547651  2316.7 0.254813 0.000129103
0.55302  2318.48 0.254813 0.000129003
0.558389  2320.29 0.254813 0.000128903
0.563758  2322.12 0.254813 0.000128801
0.569128  2323.98 0.254813 0.000128698
0.574497  2325.87 0.254813 0.000128593
0.579866  2327.78 0.254813 0.000128488
0.585235  2329.72 0.254813 0.000128381
0.590604  2331.68 0.254813 0.000128273
0.595973  2333.67 0.254813 0.000128164
0.601342  2335.69 0.254813 0.000128053
0.606711  2337.73 0.254813 0.000127941
0.612081  2339.8 0.254813 0.000127828
0.61745  2341.89 0.254813 0.000127714
0.622819  2344.01 0.254813 0.000127598
0.628188  2346.16 0.254813 0.000127481
0.633557  2348.33 0.254813 0.000127363
0.638926  2350.53 0.254813 0.000127244
0.644295  2352.76 0.254813 0.000127124
0.649664  2355.02 0.254813 0.000127002
0.655034  2357.3 0.254813 0.000126879
0.660403  2359.61 0.254813 0.000126755
0.665772  2361.95 0.254813 0.000126629
0.671141  2364.31 0.254813 0.000126503
0.67651  2366.71 0.254813 0.000126375
0.681879  2369.12 0.254813 0.000126246
0.687248  2371.57 0.254813 0.000126115
0.692617  2374.04 0.254813 0.000125984
0.697987  2376.55 0.254813 0.000125851
0.703356  2379.08 0.254813 0.000125718
0.708725  2381.64 0.254813 0.000125582
0.714094  2384.22 0.254813 0.000125446
0.719463  2386.83 0.254813 0.000125309
0.724832  2389.47 0.254813 0.000125171
0.730201  2392.13 0.254813 0.000125032
0.73557  2394.81 0.254813 0.000124891
0.74094  2397.52 0.254813 0.00012475
0.746309  2400.25 0.254813 0.000124609
0.751678  2402.98 0.254813 0.000124467
0.757047  2405.72 0.254813 0.000124325
0.762416  2408.44 0.254813 0.000124185
0.767785  2411.11 0.254813 0.000124047
0.773154  2413.71 0.254813 0.000123914
0.778523  2416.15 0.254813 0.000123788
0.783893  2418.35 0.254813 0.000123676
0.789262  2420.12 0.254813 0.000123585
0.794631  2421.22 0.254813 0.00012353
0.8  2421.22 0.254813 0.00012353
