TITLE="Graphics"
VARIABLES= "x", "T", "Y fr", "rho"
-0.0219919  293 0 0.000871523
-0.013745  293 -1.25674e-07 0.000871523
-0.0085906  293 -7.65827e-08 0.000871523
-0.00536913  293 -9.5759e-08 0.000871523
0  293 -4.24914e-08 0.000871523
0.00536913  293 -9.5759e-08 0.000871523
0.0107383  293 -4.24914e-08 0.000871523
0.0161074  293 -9.5759e-08 0.000871523
0.0214765  293 -4.24914e-08 0.000871523
0.0268456  293 -9.5759e-08 0.000871523
0.0322148  293 -4.24914e-08 0.000871523
0.0375839  293 -9.5759e-08 0.000871523
0.042953  293 -4.24914e-08 0.000871523
0.0483221  293 -9.57586e-08 0.000871523
0.0536913  293 -4.24929e-08 0.000871523
0.0590604  293 -9.57524e-08 0.000871523
0.0644295  293 -4.25178e-08 0.000871523
0.0697987  293 -9.56573e-08 0.000871523
0.0751678  293 -4.28644e-08 0.000871523
0.0805369  293 -9.44502e-08 0.000871523
0.085906  293 -4.68687e-08 0.000871523
0.0912752  293 -8.18558e-08 0.000871523
0.0966443  293 -8.41693e-08 0.000871523
0.102013  293 2.11241e-08 0.000871523
0.107383  293 -3.45075e-07 0.000871523
0.112752  293 6.11459e-07 0.000871523
0.118121  293 -1.47214e-06 0.000871522
0.12349  293 2.14394e-06 0.000871524
0.128859  293 -1.56942e-06 0.000871522
0.134228  293 -6.32527e-06 0.00087152
0.139597  293 3.47415e-05 0.000871541
0.144966  293 -0.000109628 0.000871468
0.150336  293 0.000259445 0.000871653
0.15302  293 2.87012e-05 0.000871538
0.155705  293 0.000180899 0.000871614
0.158389  293 -8.73948e-05 0.000871479
0.161074  293 0.0001446 0.000871595
0.163758  293 -0.000129446 0.000871458
0.166443  293 0.000129459 0.000871588
0.169128  293 -0.000137508 0.000871454
0.171812  293 0.000133631 0.00087159
0.174497  293 -0.00014787 0.000871449
0.177181  293 0.000148783 0.000871597
0.179866  293 -0.000155755 0.000871445
0.18255  293 0.000152782 0.000871599
0.185235  293 -0.000152753 0.000871445
0.187919  293.001 0.000152451 0.000871597
0.190604  293.001 -0.000156563 0.000871442
0.193289  293.001 0.000160213 0.000871599
0.195973  293.002 -0.000161755 0.000871436
0.198658  293.003 0.000160068 0.000871595
0.201342  293.004 -0.000158886 0.000871432
0.204027  293.006 0.000160226 0.000871586
0.206711  293.008 -0.000163368 0.000871418
0.209396  293.011 0.000164466 0.000871573
0.212081  293.015 -0.00016306 0.000871397
0.214765  293.021 0.000161657 0.000871543
0.21745  293.028 -0.000163134 0.000871359
0.220134  293.038 0.000165275 0.000871494
0.222819  293.05 -0.000165288 0.00087129
0.225503  293.068 0.000163371 0.000871404
0.228188  293.09 -0.000163391 0.000871173
0.230872  293.121 0.000165235 0.000871246
0.233557  293.164 -0.000165952 0.000870953
0.236242  293.226 0.000164244 0.000870934
0.238926  293.32 -0.000163805 0.000870491
0.241611  293.473 0.000165304 0.000870202
0.244295  293.738 -0.000165955 0.000869252
0.24698  294.225 0.000164394 0.000867976
0.249664  295.164 -0.000164275 0.000865053
0.252349  297.028 0.000165554 0.000859787
0.255034  300.794 -0.000165461 0.000848861
0.257718  308.425 0.000164269 0.000828014
0.260403  323.711 -0.000165168 0.000788767
0.263087  353.346 0.000165391 0.000722749
0.265772  407.555 -0.000164538 0.000626497
0.268456  498.662 0.000165294 0.000512132
0.271141  637.543 -0.000164947 0.000400494
0.273826  830.697 0.000167363 0.000307429
0.27651  1080.07 -3.81808e-05 0.000236421
0.279195  1381.37 0.00241796 0.000185114
0.281879  1713.98 0.0161079 0.000150374
0.284564  2031.35 0.0585663 0.000130079
0.287248  2282.54 0.121404 0.000120252
0.289933  2448.36 0.177211 0.000116104
0.292617  2543.55 0.213879 0.000114439
0.295302  2593.53 0.234342 0.000113757
0.297987  2618.49 0.244849 0.000113463
0.300671  2630.64 0.250028 0.000113331
0.303356  2636.48 0.252529 0.000113269
0.30604  2639.28 0.253727 0.00011324
0.308725  2640.62 0.254297 0.000113226
0.311409  2641.27 0.254568 0.000113219
0.314094  2641.59 0.254697 0.000113215
0.316779  2641.75 0.254758 0.000113213
0.319463  2641.84 0.254787 0.000113211
0.322148  2641.9 0.254801 0.00011321
0.324832  2641.93 0.254807 0.000113209
0.327517  2641.96 0.25481 0.000113208
0.330201  2641.99 0.254812 0.000113207
0.332886  2642.01 0.254812 0.000113206
0.33557  2642.03 0.254813 0.000113205
0.338255  2642.06 0.254813 0.000113204
0.34094  2642.08 0.254813 0.000113203
0.343624  2642.11 0.254813 0.000113202
0.346309  2642.13 0.254813 0.000113201
0.348993  2642.16 0.254813 0.0001132
0.351678  2642.18 0.254813 0.000113199
0.354362  2642.21 0.254813 0.000113198
0.357047  2642.23 0.254813 0.000113197
0.359732  2642.26 0.254813 0.000113195
0.362416  2642.29 0.254813 0.000113194
0.365101  2642.31 0.254813 0.000113193
0.367785  2642.34 0.254813 0.000113192
0.37047  2642.37 0.254813 0.000113191
0.373154  2642.4 0.254813 0.00011319
0.375839  2642.43 0.254813 0.000113188
0.378523  2642.46 0.254813 0.000113187
0.381208  2642.49 0.254813 0.000113186
0.383893  2642.52 0.254813 0.000113184
0.386577  2642.55 0.254813 0.000113183
0.389262  2642.58 0.254813 0.000113182
0.391946  2642.61 0.254813 0.00011318
0.394631  2642.64 0.254813 0.000113179
0.397315  2642.67 0.254813 0.000113178
0.4  2642.71 0.254813 0.000113176
0.402685  2642.74 0.254813 0.000113175
0.405369  2642.77 0.254813 0.000113173
0.408054  2642.81 0.254813 0.000113172
0.410738  2642.84 0.254813 0.00011317
0.413423  2642.88 0.254813 0.000113169
0.418792  2642.95 0.254813 0.000113166
0.424161  2643.03 0.254813 0.000113163
0.42953  2643.1 0.254813 0.000113159
0.434899  2643.18 0.254813 0.000113156
0.440268  2643.27 0.254813 0.000113152
0.445638  2643.35 0.254813 0.000113149
0.451007  2643.44 0.254813 0.000113145
0.456376  2643.52 0.254813 0.000113141
0.461745  2643.61 0.254813 0.000113137
0.467114  2643.71 0.254813 0.000113133
0.472483  2643.8 0.254813 0.000113129
0.477852  2643.9 0.254813 0.000113125
0.483221  2644 0.254813 0.000113121
0.488591  2644.11 0.254813 0.000113116
0.49396  2644.22 0.254813 0.000113112
0.499329  2644.33 0.254813 0.000113107
0.504698  2644.44 0.254813 0.000113102
0.510067  2644.55 0.254813 0.000113097
0.515436  2644.67 0.254813 0.000113092
0.520805  2644.79 0.254813 0.000113087
0.526174  2644.92 0.254813 0.000113082
0.531544  2645.05 0.254813 0.000113076
0.536913  2645.18 0.254813 0.00011307
0.542282  2645.31 0.254813 0.000113065
0.547651  2645.45 0.254813 0.000113059
0.55302  2645.59 0.254813 0.000113053
0.558389  2645.74 0.254813 0.000113047
0.563758  2645.89 0.254813 0.00011304
0.569128  2646.04 0.254813 0.000113034
0.574497  2646.2 0.254813 0.000113027
0.579866  2646.36 0.254813 0.00011302
0.585235  2646.52 0.254813 0.000113013
0.590604  2646.69 0.254813 0.000113006
0.595973  2646.86 0.254813 0.000112999
0.601342  2647.04 0.254813 0.000112991
0.606711  2647.22 0.254813 0.000112983
0.612081  2647.4 0.254813 0.000112976
0.61745  2647.59 0.254813 0.000112967
0.622819  2647.78 0.254813 0.000112959
0.628188  2647.98 0.254813 0.000112951
0.633557  2648.19 0.254813 0.000112942
0.638926  2648.39 0.254813 0.000112933
0.644295  2648.6 0.254813 0.000112924
0.649664  2648.82 0.254813 0.000112915
0.655034  2649.04 0.254813 0.000112906
0.660403  2649.27 0.254813 0.000112896
0.665772  2649.5 0.254813 0.000112886
0.671141  2649.74 0.254813 0.000112876
0.67651  2649.98 0.254813 0.000112866
0.681879  2650.23 0.254813 0.000112855
0.687248  2650.48 0.254813 0.000112844
0.692617  2650.74 0.254813 0.000112833
0.697987  2651 0.254813 0.000112822
0.703356  2651.27 0.254813 0.000112811
0.708725  2651.54 0.254813 0.000112799
0.714094  2651.83 0.254813 0.000112787
0.719463  2652.11 0.254813 0.000112775
0.724832  2652.4 0.254813 0.000112762
0.730201  2652.7 0.254813 0.00011275
0.73557  2653.01 0.254813 0.000112737
0.74094  2653.31 0.254813 0.000112724
0.746309  2653.63 0.254813 0.00011271
0.751678  2653.95 0.254813 0.000112697
0.757047  2654.28 0.254813 0.000112683
0.762416  2654.61 0.254813 0.000112669
0.767785  2654.94 0.254813 0.000112655
0.773154  2655.27 0.254813 0.000112641
0.778523  2655.6 0.254813 0.000112627
0.783893  2655.9 0.254813 0.000112614
0.789262  2656.16 0.254813 0.000112603
0.794631  2656.33 0.254813 0.000112596
0.8  2656.33 0.254813 0.000112596
