TITLE="Graphics"
VARIABLES= "x", "T", "Y fr", "rho"
-0.0219919  293 0 0.000871523
-0.013745  293 -1.25674e-07 0.000871523
-0.0085906  293 -7.65827e-08 0.000871523
-0.00536913  293 -9.5759e-08 0.000871523
0  293 -4.24914e-08 0.000871523
0.00536913  293 -9.5759e-08 0.000871523
0.0107383  293 -4.24914e-08 0.000871523
0.0161074  293 -9.5759e-08 0.000871523
0.0214765  293 -4.24914e-08 0.000871523
0.0268456  293 -9.5759e-08 0.000871523
0.0322148  293 -4.24914e-08 0.000871523
0.0375839  293 -9.57588e-08 0.000871523
0.042953  293 -4.24923e-08 0.000871523
0.0483221  293 -9.57552e-08 0.000871523
0.0536913  293 -4.25062e-08 0.000871523
0.0590604  293 -9.57028e-08 0.000871523
0.0644295  293 -4.26945e-08 0.000871523
0.0697987  293 -9.50553e-08 0.000871523
0.0751678  293 -4.48209e-08 0.000871523
0.0805369  293 -8.84152e-08 0.000871523
0.085906  293 -6.44224e-08 0.000871523
0.0912752  293 -3.41831e-08 0.000871523
0.0966443  293 -2.03237e-07 0.000871523
0.102013  293 2.8753e-07 0.000871523
0.107383  293 -8.5077e-07 0.000871523
0.112752  293 1.30577e-06 0.000871524
0.118121  293 -1.58222e-06 0.000871522
0.12349  293 -1.35444e-06 0.000871522
0.128859  293 1.38448e-05 0.00087153
0.134228  293 -5.11628e-05 0.000871498
0.139597  293 0.000135861 0.000871591
0.144966  293 -0.000288021 0.000871379
0.150336  293 0.000486838 0.000871767
0.15302  293 0.000166586 0.000871606
0.155705  293 0.000347499 0.000871697
0.158389  293 1.15123e-05 0.000871529
0.161074  293 0.000222682 0.000871635
0.163758  293 -8.52441e-05 0.000871481
0.166443  293 0.000162514 0.000871604
0.169128  293 -0.00013834 0.000871454
0.171812  293 0.000152407 0.000871599
0.174497  293 -0.000158351 0.000871444
0.177181  293 0.000150596 0.000871598
0.179866  293 -0.000156185 0.000871445
0.18255  293 0.000150692 0.000871598
0.185235  293 -0.000158503 0.000871443
0.187919  293 0.00015954 0.000871602
0.190604  293.001 -0.000162938 0.00087144
0.193289  293.001 0.000160334 0.000871601
0.195973  293.001 -0.00015945 0.00087144
0.198658  293.002 0.000160017 0.000871599
0.201342  293.002 -0.000163271 0.000871435
0.204027  293.003 0.000164773 0.000871597
0.206711  293.004 -0.000163764 0.000871429
0.209396  293.006 0.000161916 0.000871587
0.212081  293.008 -0.000162707 0.000871418
0.214765  293.011 0.000164961 0.000871573
0.21745  293.015 -0.000165802 0.000871395
0.220134  293.02 0.000164038 0.000871544
0.222819  293.028 -0.00016315 0.000871359
0.225503  293.038 0.000164551 0.000871493
0.228188  293.051 -0.000166158 0.000871288
0.230872  293.071 0.00016507 0.000871396
0.233557  293.099 -0.000163718 0.000871147
0.236242  293.143 0.000164478 0.000871181
0.238926  293.215 -0.000166095 0.000870801
0.241611  293.341 0.000165263 0.000870592
0.244295  293.574 -0.00016403 0.000869736
0.24698  294.025 0.000164734 0.000868568
0.249664  294.921 -0.000165961 0.000865765
0.252349  296.738 0.000164911 0.000860626
0.255034  300.455 -0.000164335 0.000849817
0.257718  308.043 0.000165326 0.000829042
0.260403  323.3 -0.000165403 0.000789769
0.263087  352.937 0.000164406 0.000723586
0.265772  407.193 -0.000165383 0.000627054
0.268456  498.39 0.000164972 0.000512411
0.271141  637.381 -0.000164802 0.000400596
0.273826  830.633 0.000167825 0.000307453
0.27651  1080.06 -3.75774e-05 0.000236422
0.279195  1381.37 0.00241976 0.000185114
0.281879  1713.93 0.0161172 0.000150379
0.284564  2031.22 0.0585885 0.00013009
0.287248  2282.3 0.121433 0.000120266
0.289933  2448.04 0.177235 0.000116121
0.292617  2543.17 0.213894 0.000114458
0.295302  2593.11 0.234351 0.000113776
0.297987  2618.04 0.244855 0.000113483
0.300671  2630.17 0.25003 0.000113351
0.303356  2636.01 0.252531 0.00011329
0.30604  2638.79 0.253727 0.000113261
0.308725  2640.13 0.254297 0.000113248
0.311409  2640.77 0.254568 0.000113241
0.314094  2641.08 0.254697 0.000113237
0.316779  2641.23 0.254758 0.000113235
0.319463  2641.31 0.254787 0.000113234
0.322148  2641.36 0.254801 0.000113233
0.324832  2641.39 0.254807 0.000113232
0.327517  2641.41 0.25481 0.000113232
0.330201  2641.43 0.254812 0.000113231
0.332886  2641.44 0.254812 0.00011323
0.33557  2641.46 0.254813 0.00011323
0.338255  2641.47 0.254813 0.000113229
0.34094  2641.49 0.254813 0.000113228
0.343624  2641.5 0.254813 0.000113228
0.346309  2641.52 0.254813 0.000113227
0.348993  2641.53 0.254813 0.000113227
0.351678  2641.55 0.254813 0.000113226
0.354362  2641.57 0.254813 0.000113225
0.357047  2641.58 0.254813 0.000113224
0.359732  2641.6 0.254813 0.000113224
0.362416  2641.62 0.254813 0.000113223
0.365101  2641.63 0.254813 0.000113222
0.367785  2641.65 0.254813 0.000113222
0.37047  2641.67 0.254813 0.000113221
0.373154  2641.69 0.254813 0.00011322
0.375839  2641.7 0.254813 0.000113219
0.378523  2641.72 0.254813 0.000113218
0.381208  2641.74 0.254813 0.000113218
0.383893  2641.76 0.254813 0.000113217
0.386577  2641.78 0.254813 0.000113216
0.389262  2641.8 0.254813 0.000113215
0.391946  2641.82 0.254813 0.000113214
0.394631  2641.84 0.254813 0.000113213
0.397315  2641.86 0.254813 0.000113213
0.4  2641.88 0.254813 0.000113212
0.402685  2641.9 0.254813 0.000113211
0.405369  2641.92 0.254813 0.00011321
0.408054  2641.94 0.254813 0.000113209
0.410738  2641.97 0.254813 0.000113208
0.413423  2641.99 0.254813 0.000113207
0.418792  2642.03 0.254813 0.000113205
0.424161  2642.08 0.254813 0.000113203
0.42953  2642.13 0.254813 0.000113201
0.434899  2642.18 0.254813 0.000113199
0.440268  2642.23 0.254813 0.000113197
0.445638  2642.28 0.254813 0.000113194
0.451007  2642.34 0.254813 0.000113192
0.456376  2642.39 0.254813 0.00011319
0.461745  2642.45 0.254813 0.000113187
0.467114  2642.51 0.254813 0.000113185
0.472483  2642.57 0.254813 0.000113182
0.477852  2642.64 0.254813 0.000113179
0.483221  2642.7 0.254813 0.000113176
0.488591  2642.77 0.254813 0.000113174
0.49396  2642.84 0.254813 0.000113171
0.499329  2642.91 0.254813 0.000113168
0.504698  2642.98 0.254813 0.000113164
0.510067  2643.06 0.254813 0.000113161
0.515436  2643.13 0.254813 0.000113158
0.520805  2643.21 0.254813 0.000113155
0.526174  2643.3 0.254813 0.000113151
0.531544  2643.38 0.254813 0.000113147
0.536913  2643.47 0.254813 0.000113144
0.542282  2643.56 0.254813 0.00011314
0.547651  2643.65 0.254813 0.000113136
0.55302  2643.74 0.254813 0.000113132
0.558389  2643.84 0.254813 0.000113128
0.563758  2643.94 0.254813 0.000113124
0.569128  2644.04 0.254813 0.000113119
0.574497  2644.14 0.254813 0.000113115
0.579866  2644.25 0.254813 0.00011311
0.585235  2644.36 0.254813 0.000113105
0.590604  2644.48 0.254813 0.000113101
0.595973  2644.59 0.254813 0.000113096
0.601342  2644.71 0.254813 0.000113091
0.606711  2644.83 0.254813 0.000113085
0.612081  2644.96 0.254813 0.00011308
0.61745  2645.09 0.254813 0.000113074
0.622819  2645.22 0.254813 0.000113069
0.628188  2645.35 0.254813 0.000113063
0.633557  2645.49 0.254813 0.000113057
0.638926  2645.63 0.254813 0.000113051
0.644295  2645.78 0.254813 0.000113045
0.649664  2645.93 0.254813 0.000113038
0.655034  2646.08 0.254813 0.000113032
0.660403  2646.24 0.254813 0.000113025
0.665772  2646.4 0.254813 0.000113018
0.671141  2646.56 0.254813 0.000113011
0.67651  2646.73 0.254813 0.000113004
0.681879  2646.9 0.254813 0.000112997
0.687248  2647.08 0.254813 0.000112989
0.692617  2647.26 0.254813 0.000112982
0.697987  2647.45 0.254813 0.000112974
0.703356  2647.63 0.254813 0.000112966
0.708725  2647.83 0.254813 0.000112957
0.714094  2648.03 0.254813 0.000112949
0.719463  2648.23 0.254813 0.00011294
0.724832  2648.44 0.254813 0.000112931
0.730201  2648.65 0.254813 0.000112922
0.73557  2648.86 0.254813 0.000112913
0.74094  2649.08 0.254813 0.000112904
0.746309  2649.31 0.254813 0.000112894
0.751678  2649.54 0.254813 0.000112884
0.757047  2649.78 0.254813 0.000112874
0.762416  2650.01 0.254813 0.000112864
0.767785  2650.25 0.254813 0.000112854
0.773154  2650.49 0.254813 0.000112844
0.778523  2650.73 0.254813 0.000112834
0.783893  2650.95 0.254813 0.000112824
0.789262  2651.14 0.254813 0.000112816
0.794631  2651.26 0.254813 0.000112811
0.8  2651.26 0.254813 0.000112811
