TITLE="Graphics"
VARIABLES= "x", "T", "Y fr", "rho"
-0.0219919  293 0 0.000871523
-0.013745  293 -1.25674e-07 0.000871523
-0.0085906  293 -7.65827e-08 0.000871523
-0.00536913  293 -9.5759e-08 0.000871523
0  293 -4.24914e-08 0.000871523
0.00536913  293 -9.5759e-08 0.000871523
0.0107383  293 -4.24914e-08 0.000871523
0.0161074  293 -9.5759e-08 0.000871523
0.0214765  293 -4.24914e-08 0.000871523
0.0268456  293 -9.5759e-08 0.000871523
0.0322148  293 -4.24914e-08 0.000871523
0.0375839  293 -9.5759e-08 0.000871523
0.042953  293 -4.24914e-08 0.000871523
0.0483221  293 -9.5759e-08 0.000871523
0.0536913  293 -4.24914e-08 0.000871523
0.0590604  293 -9.5759e-08 0.000871523
0.0644295  293 -4.24914e-08 0.000871523
0.0697987  293 -9.5759e-08 0.000871523
0.0751678  293 -4.24914e-08 0.000871523
0.0805369  293 -9.5759e-08 0.000871523
0.085906  293 -4.24913e-08 0.000871523
0.0912752  293 -9.5759e-08 0.000871523
0.0966443  293 -4.24913e-08 0.000871523
0.102013  293 -9.5759e-08 0.000871523
0.107383  293 -4.24913e-08 0.000871523
0.112752  293 -9.57591e-08 0.000871523
0.118121  293 -4.2491e-08 0.000871523
0.12349  293 -9.57598e-08 0.000871523
0.128859  293 -4.24899e-08 0.000871523
0.134228  293 -9.57597e-08 0.000871523
0.139597  293 -4.25025e-08 0.000871523
0.144966  293 -9.56679e-08 0.000871523
0.150336  293 -4.30334e-08 0.000871523
0.15302  293 -5.51334e-08 0.000871522
0.155705  293.001 -4.45967e-08 0.000871521
0.158389  293.001 -5.03556e-08 0.00087152
0.161074  293.002 -5.61597e-08 0.000871517
0.163758  293.003 -2.31147e-08 0.000871513
0.166443  293.006 -1.16905e-07 0.000871506
0.169128  293.009 1.04875e-07 0.000871496
0.171812  293.015 -3.69966e-07 0.000871478
0.174497  293.024 5.69864e-07 0.000871453
0.177181  293.037 -1.1521e-06 0.000871413
0.179866  293.056 1.74292e-06 0.000871357
0.18255  293.084 -2.63663e-06 0.000871271
0.185235  293.125 3.08615e-06 0.000871154
0.187919  293.182 -2.7134e-06 0.000870982
0.190604  293.26 -1.56927e-07 0.000870749
0.193289  293.368 6.78156e-06 0.000870432
0.195973  293.514 -1.90239e-05 0.000869989
0.198658  293.706 3.68386e-05 0.000869447
0.201342  293.958 -5.89122e-05 0.000868655
0.204027  294.281 8.09637e-05 0.000867769
0.206711  294.692 -9.87477e-05 0.00086647
0.209396  295.206 0.000109152 0.000865065
0.212081  295.84 -0.000113966 0.0008631
0.214765  296.611 0.000117502 0.000860971
0.21745  297.537 -0.000124195 0.000858173
0.220134  298.633 0.000133041 0.000855148
0.222819  299.916 -0.000140053 0.000851357
0.225503  301.399 0.00014218 0.000847306
0.228188  303.093 -0.000142652 0.000842432
0.230872  305.008 0.000145519 0.000837282
0.233557  307.151 -0.000150749 0.000831298
0.236242  309.53 0.000153437 0.000825054
0.238926  312.152 -0.000153129 0.000817978
0.241611  315.036 0.000153696 0.000810635
0.244295  318.214 -0.000157116 0.000802394
0.24698  321.768 0.000158977 0.000793676
0.249664  325.87 -0.000158326 0.000783543
0.252349  330.891 0.000158757 0.000771793
0.255034  337.611 -0.000161286 0.000756293
0.257718  347.617 0.000161532 0.00073466
0.260403  364.019 -0.000160964 0.000701427
0.263087  392.482 0.0001624 0.00065068
0.265772  442.165 -0.000162991 0.000577459
0.268456  525.262 0.000162205 0.000486196
0.271141  654.252 -0.000163613 0.000390266
0.273826  838.318 0.000166534 0.000304635
0.27651  1081.69 -2.69358e-05 0.000236067
0.279195  1381.37 0.00235057 0.000185107
0.281879  1717.11 0.0154128 0.00015004
0.284564  2041.45 0.0566297 0.000129287
0.287248  2301.06 0.118817 0.000119094
0.289933  2474.35 0.174965 0.00011472
0.292617  2574.94 0.212348 0.000112932
0.295302  2628.36 0.233427 0.000112182
0.297987  2655.41 0.24434 0.000111848
0.300671  2668.85 0.249755 0.000111688
0.303356  2675.55 0.252387 0.000111605
0.30604  2678.97 0.253653 0.000111557
0.308725  2680.82 0.25426 0.000111526
0.311409  2681.92 0.254549 0.000111502
0.314094  2682.66 0.254687 0.000111481
0.316779  2683.23 0.254753 0.000111462
0.319463  2683.72 0.254784 0.000111444
0.322148  2684.18 0.254799 0.000111427
0.324832  2684.62 0.254807 0.000111409
0.327517  2685.05 0.25481 0.000111391
0.330201  2685.49 0.254812 0.000111373
0.332886  2685.92 0.254812 0.000111355
0.33557  2686.35 0.254813 0.000111337
0.338255  2686.79 0.254813 0.000111319
0.34094  2687.23 0.254813 0.000111301
0.343624  2687.68 0.254813 0.000111283
0.346309  2688.12 0.254813 0.000111264
0.348993  2688.57 0.254813 0.000111246
0.351678  2689.03 0.254813 0.000111227
0.354362  2689.48 0.254813 0.000111208
0.357047  2689.94 0.254813 0.000111189
0.359732  2690.4 0.254813 0.00011117
0.362416  2690.87 0.254813 0.000111151
0.365101  2691.33 0.254813 0.000111131
0.367785  2691.8 0.254813 0.000111112
0.37047  2692.28 0.254813 0.000111092
0.373154  2692.75 0.254813 0.000111073
0.375839  2693.23 0.254813 0.000111053
0.378523  2693.72 0.254813 0.000111033
0.381208  2694.2 0.254813 0.000111013
0.383893  2694.69 0.254813 0.000110993
0.386577  2695.19 0.254813 0.000110973
0.389262  2695.68 0.254813 0.000110952
0.391946  2696.18 0.254813 0.000110932
0.394631  2696.68 0.254813 0.000110911
0.397315  2697.19 0.254813 0.00011089
0.4  2697.7 0.254813 0.000110869
0.402685  2698.21 0.254813 0.000110848
0.405369  2698.72 0.254813 0.000110827
0.408054  2699.24 0.254813 0.000110806
0.410738  2699.76 0.254813 0.000110785
0.413423  2700.28 0.254813 0.000110763
0.418792  2701.34 0.254813 0.00011072
0.424161  2702.41 0.254813 0.000110676
0.42953  2703.5 0.254813 0.000110631
0.434899  2704.6 0.254813 0.000110586
0.440268  2705.71 0.254813 0.000110541
0.445638  2706.83 0.254813 0.000110495
0.451007  2707.97 0.254813 0.000110449
0.456376  2709.12 0.254813 0.000110402
0.461745  2710.29 0.254813 0.000110354
0.467114  2711.46 0.254813 0.000110306
0.472483  2712.66 0.254813 0.000110258
0.477852  2713.86 0.254813 0.000110209
0.483221  2715.09 0.254813 0.000110159
0.488591  2716.32 0.254813 0.000110109
0.49396  2717.57 0.254813 0.000110059
0.499329  2718.83 0.254813 0.000110007
0.504698  2720.11 0.254813 0.000109956
0.510067  2721.4 0.254813 0.000109903
0.515436  2722.71 0.254813 0.000109851
0.520805  2724.03 0.254813 0.000109797
0.526174  2725.37 0.254813 0.000109744
0.531544  2726.72 0.254813 0.000109689
0.536913  2728.08 0.254813 0.000109634
0.542282  2729.46 0.254813 0.000109579
0.547651  2730.86 0.254813 0.000109523
0.55302  2732.27 0.254813 0.000109466
0.558389  2733.7 0.254813 0.000109409
0.563758  2735.14 0.254813 0.000109351
0.569128  2736.6 0.254813 0.000109293
0.574497  2738.07 0.254813 0.000109234
0.579866  2739.56 0.254813 0.000109175
0.585235  2741.06 0.254813 0.000109115
0.590604  2742.58 0.254813 0.000109055
0.595973  2744.12 0.254813 0.000108994
0.601342  2745.67 0.254813 0.000108932
0.606711  2747.24 0.254813 0.00010887
0.612081  2748.83 0.254813 0.000108807
0.61745  2750.43 0.254813 0.000108744
0.622819  2752.05 0.254813 0.00010868
0.628188  2753.68 0.254813 0.000108615
0.633557  2755.33 0.254813 0.00010855
0.638926  2757 0.254813 0.000108484
0.644295  2758.68 0.254813 0.000108418
0.649664  2760.39 0.254813 0.000108351
0.655034  2762.11 0.254813 0.000108284
0.660403  2763.84 0.254813 0.000108216
0.665772  2765.6 0.254813 0.000108147
0.671141  2767.37 0.254813 0.000108078
0.67651  2769.16 0.254813 0.000108008
0.681879  2770.96 0.254813 0.000107938
0.687248  2772.79 0.254813 0.000107867
0.692617  2774.63 0.254813 0.000107795
0.697987  2776.49 0.254813 0.000107723
0.703356  2778.37 0.254813 0.00010765
0.708725  2780.27 0.254813 0.000107576
0.714094  2782.18 0.254813 0.000107502
0.719463  2784.12 0.254813 0.000107428
0.724832  2786.07 0.254813 0.000107352
0.730201  2788.04 0.254813 0.000107277
0.73557  2790.03 0.254813 0.0001072
0.74094  2792.04 0.254813 0.000107123
0.746309  2794.06 0.254813 0.000107045
0.751678  2796.1 0.254813 0.000106967
0.757047  2798.16 0.254813 0.000106889
0.762416  2800.22 0.254813 0.00010681
0.767785  2802.28 0.254813 0.000106732
0.773154  2804.31 0.254813 0.000106654
0.778523  2806.29 0.254813 0.000106579
0.783893  2808.12 0.254813 0.000106509
0.789262  2809.69 0.254813 0.00010645
0.794631  2810.72 0.254813 0.000106411
0.8  2810.72 0.254813 0.000106411
