TITLE="Graphics"
VARIABLES= "x", "T", "Y fr", "rho"
-0.0219919  293 0 0.000871523
-0.013745  293 -1.25674e-07 0.000871523
-0.0085906  293 -7.65827e-08 0.000871523
-0.00536913  293 -9.5759e-08 0.000871523
0  293 -4.24914e-08 0.000871523
0.00536913  293 -9.5759e-08 0.000871523
0.0107383  293 -4.24914e-08 0.000871523
0.0161074  293 -9.5759e-08 0.000871523
0.0214765  293 -4.24914e-08 0.000871523
0.0268456  293 -9.5759e-08 0.000871523
0.0322148  293 -4.24914e-08 0.000871523
0.0375839  293 -9.5759e-08 0.000871523
0.042953  293 -4.24914e-08 0.000871523
0.0483221  293 -9.5759e-08 0.000871523
0.0536913  293 -4.24913e-08 0.000871523
0.0590604  293 -9.5759e-08 0.000871523
0.0644295  293 -4.24913e-08 0.000871523
0.0697987  293 -9.5759e-08 0.000871523
0.0751678  293 -4.24914e-08 0.000871523
0.0805369  293 -9.57584e-08 0.000871523
0.085906  293 -4.24948e-08 0.000871523
0.0912752  293 -9.57418e-08 0.000871523
0.0966443  293 -4.25688e-08 0.000871523
0.102013  293 -9.54304e-08 0.000871523
0.107383  293 -4.38123e-08 0.000871523
0.112752  293 -9.07138e-08 0.000871523
0.118121  293 -6.07505e-08 0.000871523
0.12349  293 -3.34652e-08 0.000871523
0.128859  293 -2.41216e-07 0.000871523
0.134228  293 4.89875e-07 0.000871523
0.139597  293 -1.60624e-06 0.000871522
0.144966  293 3.55783e-06 0.000871525
0.150336  293 -6.94842e-06 0.00087152
0.15302  293 -2.71336e-06 0.000871522
0.155705  293 -2.10544e-06 0.000871522
0.158389  293 -5.90957e-06 0.00087152
0.161074  293 1.04313e-05 0.000871528
0.163758  293 -2.31535e-05 0.000871511
0.166443  293 3.80838e-05 0.000871542
0.169128  293 -5.81269e-05 0.000871493
0.171812  293 7.91137e-05 0.000871561
0.174497  293.001 -9.91561e-05 0.000871471
0.177181  293.001 0.000114266 0.000871577
0.179866  293.002 -0.000123271 0.000871456
0.18255  293.003 0.000126457 0.000871579
0.185235  293.004 -0.00012747 0.000871448
0.187919  293.006 0.000129721 0.000871571
0.190604  293.008 -0.000135542 0.000871431
0.193289  293.012 0.000143068 0.000871559
0.195973  293.017 -0.000149129 0.000871398
0.198658  293.024 0.000150893 0.000871528
0.201342  293.033 -0.000150022 0.000871349
0.204027  293.046 0.000149874 0.00087146
0.206711  293.064 -0.000153119 0.000871257
0.209396  293.087 0.000157453 0.000871344
0.212081  293.117 -0.000159575 0.000871095
0.214765  293.157 0.000158338 0.000871135
0.21745  293.209 -0.000157512 0.000870825
0.220134  293.275 0.000159415 0.000870786
0.222819  293.359 -0.000162561 0.000870376
0.225503  293.465 0.000162899 0.000870223
0.228188  293.599 -0.000161347 0.000869665
0.230872  293.766 0.00016132 0.000869332
0.233557  293.974 -0.000163819 0.000868554
0.236242  294.235 0.000164713 0.000867948
0.238926  294.565 -0.000163313 0.00086681
0.241611  294.996 0.000162798 0.000865707
0.244295  295.583 -0.000164793 0.000863826
0.24698  296.437 0.000165293 0.000861501
0.249664  297.782 -0.000163938 0.000857446
0.252349  300.082 0.000163938 0.000851035
0.255034  304.285 -0.000165541 0.000839121
0.257718  312.302 0.000164894 0.000817736
0.260403  327.825 -0.000164211 0.000778869
0.263087  357.41 0.000165287 0.000714531
0.265772  411.151 -0.000165028 0.000621018
0.268456  501.377 0.000164487 0.000509358
0.271141  639.182 -0.000165503 0.000399467
0.273826  831.382 0.000166982 0.000307176
0.27651  1080.16 -3.76475e-05 0.0002364
0.279195  1381.37 0.00240871 0.000185113
0.281879  1714.4 0.0160283 0.00015033
0.284564  2032.6 0.0583573 0.000129984
0.287248  2284.73 0.121134 0.000120116
0.289933  2451.37 0.17698 0.000115944
0.292617  2547.16 0.213723 0.000114266
0.295302  2597.51 0.23425 0.000113576
0.297987  2622.71 0.244799 0.000113277
0.300671  2635.01 0.250001 0.000113141
0.303356  2640.97 0.252516 0.000113076
0.30604  2643.85 0.25372 0.000113044
0.308725  2645.27 0.254293 0.000113027
0.311409  2645.99 0.254566 0.000113017
0.314094  2646.37 0.254696 0.000113011
0.316779  2646.6 0.254757 0.000113005
0.319463  2646.76 0.254787 0.000113001
0.322148  2646.88 0.2548 0.000112997
0.324832  2646.98 0.254807 0.000112993
0.327517  2647.08 0.25481 0.000112989
0.330201  2647.18 0.254812 0.000112985
0.332886  2647.27 0.254812 0.000112981
0.33557  2647.37 0.254813 0.000112977
0.338255  2647.46 0.254813 0.000112973
0.34094  2647.56 0.254813 0.000112969
0.343624  2647.66 0.254813 0.000112965
0.346309  2647.76 0.254813 0.00011296
0.348993  2647.86 0.254813 0.000112956
0.351678  2647.96 0.254813 0.000112952
0.354362  2648.06 0.254813 0.000112948
0.357047  2648.16 0.254813 0.000112943
0.359732  2648.27 0.254813 0.000112939
0.362416  2648.37 0.254813 0.000112934
0.365101  2648.48 0.254813 0.00011293
0.367785  2648.59 0.254813 0.000112925
0.37047  2648.7 0.254813 0.00011292
0.373154  2648.81 0.254813 0.000112916
0.375839  2648.92 0.254813 0.000112911
0.378523  2649.03 0.254813 0.000112906
0.381208  2649.15 0.254813 0.000112901
0.383893  2649.27 0.254813 0.000112896
0.386577  2649.38 0.254813 0.000112891
0.389262  2649.5 0.254813 0.000112886
0.391946  2649.62 0.254813 0.000112881
0.394631  2649.74 0.254813 0.000112876
0.397315  2649.87 0.254813 0.00011287
0.4  2649.99 0.254813 0.000112865
0.402685  2650.12 0.254813 0.00011286
0.405369  2650.24 0.254813 0.000112854
0.408054  2650.37 0.254813 0.000112849
0.410738  2650.5 0.254813 0.000112843
0.413423  2650.63 0.254813 0.000112838
0.418792  2650.9 0.254813 0.000112827
0.424161  2651.17 0.254813 0.000112815
0.42953  2651.45 0.254813 0.000112803
0.434899  2651.73 0.254813 0.000112791
0.440268  2652.02 0.254813 0.000112779
0.445638  2652.32 0.254813 0.000112766
0.451007  2652.62 0.254813 0.000112753
0.456376  2652.93 0.254813 0.00011274
0.461745  2653.24 0.254813 0.000112727
0.467114  2653.56 0.254813 0.000112713
0.472483  2653.89 0.254813 0.000112699
0.477852  2654.22 0.254813 0.000112685
0.483221  2654.56 0.254813 0.000112671
0.488591  2654.91 0.254813 0.000112656
0.49396  2655.27 0.254813 0.000112641
0.499329  2655.63 0.254813 0.000112626
0.504698  2655.99 0.254813 0.00011261
0.510067  2656.37 0.254813 0.000112594
0.515436  2656.75 0.254813 0.000112578
0.520805  2657.14 0.254813 0.000112561
0.526174  2657.54 0.254813 0.000112545
0.531544  2657.94 0.254813 0.000112528
0.536913  2658.35 0.254813 0.00011251
0.542282  2658.77 0.254813 0.000112492
0.547651  2659.2 0.254813 0.000112474
0.55302  2659.63 0.254813 0.000112456
0.558389  2660.08 0.254813 0.000112437
0.563758  2660.53 0.254813 0.000112418
0.569128  2660.99 0.254813 0.000112399
0.574497  2661.45 0.254813 0.000112379
0.579866  2661.93 0.254813 0.000112359
0.585235  2662.41 0.254813 0.000112339
0.590604  2662.9 0.254813 0.000112318
0.595973  2663.4 0.254813 0.000112297
0.601342  2663.91 0.254813 0.000112276
0.606711  2664.42 0.254813 0.000112254
0.612081  2664.95 0.254813 0.000112232
0.61745  2665.48 0.254813 0.000112209
0.622819  2666.02 0.254813 0.000112186
0.628188  2666.58 0.254813 0.000112163
0.633557  2667.14 0.254813 0.00011214
0.638926  2667.7 0.254813 0.000112116
0.644295  2668.28 0.254813 0.000112091
0.649664  2668.87 0.254813 0.000112067
0.655034  2669.47 0.254813 0.000112042
0.660403  2670.07 0.254813 0.000112016
0.665772  2670.68 0.254813 0.000111991
0.671141  2671.31 0.254813 0.000111964
0.67651  2671.94 0.254813 0.000111938
0.681879  2672.58 0.254813 0.000111911
0.687248  2673.24 0.254813 0.000111884
0.692617  2673.9 0.254813 0.000111856
0.697987  2674.57 0.254813 0.000111828
0.703356  2675.25 0.254813 0.000111799
0.708725  2675.94 0.254813 0.000111771
0.714094  2676.64 0.254813 0.000111741
0.719463  2677.35 0.254813 0.000111712
0.724832  2678.07 0.254813 0.000111682
0.730201  2678.81 0.254813 0.000111651
0.73557  2679.55 0.254813 0.00011162
0.74094  2680.3 0.254813 0.000111589
0.746309  2681.06 0.254813 0.000111557
0.751678  2681.82 0.254813 0.000111525
0.757047  2682.6 0.254813 0.000111493
0.762416  2683.38 0.254813 0.000111461
0.767785  2684.17 0.254813 0.000111428
0.773154  2684.94 0.254813 0.000111396
0.778523  2685.7 0.254813 0.000111365
0.783893  2686.4 0.254813 0.000111335
0.789262  2687 0.254813 0.00011131
0.794631  2687.4 0.254813 0.000111294
0.8  2687.4 0.254813 0.000111294
