TITLE="Graphics"
VARIABLES= "x", "T", "Y fr", "rho"
-0.0219919  293 0 0.000871523
-0.013745  293 -2.38296e-09 0.000871523
-0.0085906  293 -1.45211e-09 0.000871523
-0.00536913  293 -1.81572e-09 0.000871523
0  293 -8.05685e-10 0.000871523
0.00536913  293 -1.81571e-09 0.000871523
0.0107383  293 -8.0568e-10 0.000871523
0.0161074  293 -1.81571e-09 0.000871523
0.0214765  293 -8.05675e-10 0.000871523
0.0268456  293 -1.8157e-09 0.000871523
0.0322148  293 -8.05686e-10 0.000871523
0.0375839  293 -1.81563e-09 0.000871523
0.042953  293 -8.05885e-10 0.000871523
0.0483221  293 -1.8149e-09 0.000871523
0.0536913  293 -8.08502e-10 0.000871523
0.0590604  293 -1.80546e-09 0.000871523
0.0644295  293 -8.42135e-10 0.000871523
0.0697987  293 -1.68752e-09 0.000871523
0.0751678  293 -1.24546e-09 0.000871523
0.0805369  293 -3.50956e-10 0.000871523
0.085906  293 -5.51272e-09 0.000871523
0.0912752  293 1.27084e-08 0.000871523
0.0966443  293 -4.36311e-08 0.000871523
0.102013  293 1.18264e-07 0.000871523
0.107383  293 -3.19238e-07 0.000871523
0.112752  293 7.91675e-07 0.000871524
0.118121  293 -1.84389e-06 0.000871522
0.12349  293 3.94714e-06 0.000871525
0.128859  293 -7.69505e-06 0.000871519
0.134228  293 1.33555e-05 0.00087153
0.139597  293 -2.00209e-05 0.000871513
0.144966  293 2.4549e-05 0.000871535
0.150336  293 -2.21231e-05 0.000871512
0.15302  293 -1.5529e-05 0.000871515
0.155705  293 -2.31593e-05 0.000871511
0.158389  293 -1.56792e-05 0.000871514
0.161074  293.001 -1.88889e-05 0.000871512
0.163758  293.001 -1.08919e-05 0.000871515
0.166443  293.001 -1.25408e-05 0.000871513
0.169128  293.002 -5.95058e-06 0.000871515
0.171812  293.002 -6.49025e-06 0.000871513
0.174497  293.003 -3.12433e-06 0.000871513
0.177181  293.004 -2.44875e-06 0.000871511
0.179866  293.005 -1.6239e-06 0.000871507
0.18255  293.007 -5.15695e-07 0.000871503
0.185235  293.009 -1.20528e-06 0.000871497
0.187919  293.011 8.41953e-07 0.00087149
0.190604  293.015 -1.70272e-06 0.000871478
0.193289  293.019 1.71207e-06 0.000871467
0.195973  293.025 -1.96131e-06 0.000871449
0.198658  293.032 2.04548e-06 0.000871429
0.201342  293.041 -2.34808e-06 0.000871399
0.204027  293.053 2.62103e-06 0.000871366
0.206711  293.069 -2.79125e-06 0.000871316
0.209396  293.091 2.82613e-06 0.000871255
0.212081  293.119 -2.90644e-06 0.000871168
0.214765  293.158 3.08988e-06 0.000871054
0.21745  293.213 -3.26467e-06 0.000870889
0.220134  293.291 3.30298e-06 0.00087066
0.222819  293.405 -3.29606e-06 0.00087032
0.225503  293.573 3.38089e-06 0.000869824
0.228188  293.827 -3.51941e-06 0.000869067
0.230872  294.217 3.55433e-06 0.000867919
0.233557  294.823 -3.52178e-06 0.000866132
0.236242  295.773 3.56585e-06 0.000863354
0.238926  297.273 -3.66609e-06 0.000858995
0.241611  299.65 3.66911e-06 0.000852183
0.244295  303.424 -3.63618e-06 0.000841581
0.24698  309.4 3.69177e-06 0.000825329
0.249664  318.803 -3.74068e-06 0.000800984
0.252349  333.423 3.69683e-06 0.000765864
0.255034  355.74 -3.72397e-06 0.000717816
0.257718  388.921 3.76442e-06 0.000656578
0.260403  436.603 -3.72191e-06 0.000584869
0.263087  502.427 3.76321e-06 0.000508247
0.265772  589.494 -3.72408e-06 0.000433178
0.268456  700.01 4.66293e-06 0.00036479
0.271141  835.214 1.34682e-05 0.00030574
0.273826  995.357 0.000209102 0.000256578
0.27651  1179.1 0.00153029 0.000216759
0.279195  1381.37 0.00751372 0.000185658
0.281879  1590.04 0.0254172 0.000162974
0.284564  1785.38 0.0620716 0.000148309
0.287248  1946.56 0.113471 0.000140321
0.289933  2062.51 0.163987 0.00013667
0.292617  2136.26 0.201912 0.0001352
0.295302  2179.06 0.225846 0.000134636
0.297987  2202.48 0.2395 0.000134414
0.300671  2214.87 0.246869 0.000134321
0.303356  2221.3 0.250733 0.000134279
0.30604  2224.61 0.252728 0.000134259
0.308725  2226.31 0.253751 0.000134248
0.311409  2227.18 0.254272 0.000134243
0.314094  2227.63 0.254538 0.000134239
0.316779  2227.87 0.254673 0.000134237
0.319463  2228 0.254742 0.000134236
0.322148  2228.08 0.254777 0.000134234
0.324832  2228.13 0.254795 0.000134233
0.327517  2228.16 0.254804 0.000134232
0.330201  2228.18 0.254808 0.000134231
0.332886  2228.21 0.254811 0.00013423
0.33557  2228.23 0.254812 0.000134228
0.338255  2228.25 0.254812 0.000134227
0.34094  2228.27 0.254813 0.000134226
0.343624  2228.29 0.254813 0.000134225
0.346309  2228.31 0.254813 0.000134224
0.348993  2228.33 0.254813 0.000134223
0.351678  2228.35 0.254813 0.000134221
0.354362  2228.37 0.254813 0.00013422
0.357047  2228.39 0.254813 0.000134219
0.359732  2228.41 0.254813 0.000134217
0.362416  2228.43 0.254813 0.000134216
0.365101  2228.45 0.254813 0.000134215
0.367785  2228.48 0.254813 0.000134213
0.37047  2228.5 0.254813 0.000134212
0.373154  2228.52 0.254813 0.000134211
0.375839  2228.55 0.254813 0.000134209
0.378523  2228.57 0.254813 0.000134208
0.381208  2228.6 0.254813 0.000134206
0.383893  2228.62 0.254813 0.000134205
0.386577  2228.65 0.254813 0.000134203
0.389262  2228.67 0.254813 0.000134202
0.391946  2228.7 0.254813 0.0001342
0.394631  2228.72 0.254813 0.000134199
0.397315  2228.75 0.254813 0.000134197
0.4  2228.78 0.254813 0.000134195
0.402685  2228.81 0.254813 0.000134194
0.405369  2228.83 0.254813 0.000134192
0.408054  2228.86 0.254813 0.00013419
0.410738  2228.89 0.254813 0.000134189
0.413423  2228.92 0.254813 0.000134187
0.418792  2228.98 0.254813 0.000134183
0.424161  2229.04 0.254813 0.000134179
0.42953  2229.11 0.254813 0.000134176
0.434899  2229.17 0.254813 0.000134172
0.440268  2229.24 0.254813 0.000134167
0.445638  2229.31 0.254813 0.000134163
0.451007  2229.38 0.254813 0.000134159
0.456376  2229.46 0.254813 0.000134154
0.461745  2229.54 0.254813 0.00013415
0.467114  2229.62 0.254813 0.000134145
0.472483  2229.7 0.254813 0.00013414
0.477852  2229.78 0.254813 0.000134135
0.483221  2229.87 0.254813 0.00013413
0.488591  2229.96 0.254813 0.000134124
0.49396  2230.05 0.254813 0.000134119
0.499329  2230.14 0.254813 0.000134113
0.504698  2230.24 0.254813 0.000134107
0.510067  2230.34 0.254813 0.000134101
0.515436  2230.45 0.254813 0.000134095
0.520805  2230.55 0.254813 0.000134089
0.526174  2230.66 0.254813 0.000134082
0.531544  2230.77 0.254813 0.000134075
0.536913  2230.89 0.254813 0.000134068
0.542282  2231.01 0.254813 0.000134061
0.547651  2231.13 0.254813 0.000134054
0.55302  2231.26 0.254813 0.000134046
0.558389  2231.39 0.254813 0.000134038
0.563758  2231.52 0.254813 0.00013403
0.569128  2231.66 0.254813 0.000134022
0.574497  2231.8 0.254813 0.000134013
0.579866  2231.95 0.254813 0.000134005
0.585235  2232.1 0.254813 0.000133996
0.590604  2232.25 0.254813 0.000133986
0.595973  2232.41 0.254813 0.000133977
0.601342  2232.58 0.254813 0.000133967
0.606711  2232.74 0.254813 0.000133957
0.612081  2232.92 0.254813 0.000133947
0.61745  2233.09 0.254813 0.000133936
0.622819  2233.27 0.254813 0.000133925
0.628188  2233.46 0.254813 0.000133914
0.633557  2233.65 0.254813 0.000133903
0.638926  2233.85 0.254813 0.000133891
0.644295  2234.05 0.254813 0.000133879
0.649664  2234.26 0.254813 0.000133866
0.655034  2234.47 0.254813 0.000133853
0.660403  2234.69 0.254813 0.00013384
0.665772  2234.92 0.254813 0.000133827
0.671141  2235.15 0.254813 0.000133813
0.67651  2235.38 0.254813 0.000133799
0.681879  2235.62 0.254813 0.000133784
0.687248  2235.87 0.254813 0.000133769
0.692617  2236.13 0.254813 0.000133754
0.697987  2236.39 0.254813 0.000133739
0.703356  2236.66 0.254813 0.000133722
0.708725  2236.93 0.254813 0.000133706
0.714094  2237.22 0.254813 0.000133689
0.719463  2237.5 0.254813 0.000133672
0.724832  2237.8 0.254813 0.000133654
0.730201  2238.1 0.254813 0.000133636
0.73557  2238.41 0.254813 0.000133618
0.74094  2238.73 0.254813 0.000133599
0.746309  2239.05 0.254813 0.00013358
0.751678  2239.38 0.254813 0.00013356
0.757047  2239.71 0.254813 0.00013354
0.762416  2240.04 0.254813 0.000133521
0.767785  2240.37 0.254813 0.000133501
0.773154  2240.7 0.254813 0.000133481
0.778523  2241.01 0.254813 0.000133463
0.783893  2241.29 0.254813 0.000133446
0.789262  2241.51 0.254813 0.000133433
0.794631  2241.65 0.254813 0.000133425
0.8  2241.65 0.254813 0.000133425
