TITLE="Graphics"
VARIABLES= "x", "T", "Y fr", "rho"
-0.0219919  293 0 0.000871523
-0.013745  293 -1.25674e-07 0.000871523
-0.0085906  293 -7.65827e-08 0.000871523
-0.00536913  293 -9.5759e-08 0.000871523
0  293 -4.24914e-08 0.000871523
0.00536913  293 -9.5759e-08 0.000871523
0.0107383  293 -4.24914e-08 0.000871523
0.0161074  293 -9.5759e-08 0.000871523
0.0214765  293 -4.24914e-08 0.000871523
0.0268456  293 -9.5759e-08 0.000871523
0.0322148  293 -4.24914e-08 0.000871523
0.0375839  293 -9.57589e-08 0.000871523
0.042953  293 -4.24916e-08 0.000871523
0.0483221  293 -9.57578e-08 0.000871523
0.0536913  293 -4.24963e-08 0.000871523
0.0590604  293 -9.57391e-08 0.000871523
0.0644295  293 -4.2567e-08 0.000871523
0.0697987  293 -9.54836e-08 0.000871523
0.0751678  293 -4.34511e-08 0.000871523
0.0805369  293 -9.25661e-08 0.000871523
0.085906  293 -5.25928e-08 0.000871523
0.0912752  293 -6.55395e-08 0.000871523
0.0966443  293 -1.27284e-07 0.000871523
0.102013  293 1.24689e-07 0.000871523
0.107383  293 -5.6311e-07 0.000871523
0.112752  293 9.80437e-07 0.000871524
0.118121  293 -1.82435e-06 0.000871522
0.12349  293 1.53143e-06 0.000871524
0.128859  293 3.05928e-06 0.000871525
0.134228  293 -2.22791e-05 0.000871512
0.139597  293 7.51052e-05 0.000871561
0.144966  293 -0.000189022 0.000871429
0.150336  293 0.000375398 0.000871711
0.15302  293 8.80669e-05 0.000871567
0.155705  293 0.000258162 0.000871652
0.158389  293 -5.15991e-05 0.000871497
0.161074  293 0.000175297 0.000871611
0.163758  293 -0.000114053 0.000871466
0.166443  293 0.000139083 0.000871593
0.169128  293 -0.00013991 0.000871453
0.171812  293 0.000141643 0.000871594
0.174497  293 -0.000155749 0.000871445
0.177181  293 0.000151376 0.000871599
0.179866  293 -0.000156561 0.000871444
0.18255  293 0.000150832 0.000871598
0.185235  293 -0.000154098 0.000871445
0.187919  293 0.000155878 0.0008716
0.190604  293.001 -0.00016092 0.000871441
0.193289  293.001 0.000161708 0.000871601
0.195973  293.001 -0.000160617 0.000871439
0.198658  293.002 0.000158899 0.000871596
0.201342  293.003 -0.000160301 0.000871434
0.204027  293.004 0.000163174 0.000871592
0.206711  293.006 -0.000164764 0.000871424
0.209396  293.008 0.000163306 0.000871581
0.212081  293.011 -0.000161878 0.000871409
0.214765  293.015 0.000162794 0.00087156
0.21745  293.02 -0.000165245 0.00087138
0.220134  293.028 0.000165473 0.000871523
0.222819  293.037 -0.000163797 0.00087133
0.225503  293.05 0.000163118 0.000871455
0.228188  293.068 -0.000165007 0.000871239
0.230872  293.092 0.000166009 0.000871332
0.233557  293.127 -0.000164761 0.000871064
0.236242  293.178 0.000163582 0.000871075
0.238926  293.26 -0.000164999 0.000870668
0.241611  293.398 0.000166007 0.000870424
0.244295  293.645 -0.000164923 0.000869527
0.24698  294.111 0.000163942 0.000868312
0.249664  295.026 -0.00016529 0.000865456
0.252349  296.864 0.00016572 0.000860262
0.255034  300.603 -0.000164596 0.000849401
0.257718  308.209 0.000164553 0.000828594
0.260403  323.479 -0.000165672 0.000789331
0.263087  353.115 0.00016477 0.000723221
0.265772  407.351 -0.000164804 0.000626811
0.268456  498.508 0.000165421 0.00051229
0.271141  637.451 -0.000164578 0.000400552
0.273826  830.66 0.000167847 0.000307443
0.27651  1080.06 -3.7694e-05 0.000236422
0.279195  1381.37 0.00241905 0.000185114
0.281879  1713.96 0.0161131 0.000150377
0.284564  2031.28 0.0585788 0.000130085
0.287248  2282.41 0.12142 0.00012026
0.289933  2448.18 0.177225 0.000116114
0.292617  2543.34 0.213888 0.00011445
0.295302  2593.3 0.234347 0.000113768
0.297987  2618.24 0.244852 0.000113474
0.300671  2630.38 0.250029 0.000113342
0.303356  2636.22 0.25253 0.000113281
0.30604  2639.01 0.253727 0.000113252
0.308725  2640.35 0.254297 0.000113238
0.311409  2640.99 0.254568 0.000113231
0.314094  2641.31 0.254697 0.000113227
0.316779  2641.46 0.254758 0.000113225
0.319463  2641.55 0.254787 0.000113224
0.322148  2641.6 0.254801 0.000113223
0.324832  2641.63 0.254807 0.000113222
0.327517  2641.65 0.25481 0.000113221
0.330201  2641.67 0.254812 0.00011322
0.332886  2641.69 0.254812 0.00011322
0.33557  2641.71 0.254813 0.000113219
0.338255  2641.73 0.254813 0.000113218
0.34094  2641.75 0.254813 0.000113217
0.343624  2641.77 0.254813 0.000113216
0.346309  2641.79 0.254813 0.000113216
0.348993  2641.81 0.254813 0.000113215
0.351678  2641.83 0.254813 0.000113214
0.354362  2641.85 0.254813 0.000113213
0.357047  2641.87 0.254813 0.000113212
0.359732  2641.89 0.254813 0.000113211
0.362416  2641.91 0.254813 0.00011321
0.365101  2641.93 0.254813 0.000113209
0.367785  2641.96 0.254813 0.000113208
0.37047  2641.98 0.254813 0.000113207
0.373154  2642 0.254813 0.000113207
0.375839  2642.02 0.254813 0.000113206
0.378523  2642.05 0.254813 0.000113205
0.381208  2642.07 0.254813 0.000113204
0.383893  2642.09 0.254813 0.000113203
0.386577  2642.12 0.254813 0.000113201
0.389262  2642.14 0.254813 0.0001132
0.391946  2642.17 0.254813 0.000113199
0.394631  2642.19 0.254813 0.000113198
0.397315  2642.22 0.254813 0.000113197
0.4  2642.24 0.254813 0.000113196
0.402685  2642.27 0.254813 0.000113195
0.405369  2642.3 0.254813 0.000113194
0.408054  2642.33 0.254813 0.000113193
0.410738  2642.35 0.254813 0.000113191
0.413423  2642.38 0.254813 0.00011319
0.418792  2642.44 0.254813 0.000113188
0.424161  2642.5 0.254813 0.000113185
0.42953  2642.56 0.254813 0.000113183
0.434899  2642.62 0.254813 0.00011318
0.440268  2642.69 0.254813 0.000113177
0.445638  2642.75 0.254813 0.000113174
0.451007  2642.82 0.254813 0.000113171
0.456376  2642.89 0.254813 0.000113168
0.461745  2642.97 0.254813 0.000113165
0.467114  2643.04 0.254813 0.000113162
0.472483  2643.12 0.254813 0.000113159
0.477852  2643.2 0.254813 0.000113155
0.483221  2643.28 0.254813 0.000113152
0.488591  2643.36 0.254813 0.000113148
0.49396  2643.45 0.254813 0.000113144
0.499329  2643.54 0.254813 0.000113141
0.504698  2643.63 0.254813 0.000113137
0.510067  2643.73 0.254813 0.000113133
0.515436  2643.82 0.254813 0.000113129
0.520805  2643.92 0.254813 0.000113124
0.526174  2644.02 0.254813 0.00011312
0.531544  2644.13 0.254813 0.000113115
0.536913  2644.23 0.254813 0.000113111
0.542282  2644.34 0.254813 0.000113106
0.547651  2644.46 0.254813 0.000113101
0.55302  2644.57 0.254813 0.000113096
0.558389  2644.69 0.254813 0.000113091
0.563758  2644.81 0.254813 0.000113086
0.569128  2644.94 0.254813 0.000113081
0.574497  2645.07 0.254813 0.000113075
0.579866  2645.2 0.254813 0.00011307
0.585235  2645.33 0.254813 0.000113064
0.590604  2645.47 0.254813 0.000113058
0.595973  2645.61 0.254813 0.000113052
0.601342  2645.76 0.254813 0.000113046
0.606711  2645.91 0.254813 0.000113039
0.612081  2646.06 0.254813 0.000113033
0.61745  2646.22 0.254813 0.000113026
0.622819  2646.38 0.254813 0.000113019
0.628188  2646.54 0.254813 0.000113012
0.633557  2646.71 0.254813 0.000113005
0.638926  2646.88 0.254813 0.000112998
0.644295  2647.06 0.254813 0.00011299
0.649664  2647.24 0.254813 0.000112982
0.655034  2647.42 0.254813 0.000112975
0.660403  2647.61 0.254813 0.000112967
0.665772  2647.81 0.254813 0.000112958
0.671141  2648 0.254813 0.00011295
0.67651  2648.21 0.254813 0.000112941
0.681879  2648.41 0.254813 0.000112932
0.687248  2648.63 0.254813 0.000112923
0.692617  2648.84 0.254813 0.000112914
0.697987  2649.06 0.254813 0.000112905
0.703356  2649.29 0.254813 0.000112895
0.708725  2649.52 0.254813 0.000112885
0.714094  2649.76 0.254813 0.000112875
0.719463  2650 0.254813 0.000112865
0.724832  2650.25 0.254813 0.000112854
0.730201  2650.5 0.254813 0.000112843
0.73557  2650.76 0.254813 0.000112833
0.74094  2651.02 0.254813 0.000112821
0.746309  2651.29 0.254813 0.00011281
0.751678  2651.56 0.254813 0.000112798
0.757047  2651.84 0.254813 0.000112787
0.762416  2652.12 0.254813 0.000112775
0.767785  2652.4 0.254813 0.000112762
0.773154  2652.69 0.254813 0.00011275
0.778523  2652.96 0.254813 0.000112739
0.783893  2653.22 0.254813 0.000112728
0.789262  2653.45 0.254813 0.000112718
0.794631  2653.59 0.254813 0.000112712
0.8  2653.59 0.254813 0.000112712
