TITLE="Graphics"
VARIABLES= "x", "T", "Y fr", "rho"
-0.0219919  293 0 0.000871523
-0.013745  293 -1.25674e-07 0.000871523
-0.0085906  293 -7.65827e-08 0.000871523
-0.00536913  293 -9.5759e-08 0.000871523
0  293 -4.24914e-08 0.000871523
0.00536913  293 -9.5759e-08 0.000871523
0.0107383  293 -4.24914e-08 0.000871523
0.0161074  293 -9.5759e-08 0.000871523
0.0214765  293 -4.24914e-08 0.000871523
0.0268456  293 -9.5759e-08 0.000871523
0.0322148  293 -4.24914e-08 0.000871523
0.0375839  293 -9.57586e-08 0.000871523
0.042953  293 -4.2493e-08 0.000871523
0.0483221  293 -9.57524e-08 0.000871523
0.0536913  293 -4.25164e-08 0.000871523
0.0590604  293 -9.56666e-08 0.000871523
0.0644295  293 -4.28173e-08 0.000871523
0.0697987  293 -9.46576e-08 0.000871523
0.0751678  293 -4.60441e-08 0.000871523
0.0805369  293 -8.48633e-08 0.000871523
0.085906  293 -7.40684e-08 0.000871523
0.0912752  293 -1.00301e-08 0.000871523
0.0966443  293 -2.57655e-07 0.000871523
0.102013  293 3.92547e-07 0.000871523
0.107383  293 -1.00216e-06 0.000871523
0.112752  293 1.36409e-06 0.000871524
0.118121  293 -9.72323e-07 0.000871523
0.12349  293 -4.26449e-06 0.000871521
0.128859  293 2.26306e-05 0.000871534
0.134228  293 -7.17153e-05 0.000871487
0.139597  293 0.000174046 0.00087161
0.144966  293 -0.000341689 0.000871352
0.150336  293 0.000533746 0.00087179
0.15302  293 0.000208723 0.000871628
0.155705  293 0.000394619 0.000871721
0.158389  293 5.1486e-05 0.000871549
0.161074  293 0.000254782 0.000871651
0.163758  293 -6.50827e-05 0.000871491
0.166443  293 0.000180806 0.000871614
0.169128  293 -0.000133609 0.000871456
0.171812  293 0.000158869 0.000871603
0.174497  293 -0.000156776 0.000871445
0.177181  293 0.000150155 0.000871598
0.179866  293 -0.000156438 0.000871445
0.18255  293 0.000151768 0.000871599
0.185235  293 -0.000161185 0.000871442
0.187919  293 0.000160473 0.000871603
0.190604  293 -0.000162858 0.00087144
0.193289  293.001 0.000159301 0.000871601
0.195973  293.001 -0.000159705 0.000871441
0.198658  293.001 0.000161344 0.0008716
0.201342  293.002 -0.0001645 0.000871435
0.204027  293.003 0.000164593 0.000871598
0.206711  293.004 -0.000162895 0.000871431
0.209396  293.005 0.000161883 0.000871589
0.212081  293.007 -0.000163762 0.000871421
0.214765  293.009 0.000165674 0.000871578
0.21745  293.013 -0.000165295 0.000871402
0.220134  293.018 0.000163353 0.000871553
0.222819  293.024 -0.000163547 0.00087137
0.225503  293.033 0.000165407 0.000871509
0.228188  293.045 -0.000166069 0.000871307
0.230872  293.062 0.000164332 0.000871421
0.233557  293.088 -0.000163763 0.00087118
0.236242  293.129 0.000165213 0.000871223
0.238926  293.197 -0.000166124 0.000870855
0.241611  293.318 0.000164621 0.000870659
0.244295  293.546 -0.000164056 0.00086982
0.24698  293.989 0.000165315 0.000868672
0.249664  294.878 -0.000165854 0.000865891
0.252349  296.687 0.000164455 0.000860775
0.255034  300.395 -0.00016458 0.000849987
0.257718  307.975 0.000165578 0.000829225
0.260403  323.226 -0.00016506 0.000789948
0.263087  352.864 0.000164494 0.000723736
0.265772  407.128 -0.00016555 0.000627154
0.268456  498.341 0.000164701 0.000512461
0.271141  637.353 -0.000165067 0.000400614
0.273826  830.622 0.000167607 0.000307458
0.27651  1080.06 -3.77412e-05 0.000236423
0.279195  1381.37 0.00241985 0.000185114
0.281879  1713.92 0.0161186 0.00015038
0.284564  2031.19 0.0585924 0.000130092
0.287248  2282.26 0.121437 0.000120269
0.289933  2447.98 0.177239 0.000116124
0.292617  2543.1 0.213897 0.000114461
0.295302  2593.03 0.234353 0.00011378
0.297987  2617.96 0.244855 0.000113487
0.300671  2630.09 0.250031 0.000113355
0.303356  2635.92 0.252531 0.000113294
0.30604  2638.7 0.253727 0.000113265
0.308725  2640.04 0.254297 0.000113251
0.311409  2640.67 0.254568 0.000113245
0.314094  2640.98 0.254697 0.000113241
0.316779  2641.14 0.254758 0.000113239
0.319463  2641.22 0.254787 0.000113238
0.322148  2641.26 0.254801 0.000113237
0.324832  2641.29 0.254807 0.000113237
0.327517  2641.31 0.25481 0.000113236
0.330201  2641.32 0.254812 0.000113235
0.332886  2641.34 0.254812 0.000113235
0.33557  2641.35 0.254813 0.000113234
0.338255  2641.36 0.254813 0.000113234
0.34094  2641.38 0.254813 0.000113233
0.343624  2641.39 0.254813 0.000113233
0.346309  2641.4 0.254813 0.000113232
0.348993  2641.42 0.254813 0.000113231
0.351678  2641.43 0.254813 0.000113231
0.354362  2641.45 0.254813 0.00011323
0.357047  2641.46 0.254813 0.00011323
0.359732  2641.48 0.254813 0.000113229
0.362416  2641.49 0.254813 0.000113228
0.365101  2641.51 0.254813 0.000113228
0.367785  2641.52 0.254813 0.000113227
0.37047  2641.54 0.254813 0.000113226
0.373154  2641.55 0.254813 0.000113226
0.375839  2641.57 0.254813 0.000113225
0.378523  2641.59 0.254813 0.000113224
0.381208  2641.6 0.254813 0.000113224
0.383893  2641.62 0.254813 0.000113223
0.386577  2641.64 0.254813 0.000113222
0.389262  2641.65 0.254813 0.000113221
0.391946  2641.67 0.254813 0.000113221
0.394631  2641.69 0.254813 0.00011322
0.397315  2641.71 0.254813 0.000113219
0.4  2641.73 0.254813 0.000113218
0.402685  2641.74 0.254813 0.000113217
0.405369  2641.76 0.254813 0.000113217
0.408054  2641.78 0.254813 0.000113216
0.410738  2641.8 0.254813 0.000113215
0.413423  2641.82 0.254813 0.000113214
0.418792  2641.86 0.254813 0.000113212
0.424161  2641.9 0.254813 0.000113211
0.42953  2641.95 0.254813 0.000113209
0.434899  2641.99 0.254813 0.000113207
0.440268  2642.04 0.254813 0.000113205
0.445638  2642.09 0.254813 0.000113203
0.451007  2642.13 0.254813 0.000113201
0.456376  2642.18 0.254813 0.000113199
0.461745  2642.24 0.254813 0.000113196
0.467114  2642.29 0.254813 0.000113194
0.472483  2642.34 0.254813 0.000113192
0.477852  2642.4 0.254813 0.000113189
0.483221  2642.46 0.254813 0.000113187
0.488591  2642.52 0.254813 0.000113184
0.49396  2642.58 0.254813 0.000113182
0.499329  2642.64 0.254813 0.000113179
0.504698  2642.71 0.254813 0.000113176
0.510067  2642.78 0.254813 0.000113173
0.515436  2642.84 0.254813 0.00011317
0.520805  2642.92 0.254813 0.000113167
0.526174  2642.99 0.254813 0.000113164
0.531544  2643.06 0.254813 0.000113161
0.536913  2643.14 0.254813 0.000113158
0.542282  2643.22 0.254813 0.000113154
0.547651  2643.3 0.254813 0.000113151
0.55302  2643.39 0.254813 0.000113147
0.558389  2643.48 0.254813 0.000113143
0.563758  2643.56 0.254813 0.00011314
0.569128  2643.66 0.254813 0.000113136
0.574497  2643.75 0.254813 0.000113132
0.579866  2643.85 0.254813 0.000113127
0.585235  2643.95 0.254813 0.000113123
0.590604  2644.05 0.254813 0.000113119
0.595973  2644.15 0.254813 0.000113114
0.601342  2644.26 0.254813 0.00011311
0.606711  2644.37 0.254813 0.000113105
0.612081  2644.48 0.254813 0.0001131
0.61745  2644.6 0.254813 0.000113095
0.622819  2644.72 0.254813 0.00011309
0.628188  2644.84 0.254813 0.000113085
0.633557  2644.97 0.254813 0.00011308
0.638926  2645.1 0.254813 0.000113074
0.644295  2645.23 0.254813 0.000113068
0.649664  2645.36 0.254813 0.000113063
0.655034  2645.5 0.254813 0.000113057
0.660403  2645.64 0.254813 0.000113051
0.665772  2645.79 0.254813 0.000113044
0.671141  2645.94 0.254813 0.000113038
0.67651  2646.09 0.254813 0.000113031
0.681879  2646.25 0.254813 0.000113025
0.687248  2646.41 0.254813 0.000113018
0.692617  2646.57 0.254813 0.000113011
0.697987  2646.74 0.254813 0.000113004
0.703356  2646.91 0.254813 0.000112996
0.708725  2647.09 0.254813 0.000112989
0.714094  2647.27 0.254813 0.000112981
0.719463  2647.46 0.254813 0.000112973
0.724832  2647.65 0.254813 0.000112965
0.730201  2647.84 0.254813 0.000112957
0.73557  2648.04 0.254813 0.000112948
0.74094  2648.24 0.254813 0.00011294
0.746309  2648.45 0.254813 0.000112931
0.751678  2648.66 0.254813 0.000112922
0.757047  2648.87 0.254813 0.000112913
0.762416  2649.09 0.254813 0.000112904
0.767785  2649.31 0.254813 0.000112894
0.773154  2649.53 0.254813 0.000112885
0.778523  2649.74 0.254813 0.000112876
0.783893  2649.95 0.254813 0.000112867
0.789262  2650.12 0.254813 0.00011286
0.794631  2650.23 0.254813 0.000112855
0.8  2650.23 0.254813 0.000112855
