TITLE="Graphics"
VARIABLES= "x", "T", "Y fr", "rho"
-0.0219919  293 0 0.000871523
-0.013745  293 -2.38296e-09 0.000871523
-0.0085906  293 -1.45211e-09 0.000871523
-0.00536913  293 -1.81572e-09 0.000871523
0  293 -8.05687e-10 0.000871523
0.00536913  293 -1.81572e-09 0.000871523
0.0107383  293 -8.05683e-10 0.000871523
0.0161074  293 -1.81571e-09 0.000871523
0.0214765  293 -8.0568e-10 0.000871523
0.0268456  293 -1.81571e-09 0.000871523
0.0322148  293 -8.05677e-10 0.000871523
0.0375839  293 -1.81571e-09 0.000871523
0.042953  293 -8.05675e-10 0.000871523
0.0483221  293 -1.8157e-09 0.000871523
0.0536913  293 -8.05674e-10 0.000871523
0.0590604  293 -1.8157e-09 0.000871523
0.0644295  293 -8.05672e-10 0.000871523
0.0697987  293 -1.8157e-09 0.000871523
0.0751678  293 -8.0567e-10 0.000871523
0.0805369  293 -1.8157e-09 0.000871523
0.085906  293 -8.05669e-10 0.000871523
0.0912752  293 -1.8157e-09 0.000871523
0.0966443  293 -8.05667e-10 0.000871523
0.102013  293 -1.8157e-09 0.000871523
0.107383  293 -8.05665e-10 0.000871523
0.112752  293 -1.8157e-09 0.000871523
0.118121  293 -8.05663e-10 0.000871523
0.12349  293 -1.81569e-09 0.000871523
0.128859  293 -8.05665e-10 0.000871523
0.134228  293.001 -1.81567e-09 0.000871521
0.139597  293.002 -8.05803e-10 0.000871517
0.144966  293.006 -1.81502e-09 0.000871504
0.150336  293.017 -8.08431e-10 0.000871472
0.15302  293.029 -1.05657e-09 0.000871437
0.155705  293.046 -8.1006e-10 0.000871386
0.158389  293.072 -1.05146e-09 0.00087131
0.161074  293.109 -8.15658e-10 0.0008712
0.163758  293.161 -1.04513e-09 0.000871043
0.166443  293.235 -8.21678e-10 0.000870825
0.169128  293.336 -1.03488e-09 0.000870524
0.171812  293.474 -8.59197e-10 0.000870116
0.174497  293.657 -8.93443e-10 0.000869573
0.177181  293.899 -1.32025e-09 0.000868858
0.179866  294.212 4.51631e-10 0.000867932
0.18255  294.613 -4.96324e-09 0.000866751
0.185235  295.119 9.77594e-09 0.000865265
0.187919  295.749 -2.75955e-08 0.000863422
0.190604  296.523 6.16753e-08 0.000861169
0.193289  297.461 -1.39353e-07 0.000858454
0.195973  298.583 2.86199e-07 0.000855228
0.198658  299.909 -5.57287e-07 0.000851445
0.201342  301.458 1.00104e-06 0.000847071
0.204027  303.245 -1.66869e-06 0.000842078
0.206711  305.285 2.54866e-06 0.000836454
0.209396  307.587 -3.55751e-06 0.000830191
0.212081  310.16 4.49934e-06 0.000823308
0.214765  313.007 -5.1492e-06 0.000815813
0.21745  316.132 5.34419e-06 0.000807755
0.220134  319.533 -5.13441e-06 0.000799153
0.222819  323.209 4.75459e-06 0.000790067
0.225503  327.16 -4.47714e-06 0.000780522
0.228188  331.389 4.35055e-06 0.000770565
0.230872  335.907 -4.19414e-06 0.000760198
0.233557  340.74 3.82022e-06 0.000749419
0.236242  345.941 -3.31691e-06 0.000738149
0.238926  351.607 2.90843e-06 0.000726256
0.241611  357.911 -2.63523e-06 0.000713461
0.244295  365.147 2.28421e-06 0.000699326
0.24698  373.799 -1.80606e-06 0.000683137
0.249664  384.655 1.39818e-06 0.000663859
0.252349  398.942 -1.12633e-06 0.000640083
0.255034  418.513 7.82245e-07 0.000610152
0.257718  446.002 -3.84777e-07 0.000572545
0.260403  484.896 1.82808e-07 0.000526621
0.263087  539.361 1.12771e-07 0.000473443
0.265772  613.794 -1.49443e-07 0.00041603
0.268456  712.204 2.29668e-06 0.000358544
0.271141  837.667 1.99053e-05 0.000304846
0.273826  991.923 0.000193826 0.000257464
0.27651  1174.66 0.00133537 0.000217554
0.279195  1381.37 0.00654845 0.000185554
0.281879  1599.76 0.0228172 0.00016174
0.284564  1808.52 0.0576045 0.000146024
0.287248  1983.99 0.108302 0.000137238
0.289933  2112.29 0.15962 0.000133081
0.292617  2195.09 0.198936 0.000131323
0.295302  2243.84 0.224069 0.000130596
0.297987  2270.99 0.238517 0.000130274
0.300671  2285.75 0.24635 0.000130111
0.303356  2293.8 0.250467 0.000130012
0.30604  2298.33 0.252594 0.00012994
0.308725  2301.04 0.253684 0.000129882
0.311409  2302.83 0.25424 0.00012983
0.314094  2304.15 0.254522 0.00012978
0.316779  2305.23 0.254666 0.000129732
0.319463  2306.19 0.254739 0.000129684
0.322148  2307.1 0.254775 0.000129636
0.324832  2307.99 0.254794 0.000129588
0.327517  2308.86 0.254803 0.00012954
0.330201  2309.74 0.254808 0.000129491
0.332886  2310.61 0.254811 0.000129442
0.33557  2311.49 0.254812 0.000129393
0.338255  2312.38 0.254812 0.000129344
0.34094  2313.27 0.254813 0.000129294
0.343624  2314.17 0.254813 0.000129243
0.346309  2315.08 0.254813 0.000129193
0.348993  2315.99 0.254813 0.000129142
0.351678  2316.92 0.254813 0.00012909
0.354362  2317.84 0.254813 0.000129039
0.357047  2318.78 0.254813 0.000128987
0.359732  2319.72 0.254813 0.000128934
0.362416  2320.67 0.254813 0.000128882
0.365101  2321.62 0.254813 0.000128829
0.367785  2322.59 0.254813 0.000128775
0.37047  2323.56 0.254813 0.000128721
0.373154  2324.53 0.254813 0.000128667
0.375839  2325.52 0.254813 0.000128613
0.378523  2326.51 0.254813 0.000128558
0.381208  2327.51 0.254813 0.000128503
0.383893  2328.52 0.254813 0.000128447
0.386577  2329.53 0.254813 0.000128391
0.389262  2330.55 0.254813 0.000128335
0.391946  2331.58 0.254813 0.000128279
0.394631  2332.61 0.254813 0.000128222
0.397315  2333.66 0.254813 0.000128164
0.4  2334.71 0.254813 0.000128107
0.402685  2335.77 0.254813 0.000128049
0.405369  2336.83 0.254813 0.00012799
0.408054  2337.9 0.254813 0.000127932
0.410738  2338.98 0.254813 0.000127872
0.413423  2340.07 0.254813 0.000127813
0.418792  2342.27 0.254813 0.000127693
0.424161  2344.5 0.254813 0.000127572
0.42953  2346.76 0.254813 0.000127449
0.434899  2349.05 0.254813 0.000127325
0.440268  2351.37 0.254813 0.000127199
0.445638  2353.72 0.254813 0.000127072
0.451007  2356.11 0.254813 0.000126943
0.456376  2358.52 0.254813 0.000126813
0.461745  2360.97 0.254813 0.000126682
0.467114  2363.45 0.254813 0.000126549
0.472483  2365.96 0.254813 0.000126415
0.477852  2368.5 0.254813 0.000126279
0.483221  2371.07 0.254813 0.000126142
0.488591  2373.68 0.254813 0.000126003
0.49396  2376.32 0.254813 0.000125864
0.499329  2378.99 0.254813 0.000125722
0.504698  2381.69 0.254813 0.00012558
0.510067  2384.43 0.254813 0.000125435
0.515436  2387.19 0.254813 0.00012529
0.520805  2389.99 0.254813 0.000125143
0.526174  2392.83 0.254813 0.000124995
0.531544  2395.69 0.254813 0.000124846
0.536913  2398.59 0.254813 0.000124695
0.542282  2401.52 0.254813 0.000124542
0.547651  2404.49 0.254813 0.000124389
0.55302  2407.48 0.254813 0.000124234
0.558389  2410.52 0.254813 0.000124078
0.563758  2413.58 0.254813 0.00012392
0.569128  2416.67 0.254813 0.000123762
0.574497  2419.8 0.254813 0.000123602
0.579866  2422.97 0.254813 0.00012344
0.585235  2426.16 0.254813 0.000123278
0.590604  2429.39 0.254813 0.000123114
0.595973  2432.65 0.254813 0.000122949
0.601342  2435.95 0.254813 0.000122782
0.606711  2439.28 0.254813 0.000122615
0.612081  2442.64 0.254813 0.000122446
0.61745  2446.04 0.254813 0.000122276
0.622819  2449.47 0.254813 0.000122105
0.628188  2452.94 0.254813 0.000121932
0.633557  2456.44 0.254813 0.000121758
0.638926  2459.98 0.254813 0.000121583
0.644295  2463.55 0.254813 0.000121407
0.649664  2467.16 0.254813 0.000121229
0.655034  2470.8 0.254813 0.00012105
0.660403  2474.48 0.254813 0.00012087
0.665772  2478.2 0.254813 0.000120689
0.671141  2481.95 0.254813 0.000120507
0.67651  2485.75 0.254813 0.000120323
0.681879  2489.58 0.254813 0.000120137
0.687248  2493.45 0.254813 0.000119951
0.692617  2497.36 0.254813 0.000119763
0.697987  2501.31 0.254813 0.000119574
0.703356  2505.3 0.254813 0.000119384
0.708725  2509.32 0.254813 0.000119192
0.714094  2513.4 0.254813 0.000118999
0.719463  2517.5 0.254813 0.000118805
0.724832  2521.65 0.254813 0.000118609
0.730201  2525.84 0.254813 0.000118413
0.73557  2530.06 0.254813 0.000118215
0.74094  2534.32 0.254813 0.000118017
0.746309  2538.6 0.254813 0.000117818
0.751678  2542.89 0.254813 0.000117619
0.757047  2547.19 0.254813 0.00011742
0.762416  2551.47 0.254813 0.000117223
0.767785  2555.68 0.254813 0.00011703
0.773154  2559.77 0.254813 0.000116843
0.778523  2563.62 0.254813 0.000116668
0.783893  2567.09 0.254813 0.00011651
0.789262  2569.9 0.254813 0.000116382
0.794631  2571.65 0.254813 0.000116304
0.8  2571.65 0.254813 0.000116304
