TITLE="Graphics"
VARIABLES= "x", "T", "Y fr", "rho"
-0.0219919  293 0 0.000871523
-0.013745  293 -2.38296e-09 0.000871523
-0.0085906  293 -1.45211e-09 0.000871523
-0.00536913  293 -1.81572e-09 0.000871523
0  293 -8.05686e-10 0.000871523
0.00536913  293 -1.81571e-09 0.000871523
0.0107383  293 -8.0568e-10 0.000871523
0.0161074  293 -1.81571e-09 0.000871523
0.0214765  293 -8.05675e-10 0.000871523
0.0268456  293 -1.8157e-09 0.000871523
0.0322148  293 -8.0567e-10 0.000871523
0.0375839  293 -1.8157e-09 0.000871523
0.042953  293 -8.05665e-10 0.000871523
0.0483221  293 -1.81569e-09 0.000871523
0.0536913  293 -8.05661e-10 0.000871523
0.0590604  293 -1.81569e-09 0.000871523
0.0644295  293 -8.05659e-10 0.000871523
0.0697987  293 -1.81568e-09 0.000871523
0.0751678  293 -8.05675e-10 0.000871523
0.0805369  293 -1.81562e-09 0.000871523
0.085906  293 -8.0588e-10 0.000871523
0.0912752  293 -1.81495e-09 0.000871523
0.0966443  293 -8.0805e-10 0.000871523
0.102013  293 -1.80757e-09 0.000871523
0.107383  293 -8.34638e-10 0.000871523
0.112752  293 -1.70638e-09 0.000871523
0.118121  293 -1.23086e-09 0.000871523
0.12349  293 -1.57949e-10 0.000871523
0.128859  293 -7.12444e-09 0.000871523
0.134228  293 2.13325e-08 0.000871523
0.139597  293 -8.13659e-08 0.000871522
0.144966  293.001 2.62136e-07 0.000871521
0.150336  293.001 -8.07713e-07 0.000871519
0.15302  293.002 2.14287e-07 0.000871517
0.155705  293.003 -9.49797e-07 0.000871514
0.158389  293.004 1.19805e-06 0.000871512
0.161074  293.006 -1.9208e-06 0.000871505
0.163758  293.008 2.64075e-06 0.000871501
0.166443  293.011 -3.52981e-06 0.000871489
0.169128  293.015 4.37469e-06 0.000871481
0.171812  293.02 -5.08275e-06 0.00087146
0.174497  293.027 5.48024e-06 0.000871445
0.177181  293.036 -5.493e-06 0.000871412
0.179866  293.048 5.13118e-06 0.000871382
0.18255  293.064 -4.55005e-06 0.000871332
0.185235  293.083 3.95734e-06 0.000871278
0.187919  293.108 -3.53355e-06 0.0008712
0.190604  293.14 3.29415e-06 0.00087111
0.193289  293.179 -3.10685e-06 0.000870989
0.195973  293.228 2.77628e-06 0.000870845
0.198658  293.29 -2.24296e-06 0.000870661
0.201342  293.365 1.62451e-06 0.000870439
0.204027  293.458 -1.12838e-06 0.000870162
0.206711  293.571 8.13787e-07 0.000869827
0.209396  293.71 -5.49576e-07 0.000869417
0.212081  293.877 1.55679e-07 0.000868921
0.214765  294.081 3.42227e-07 0.000868319
0.21745  294.329 -7.62873e-07 0.000867589
0.220134  294.631 1.00364e-06 0.0008667
0.222819  295.002 -1.20973e-06 0.000865608
0.225503  295.464 1.52886e-06 0.000864257
0.228188  296.048 -1.88867e-06 0.000862549
0.230872  296.804 2.1032e-06 0.000860354
0.233557  297.808 -2.21948e-06 0.000857451
0.236242  299.183 2.41461e-06 0.000853514
0.238926  301.122 -2.6717e-06 0.000848016
0.241611  303.934 2.8027e-06 0.000840172
0.244295  308.109 -2.8613e-06 0.000828784
0.24698  314.413 3.01258e-06 0.000812169
0.249664  324.017 -3.16409e-06 0.000788095
0.252349  338.645 3.18437e-06 0.000754054
0.255034  360.713 -3.25982e-06 0.000707919
0.257718  393.346 3.37062e-06 0.000649191
0.260403  440.193 -3.3615e-06 0.0005801
0.263087  504.977 3.42772e-06 0.00050568
0.265772  590.948 -3.43121e-06 0.000432112
0.268456  700.48 4.40633e-06 0.000364545
0.271141  834.961 1.3749e-05 0.000305833
0.273826  994.746 0.000206202 0.000256735
0.27651  1178.56 0.0015067 0.000216855
0.279195  1381.37 0.00741366 0.000185647
0.281879  1591.01 0.0251705 0.000162851
0.284564  1787.59 0.0616771 0.000148091
0.287248  1950.04 0.113043 0.000140034
0.289933  2067.05 0.163646 0.00013634
0.292617  2141.57 0.201693 0.000134846
0.295302  2184.87 0.225723 0.000134267
0.297987  2208.6 0.239435 0.000134036
0.300671  2221.2 0.246838 0.000133935
0.303356  2227.78 0.250718 0.000133887
0.30604  2231.22 0.252722 0.00013386
0.308725  2233.03 0.253748 0.000133844
0.311409  2234.01 0.254271 0.000133832
0.314094  2234.57 0.254538 0.000133823
0.316779  2234.91 0.254673 0.000133814
0.319463  2235.15 0.254742 0.000133806
0.322148  2235.33 0.254777 0.000133799
0.324832  2235.48 0.254795 0.000133791
0.327517  2235.62 0.254804 0.000133784
0.330201  2235.76 0.254808 0.000133776
0.332886  2235.89 0.254811 0.000133768
0.33557  2236.02 0.254812 0.00013376
0.338255  2236.16 0.254812 0.000133752
0.34094  2236.29 0.254813 0.000133744
0.343624  2236.43 0.254813 0.000133736
0.346309  2236.57 0.254813 0.000133728
0.348993  2236.71 0.254813 0.00013372
0.351678  2236.85 0.254813 0.000133711
0.354362  2236.99 0.254813 0.000133703
0.357047  2237.14 0.254813 0.000133694
0.359732  2237.28 0.254813 0.000133685
0.362416  2237.43 0.254813 0.000133676
0.365101  2237.58 0.254813 0.000133667
0.367785  2237.74 0.254813 0.000133658
0.37047  2237.89 0.254813 0.000133649
0.373154  2238.05 0.254813 0.00013364
0.375839  2238.21 0.254813 0.00013363
0.378523  2238.37 0.254813 0.00013362
0.381208  2238.53 0.254813 0.000133611
0.383893  2238.69 0.254813 0.000133601
0.386577  2238.86 0.254813 0.000133591
0.389262  2239.03 0.254813 0.000133581
0.391946  2239.2 0.254813 0.000133571
0.394631  2239.38 0.254813 0.00013356
0.397315  2239.55 0.254813 0.00013355
0.4  2239.73 0.254813 0.000133539
0.402685  2239.91 0.254813 0.000133528
0.405369  2240.09 0.254813 0.000133518
0.408054  2240.28 0.254813 0.000133507
0.410738  2240.46 0.254813 0.000133495
0.413423  2240.65 0.254813 0.000133484
0.418792  2241.04 0.254813 0.000133461
0.424161  2241.43 0.254813 0.000133438
0.42953  2241.84 0.254813 0.000133414
0.434899  2242.25 0.254813 0.000133389
0.440268  2242.67 0.254813 0.000133364
0.445638  2243.11 0.254813 0.000133338
0.451007  2243.55 0.254813 0.000133312
0.456376  2244.01 0.254813 0.000133285
0.461745  2244.47 0.254813 0.000133257
0.467114  2244.95 0.254813 0.000133229
0.472483  2245.43 0.254813 0.0001332
0.477852  2245.93 0.254813 0.00013317
0.483221  2246.44 0.254813 0.00013314
0.488591  2246.96 0.254813 0.000133109
0.49396  2247.5 0.254813 0.000133078
0.499329  2248.04 0.254813 0.000133045
0.504698  2248.6 0.254813 0.000133012
0.510067  2249.17 0.254813 0.000132979
0.515436  2249.75 0.254813 0.000132944
0.520805  2250.34 0.254813 0.000132909
0.526174  2250.95 0.254813 0.000132874
0.531544  2251.57 0.254813 0.000132837
0.536913  2252.2 0.254813 0.0001328
0.542282  2252.85 0.254813 0.000132762
0.547651  2253.51 0.254813 0.000132723
0.55302  2254.18 0.254813 0.000132683
0.558389  2254.87 0.254813 0.000132643
0.563758  2255.57 0.254813 0.000132601
0.569128  2256.28 0.254813 0.000132559
0.574497  2257.01 0.254813 0.000132516
0.579866  2257.76 0.254813 0.000132473
0.585235  2258.52 0.254813 0.000132428
0.590604  2259.29 0.254813 0.000132383
0.595973  2260.08 0.254813 0.000132337
0.601342  2260.88 0.254813 0.00013229
0.606711  2261.7 0.254813 0.000132242
0.612081  2262.54 0.254813 0.000132193
0.61745  2263.39 0.254813 0.000132143
0.622819  2264.26 0.254813 0.000132093
0.628188  2265.14 0.254813 0.000132041
0.633557  2266.04 0.254813 0.000131989
0.638926  2266.95 0.254813 0.000131936
0.644295  2267.89 0.254813 0.000131881
0.649664  2268.83 0.254813 0.000131826
0.655034  2269.8 0.254813 0.00013177
0.660403  2270.78 0.254813 0.000131713
0.665772  2271.78 0.254813 0.000131655
0.671141  2272.8 0.254813 0.000131596
0.67651  2273.83 0.254813 0.000131536
0.681879  2274.88 0.254813 0.000131476
0.687248  2275.95 0.254813 0.000131414
0.692617  2277.04 0.254813 0.000131351
0.697987  2278.15 0.254813 0.000131287
0.703356  2279.27 0.254813 0.000131223
0.708725  2280.41 0.254813 0.000131157
0.714094  2281.57 0.254813 0.00013109
0.719463  2282.75 0.254813 0.000131023
0.724832  2283.94 0.254813 0.000130954
0.730201  2285.16 0.254813 0.000130885
0.73557  2286.39 0.254813 0.000130814
0.74094  2287.63 0.254813 0.000130743
0.746309  2288.89 0.254813 0.000130671
0.751678  2290.16 0.254813 0.000130599
0.757047  2291.43 0.254813 0.000130526
0.762416  2292.71 0.254813 0.000130454
0.767785  2293.96 0.254813 0.000130382
0.773154  2295.19 0.254813 0.000130313
0.778523  2296.34 0.254813 0.000130247
0.783893  2297.38 0.254813 0.000130188
0.789262  2298.22 0.254813 0.000130141
0.794631  2298.74 0.254813 0.000130111
0.8  2298.74 0.254813 0.000130111
