TITLE="Graphics"
VARIABLES= "x", "T", "Y fr", "rho"
-0.0219919  293 0 0.000871523
-0.013745  293 -2.38296e-09 0.000871523
-0.0085906  293 -1.45211e-09 0.000871523
-0.00536913  293 -1.81572e-09 0.000871523
0  293 -8.05685e-10 0.000871523
0.00536913  293 -1.81571e-09 0.000871523
0.0107383  293 -8.0568e-10 0.000871523
0.0161074  293 -1.81571e-09 0.000871523
0.0214765  293 -8.05677e-10 0.000871523
0.0268456  293 -1.81569e-09 0.000871523
0.0322148  293 -8.05702e-10 0.000871523
0.0375839  293 -1.81558e-09 0.000871523
0.042953  293 -8.06093e-10 0.000871523
0.0483221  293 -1.81415e-09 0.000871523
0.0536913  293 -8.11178e-10 0.000871523
0.0590604  293 -1.79599e-09 0.000871523
0.0644295  293 -8.74978e-10 0.000871523
0.0697987  293 -1.57664e-09 0.000871523
0.0751678  293 -1.60758e-09 0.000871523
0.0805369  293 7.86928e-10 0.000871523
0.085906  293 -8.9363e-09 0.000871523
0.0912752  293 2.25225e-08 0.000871523
0.0966443  293 -7.02918e-08 0.000871523
0.102013  293 1.86465e-07 0.000871523
0.107383  293 -4.82236e-07 0.000871523
0.112752  293 1.15186e-06 0.000871524
0.118121  293 -2.56919e-06 0.000871522
0.12349  293 5.24945e-06 0.000871526
0.128859  293 -9.70604e-06 0.000871518
0.134228  293 1.58409e-05 0.000871531
0.139597  293 -2.20261e-05 0.000871512
0.144966  293 2.44607e-05 0.000871535
0.150336  293 -1.90079e-05 0.000871513
0.15302  293 -1.45834e-05 0.000871515
0.155705  293 -2.2657e-05 0.000871511
0.158389  293 -1.69643e-05 0.000871513
0.161074  293.001 -2.05909e-05 0.000871511
0.163758  293.001 -1.3399e-05 0.000871514
0.166443  293.001 -1.45228e-05 0.000871513
0.169128  293.001 -8.5276e-06 0.000871515
0.171812  293.002 -7.79279e-06 0.000871514
0.174497  293.003 -4.85261e-06 0.000871513
0.177181  293.003 -3.22166e-06 0.000871512
0.179866  293.004 -2.50318e-06 0.000871509
0.18255  293.006 -7.33458e-07 0.000871506
0.185235  293.008 -1.82395e-06 0.0008715
0.187919  293.01 9.89958e-07 0.000871494
0.190604  293.013 -2.03388e-06 0.000871484
0.193289  293.017 1.77729e-06 0.000871475
0.195973  293.022 -2.11319e-06 0.000871458
0.198658  293.028 2.21799e-06 0.000871441
0.201342  293.036 -2.57692e-06 0.000871414
0.204027  293.047 2.76615e-06 0.000871384
0.206711  293.062 -2.85266e-06 0.000871339
0.209396  293.081 2.88251e-06 0.000871284
0.212081  293.107 -3.02959e-06 0.000871203
0.214765  293.144 3.22371e-06 0.000871098
0.21745  293.195 -3.32416e-06 0.000870942
0.220134  293.269 3.31046e-06 0.000870725
0.222819  293.378 -3.34432e-06 0.000870397
0.225503  293.542 3.47358e-06 0.000869917
0.228188  293.79 -3.56944e-06 0.000869177
0.230872  294.174 3.54654e-06 0.000868047
0.233557  294.772 -3.54001e-06 0.000866282
0.236242  295.714 3.62802e-06 0.000863526
0.238926  297.206 -3.69256e-06 0.000859189
0.241611  299.575 3.65387e-06 0.000852397
0.244295  303.341 -3.65735e-06 0.000841811
0.24698  309.31 3.73142e-06 0.000825568
0.249664  318.709 -3.73331e-06 0.000801219
0.252349  333.329 3.69769e-06 0.00076608
0.255034  355.65 -3.75585e-06 0.000717997
0.257718  388.842 3.75574e-06 0.000656712
0.260403  436.539 -3.7288e-06 0.000584955
0.263087  502.382 3.78219e-06 0.000508292
0.265772  589.469 -3.71042e-06 0.000433196
0.268456  700.003 4.68715e-06 0.000364794
0.271141  835.22 1.34803e-05 0.000305738
0.273826  995.369 0.000209172 0.000256575
0.27651  1179.11 0.00153075 0.000216757
0.279195  1381.37 0.00751561 0.000185658
0.281879  1590.03 0.0254218 0.000162976
0.284564  1785.34 0.0620789 0.000148313
0.287248  1946.49 0.113479 0.000140326
0.289933  2062.42 0.163993 0.000136676
0.292617  2136.16 0.201916 0.000135206
0.295302  2178.95 0.225848 0.000134643
0.297987  2202.37 0.239501 0.000134421
0.300671  2214.75 0.24687 0.000134328
0.303356  2221.18 0.250733 0.000134286
0.30604  2224.48 0.252728 0.000134266
0.308725  2226.18 0.253751 0.000134256
0.311409  2227.05 0.254272 0.00013425
0.314094  2227.51 0.254538 0.000134247
0.316779  2227.74 0.254673 0.000134245
0.319463  2227.87 0.254742 0.000134244
0.322148  2227.94 0.254777 0.000134242
0.324832  2227.99 0.254795 0.000134241
0.327517  2228.02 0.254804 0.00013424
0.330201  2228.04 0.254808 0.000134239
0.332886  2228.06 0.254811 0.000134238
0.33557  2228.08 0.254812 0.000134237
0.338255  2228.1 0.254812 0.000134236
0.34094  2228.11 0.254813 0.000134235
0.343624  2228.13 0.254813 0.000134234
0.346309  2228.15 0.254813 0.000134233
0.348993  2228.17 0.254813 0.000134232
0.351678  2228.18 0.254813 0.000134231
0.354362  2228.2 0.254813 0.00013423
0.357047  2228.22 0.254813 0.000134229
0.359732  2228.24 0.254813 0.000134228
0.362416  2228.26 0.254813 0.000134227
0.365101  2228.28 0.254813 0.000134225
0.367785  2228.3 0.254813 0.000134224
0.37047  2228.32 0.254813 0.000134223
0.373154  2228.34 0.254813 0.000134222
0.375839  2228.36 0.254813 0.000134221
0.378523  2228.38 0.254813 0.000134219
0.381208  2228.4 0.254813 0.000134218
0.383893  2228.42 0.254813 0.000134217
0.386577  2228.45 0.254813 0.000134215
0.389262  2228.47 0.254813 0.000134214
0.391946  2228.49 0.254813 0.000134213
0.394631  2228.52 0.254813 0.000134211
0.397315  2228.54 0.254813 0.00013421
0.4  2228.56 0.254813 0.000134208
0.402685  2228.59 0.254813 0.000134207
0.405369  2228.61 0.254813 0.000134205
0.408054  2228.64 0.254813 0.000134204
0.410738  2228.66 0.254813 0.000134202
0.413423  2228.69 0.254813 0.000134201
0.418792  2228.74 0.254813 0.000134198
0.424161  2228.8 0.254813 0.000134194
0.42953  2228.85 0.254813 0.000134191
0.434899  2228.91 0.254813 0.000134187
0.440268  2228.97 0.254813 0.000134184
0.445638  2229.03 0.254813 0.00013418
0.451007  2229.1 0.254813 0.000134176
0.456376  2229.16 0.254813 0.000134172
0.461745  2229.23 0.254813 0.000134168
0.467114  2229.3 0.254813 0.000134164
0.472483  2229.37 0.254813 0.00013416
0.477852  2229.44 0.254813 0.000134155
0.483221  2229.52 0.254813 0.000134151
0.488591  2229.6 0.254813 0.000134146
0.49396  2229.68 0.254813 0.000134141
0.499329  2229.76 0.254813 0.000134136
0.504698  2229.85 0.254813 0.000134131
0.510067  2229.94 0.254813 0.000134125
0.515436  2230.03 0.254813 0.00013412
0.520805  2230.12 0.254813 0.000134114
0.526174  2230.22 0.254813 0.000134109
0.531544  2230.32 0.254813 0.000134103
0.536913  2230.42 0.254813 0.000134096
0.542282  2230.53 0.254813 0.00013409
0.547651  2230.64 0.254813 0.000134083
0.55302  2230.75 0.254813 0.000134077
0.558389  2230.87 0.254813 0.00013407
0.563758  2230.98 0.254813 0.000134063
0.569128  2231.11 0.254813 0.000134055
0.574497  2231.23 0.254813 0.000134048
0.579866  2231.36 0.254813 0.00013404
0.585235  2231.49 0.254813 0.000134032
0.590604  2231.63 0.254813 0.000134024
0.595973  2231.77 0.254813 0.000134015
0.601342  2231.92 0.254813 0.000134007
0.606711  2232.07 0.254813 0.000133998
0.612081  2232.22 0.254813 0.000133988
0.61745  2232.38 0.254813 0.000133979
0.622819  2232.54 0.254813 0.000133969
0.628188  2232.7 0.254813 0.000133959
0.633557  2232.88 0.254813 0.000133949
0.638926  2233.05 0.254813 0.000133939
0.644295  2233.23 0.254813 0.000133928
0.649664  2233.42 0.254813 0.000133917
0.655034  2233.61 0.254813 0.000133905
0.660403  2233.8 0.254813 0.000133894
0.665772  2234 0.254813 0.000133882
0.671141  2234.21 0.254813 0.000133869
0.67651  2234.42 0.254813 0.000133857
0.681879  2234.64 0.254813 0.000133844
0.687248  2234.86 0.254813 0.00013383
0.692617  2235.09 0.254813 0.000133816
0.697987  2235.32 0.254813 0.000133802
0.703356  2235.56 0.254813 0.000133788
0.708725  2235.81 0.254813 0.000133773
0.714094  2236.06 0.254813 0.000133758
0.719463  2236.32 0.254813 0.000133743
0.724832  2236.59 0.254813 0.000133727
0.730201  2236.86 0.254813 0.000133711
0.73557  2237.14 0.254813 0.000133694
0.74094  2237.42 0.254813 0.000133677
0.746309  2237.71 0.254813 0.00013366
0.751678  2238.01 0.254813 0.000133642
0.757047  2238.31 0.254813 0.000133624
0.762416  2238.61 0.254813 0.000133606
0.767785  2238.9 0.254813 0.000133588
0.773154  2239.2 0.254813 0.000133571
0.778523  2239.48 0.254813 0.000133554
0.783893  2239.73 0.254813 0.000133539
0.789262  2239.93 0.254813 0.000133527
0.794631  2240.06 0.254813 0.00013352
0.8  2240.06 0.254813 0.00013352
