TITLE="Graphics"
VARIABLES= "x", "T", "Y fr", "rho"
-0.0219919  293 0 0.000871523
-0.013745  293 -1.25674e-07 0.000871523
-0.0085906  293 -7.65827e-08 0.000871523
-0.00536913  293 -9.5759e-08 0.000871523
0  293 -4.24914e-08 0.000871523
0.00536913  293 -9.5759e-08 0.000871523
0.0107383  293 -4.24914e-08 0.000871523
0.0161074  293 -9.5759e-08 0.000871523
0.0214765  293 -4.24914e-08 0.000871523
0.0268456  293 -9.5759e-08 0.000871523
0.0322148  293 -4.24914e-08 0.000871523
0.0375839  293 -9.5759e-08 0.000871523
0.042953  293 -4.24914e-08 0.000871523
0.0483221  293 -9.5759e-08 0.000871523
0.0536913  293 -4.24914e-08 0.000871523
0.0590604  293 -9.5759e-08 0.000871523
0.0644295  293 -4.24914e-08 0.000871523
0.0697987  293 -9.5759e-08 0.000871523
0.0751678  293 -4.24914e-08 0.000871523
0.0805369  293 -9.5759e-08 0.000871523
0.085906  293 -4.24913e-08 0.000871523
0.0912752  293 -9.5759e-08 0.000871523
0.0966443  293 -4.24913e-08 0.000871523
0.102013  293 -9.5759e-08 0.000871523
0.107383  293 -4.24913e-08 0.000871523
0.112752  293 -9.57591e-08 0.000871523
0.118121  293 -4.24911e-08 0.000871523
0.12349  293 -9.57596e-08 0.000871523
0.128859  293 -4.249e-08 0.000871523
0.134228  293 -9.57609e-08 0.000871523
0.139597  293 -4.2493e-08 0.000871523
0.144966  293 -9.57249e-08 0.000871523
0.150336  293 -4.27233e-08 0.000871523
0.15302  293 -5.54894e-08 0.000871522
0.155705  293.001 -4.34989e-08 0.000871521
0.158389  293.001 -5.30692e-08 0.000871519
0.161074  293.002 -4.9641e-08 0.000871516
0.163758  293.004 -3.79583e-08 0.000871511
0.166443  293.007 -8.49258e-08 0.000871503
0.169128  293.011 4.00781e-08 0.00087149
0.171812  293.018 -2.4755e-07 0.000871469
0.174497  293.029 3.56999e-07 0.000871438
0.177181  293.044 -8.18723e-07 0.000871391
0.179866  293.068 1.29211e-06 0.000871322
0.18255  293.102 -2.16482e-06 0.00087122
0.185235  293.15 2.87337e-06 0.000871078
0.187919  293.219 -3.31676e-06 0.000870872
0.190604  293.313 2.1227e-06 0.000870594
0.193289  293.442 1.81047e-06 0.000870212
0.195973  293.615 -1.05937e-05 0.000869693
0.198658  293.843 2.50223e-05 0.000869035
0.201342  294.14 -4.50905e-05 0.000868122
0.204027  294.521 6.76729e-05 0.000867056
0.206711  295.002 -8.85953e-05 0.000865565
0.209396  295.6 0.000103218 0.000863908
0.212081  296.334 -0.000110904 0.000861662
0.214765  297.222 0.000114527 0.000859199
0.21745  298.282 -0.000119563 0.000856033
0.220134  299.529 0.000127715 0.000852589
0.222819  300.979 -0.000136419 0.000848352
0.225503  302.645 0.00014093 0.000843817
0.228188  304.536 -0.000141784 0.00083844
0.230872  306.661 0.000143159 0.000832767
0.233557  309.025 -0.000147893 0.000826259
0.236242  311.632 0.000152184 0.000819488
0.238926  314.489 -0.000153051 0.000811901
0.241611  317.61 0.000152648 0.000804063
0.244295  321.028 -0.000155211 0.000795363
0.24698  324.818 0.000158206 0.000786223
0.249664  329.15 -0.00015845 0.000775736
0.252349  334.387 0.000157922 0.000763724
0.255034  341.296 -0.000160101 0.000748128
0.257718  351.437 0.00016148 0.000726673
0.260403  367.873 -0.000160801 0.000694078
0.263087  396.19 0.000161492 0.00064459
0.265772  445.457 -0.000162938 0.000573192
0.268456  527.839 0.000161973 0.000483822
0.271141  655.928 -0.000163019 0.000389269
0.273826  839.134 0.000166837 0.000304339
0.27651  1081.91 -2.51209e-05 0.000236021
0.279195  1381.37 0.00234616 0.000185106
0.281879  1717.34 0.0153524 0.000150015
0.284564  2042.27 0.0564506 0.000129221
0.287248  2302.64 0.118571 0.000118994
0.289933  2476.62 0.174747 0.000114599
0.292617  2577.71 0.212198 0.000112799
0.295302  2631.45 0.233337 0.000112043
0.297987  2658.7 0.24429 0.000111705
0.300671  2672.26 0.249728 0.000111544
0.303356  2679.03 0.252373 0.000111459
0.30604  2682.5 0.253646 0.00011141
0.308725  2684.39 0.254256 0.000111377
0.311409  2685.52 0.254547 0.000111352
0.314094  2686.29 0.254686 0.000111331
0.316779  2686.89 0.254753 0.000111311
0.319463  2687.41 0.254784 0.000111292
0.322148  2687.89 0.254799 0.000111273
0.324832  2688.35 0.254806 0.000111254
0.327517  2688.81 0.25481 0.000111235
0.330201  2689.27 0.254812 0.000111216
0.332886  2689.73 0.254812 0.000111197
0.33557  2690.2 0.254813 0.000111178
0.338255  2690.66 0.254813 0.000111159
0.34094  2691.13 0.254813 0.00011114
0.343624  2691.6 0.254813 0.00011112
0.346309  2692.07 0.254813 0.000111101
0.348993  2692.55 0.254813 0.000111081
0.351678  2693.03 0.254813 0.000111061
0.354362  2693.51 0.254813 0.000111042
0.357047  2694 0.254813 0.000111021
0.359732  2694.49 0.254813 0.000111001
0.362416  2694.98 0.254813 0.000110981
0.365101  2695.47 0.254813 0.000110961
0.367785  2695.97 0.254813 0.00011094
0.37047  2696.47 0.254813 0.00011092
0.373154  2696.98 0.254813 0.000110899
0.375839  2697.49 0.254813 0.000110878
0.378523  2698 0.254813 0.000110857
0.381208  2698.51 0.254813 0.000110836
0.383893  2699.03 0.254813 0.000110814
0.386577  2699.55 0.254813 0.000110793
0.389262  2700.08 0.254813 0.000110772
0.391946  2700.6 0.254813 0.00011075
0.394631  2701.13 0.254813 0.000110728
0.397315  2701.67 0.254813 0.000110706
0.4  2702.21 0.254813 0.000110684
0.402685  2702.75 0.254813 0.000110662
0.405369  2703.29 0.254813 0.00011064
0.408054  2703.84 0.254813 0.000110617
0.410738  2704.39 0.254813 0.000110595
0.413423  2704.94 0.254813 0.000110572
0.418792  2706.06 0.254813 0.000110527
0.424161  2707.19 0.254813 0.00011048
0.42953  2708.34 0.254813 0.000110434
0.434899  2709.49 0.254813 0.000110387
0.440268  2710.67 0.254813 0.000110339
0.445638  2711.85 0.254813 0.000110291
0.451007  2713.05 0.254813 0.000110242
0.456376  2714.27 0.254813 0.000110192
0.461745  2715.5 0.254813 0.000110143
0.467114  2716.74 0.254813 0.000110092
0.472483  2718 0.254813 0.000110041
0.477852  2719.27 0.254813 0.00010999
0.483221  2720.55 0.254813 0.000109938
0.488591  2721.86 0.254813 0.000109885
0.49396  2723.17 0.254813 0.000109832
0.499329  2724.5 0.254813 0.000109779
0.504698  2725.85 0.254813 0.000109724
0.510067  2727.21 0.254813 0.00010967
0.515436  2728.58 0.254813 0.000109614
0.520805  2729.97 0.254813 0.000109559
0.526174  2731.38 0.254813 0.000109502
0.531544  2732.8 0.254813 0.000109445
0.536913  2734.23 0.254813 0.000109388
0.542282  2735.69 0.254813 0.00010933
0.547651  2737.15 0.254813 0.000109271
0.55302  2738.64 0.254813 0.000109212
0.558389  2740.14 0.254813 0.000109152
0.563758  2741.65 0.254813 0.000109092
0.569128  2743.18 0.254813 0.000109031
0.574497  2744.73 0.254813 0.000108969
0.579866  2746.29 0.254813 0.000108907
0.585235  2747.87 0.254813 0.000108845
0.590604  2749.47 0.254813 0.000108782
0.595973  2751.08 0.254813 0.000108718
0.601342  2752.71 0.254813 0.000108653
0.606711  2754.36 0.254813 0.000108589
0.612081  2756.02 0.254813 0.000108523
0.61745  2757.7 0.254813 0.000108457
0.622819  2759.4 0.254813 0.00010839
0.628188  2761.11 0.254813 0.000108323
0.633557  2762.85 0.254813 0.000108255
0.638926  2764.6 0.254813 0.000108186
0.644295  2766.36 0.254813 0.000108117
0.649664  2768.15 0.254813 0.000108047
0.655034  2769.95 0.254813 0.000107977
0.660403  2771.77 0.254813 0.000107906
0.665772  2773.61 0.254813 0.000107835
0.671141  2775.47 0.254813 0.000107762
0.67651  2777.35 0.254813 0.00010769
0.681879  2779.24 0.254813 0.000107616
0.687248  2781.15 0.254813 0.000107542
0.692617  2783.08 0.254813 0.000107468
0.697987  2785.04 0.254813 0.000107392
0.703356  2787 0.254813 0.000107317
0.708725  2788.99 0.254813 0.00010724
0.714094  2791 0.254813 0.000107163
0.719463  2793.03 0.254813 0.000107085
0.724832  2795.07 0.254813 0.000107007
0.730201  2797.13 0.254813 0.000106928
0.73557  2799.22 0.254813 0.000106848
0.74094  2801.32 0.254813 0.000106768
0.746309  2803.44 0.254813 0.000106687
0.751678  2805.58 0.254813 0.000106606
0.757047  2807.73 0.254813 0.000106524
0.762416  2809.88 0.254813 0.000106443
0.767785  2812.04 0.254813 0.000106361
0.773154  2814.17 0.254813 0.000106281
0.778523  2816.23 0.254813 0.000106203
0.783893  2818.16 0.254813 0.00010613
0.789262  2819.8 0.254813 0.000106068
0.794631  2820.88 0.254813 0.000106028
0.8  2820.88 0.254813 0.000106028
