TITLE="Graphics"
VARIABLES= "x", "T", "Y fr", "rho"
-0.0219919  293 0 0.000871523
-0.013745  293 -1.25674e-07 0.000871523
-0.0085906  293 -7.65827e-08 0.000871523
-0.00536913  293 -9.5759e-08 0.000871523
0  293 -4.24914e-08 0.000871523
0.00536913  293 -9.5759e-08 0.000871523
0.0107383  293 -4.24914e-08 0.000871523
0.0161074  293 -9.5759e-08 0.000871523
0.0214765  293 -4.24914e-08 0.000871523
0.0268456  293 -9.5759e-08 0.000871523
0.0322148  293 -4.24914e-08 0.000871523
0.0375839  293 -9.5759e-08 0.000871523
0.042953  293 -4.24914e-08 0.000871523
0.0483221  293 -9.5759e-08 0.000871523
0.0536913  293 -4.24914e-08 0.000871523
0.0590604  293 -9.5759e-08 0.000871523
0.0644295  293 -4.24913e-08 0.000871523
0.0697987  293 -9.5759e-08 0.000871523
0.0751678  293 -4.24913e-08 0.000871523
0.0805369  293 -9.5759e-08 0.000871523
0.085906  293 -4.24913e-08 0.000871523
0.0912752  293 -9.5759e-08 0.000871523
0.0966443  293 -4.24913e-08 0.000871523
0.102013  293 -9.57591e-08 0.000871523
0.107383  293 -4.2491e-08 0.000871523
0.112752  293 -9.57594e-08 0.000871523
0.118121  293 -4.24922e-08 0.000871523
0.12349  293 -9.57481e-08 0.000871523
0.128859  293 -4.25605e-08 0.000871523
0.134228  293 -9.53916e-08 0.000871523
0.139597  293 -4.42847e-08 0.000871523
0.144966  293 -8.7527e-08 0.000871523
0.150336  293 -7.8136e-08 0.000871523
0.15302  293 -2.91973e-08 0.000871523
0.155705  293 -1.21118e-07 0.000871522
0.158389  293 9.85979e-08 0.000871522
0.161074  293.001 -3.4703e-07 0.000871521
0.163758  293.001 5.03492e-07 0.00087152
0.166443  293.002 -1.00211e-06 0.000871517
0.169128  293.003 1.45599e-06 0.000871514
0.171812  293.005 -2.17318e-06 0.000871507
0.174497  293.008 2.48163e-06 0.0008715
0.177181  293.012 -2.17903e-06 0.000871485
0.179866  293.019 -1.29457e-07 0.000871467
0.18255  293.028 5.40649e-06 0.000871441
0.185235  293.042 -1.54354e-05 0.00087139
0.187919  293.062 3.06076e-05 0.000871355
0.190604  293.089 -5.06999e-05 0.000871233
0.193289  293.127 7.28064e-05 0.000871182
0.195973  293.179 -9.33468e-05 0.000870946
0.198658  293.248 0.000108111 0.000870839
0.201342  293.341 -0.000116099 0.000870451
0.204027  293.464 0.000119141 0.000870205
0.206711  293.623 -0.000122222 0.000869614
0.209396  293.827 0.000128272 0.000869134
0.212081  294.086 -0.000136829 0.000868238
0.214765  294.41 0.000143355 0.000867422
0.21745  294.811 -0.000145573 0.000866099
0.220134  295.301 0.000145223 0.000864805
0.222819  295.893 -0.000147165 0.000862929
0.225503  296.601 0.000151783 0.000861016
0.228188  297.438 -0.000155553 0.000858442
0.230872  298.418 0.000155452 0.000855777
0.233557  299.553 -0.000154893 0.000852382
0.236242  300.859 0.000157052 0.000848834
0.238926  302.354 -0.000160279 0.000844483
0.241611  304.066 0.000160322 0.000839883
0.244295  306.043 -0.000159372 0.000834305
0.24698  308.381 0.000160791 0.000828131
0.249664  311.277 -0.000163037 0.000820273
0.252349  315.143 0.000162366 0.000810363
0.255034  320.827 -0.000161906 0.000795856
0.257718  330.056 0.000163521 0.000773749
0.260403  346.189 -0.000164048 0.000737552
0.263087  375.285 0.000162988 0.000680496
0.265772  426.937 -0.000164283 0.000598056
0.268456  513.439 0.000164187 0.000497392
0.271141  646.676 -0.000163776 0.000394838
0.273826  834.726 0.000167861 0.000305946
0.27651  1080.82 -3.19981e-05 0.000236257
0.279195  1381.37 0.00237641 0.00018511
0.281879  1715.93 0.0157041 0.000150168
0.284564  2037.39 0.0574676 0.000129609
0.287248  2293.43 0.119954 0.000119574
0.289933  2463.51 0.175962 0.000115298
0.292617  2561.76 0.213032 0.000113563
0.295302  2613.69 0.233838 0.000112842
0.297987  2639.85 0.24457 0.000112524
0.300671  2652.75 0.249879 0.000112375
0.303356  2659.11 0.252452 0.0001123
0.30604  2662.29 0.253687 0.000112259
0.308725  2663.95 0.254277 0.000112233
0.311409  2664.89 0.254558 0.000112215
0.314094  2665.48 0.254692 0.0001122
0.316779  2665.91 0.254755 0.000112187
0.319463  2666.26 0.254786 0.000112174
0.322148  2666.58 0.2548 0.000112162
0.324832  2666.88 0.254807 0.00011215
0.327517  2667.18 0.25481 0.000112138
0.330201  2667.47 0.254812 0.000112125
0.332886  2667.77 0.254812 0.000112113
0.33557  2668.06 0.254813 0.000112101
0.338255  2668.36 0.254813 0.000112088
0.34094  2668.66 0.254813 0.000112075
0.343624  2668.97 0.254813 0.000112063
0.346309  2669.27 0.254813 0.00011205
0.348993  2669.58 0.254813 0.000112037
0.351678  2669.89 0.254813 0.000112024
0.354362  2670.2 0.254813 0.000112011
0.357047  2670.52 0.254813 0.000111998
0.359732  2670.83 0.254813 0.000111984
0.362416  2671.15 0.254813 0.000111971
0.365101  2671.48 0.254813 0.000111957
0.367785  2671.8 0.254813 0.000111944
0.37047  2672.13 0.254813 0.00011193
0.373154  2672.46 0.254813 0.000111916
0.375839  2672.79 0.254813 0.000111902
0.378523  2673.13 0.254813 0.000111888
0.381208  2673.46 0.254813 0.000111874
0.383893  2673.8 0.254813 0.00011186
0.386577  2674.15 0.254813 0.000111846
0.389262  2674.49 0.254813 0.000111831
0.391946  2674.84 0.254813 0.000111817
0.394631  2675.19 0.254813 0.000111802
0.397315  2675.54 0.254813 0.000111787
0.4  2675.9 0.254813 0.000111772
0.402685  2676.26 0.254813 0.000111758
0.405369  2676.62 0.254813 0.000111742
0.408054  2676.98 0.254813 0.000111727
0.410738  2677.35 0.254813 0.000111712
0.413423  2677.71 0.254813 0.000111697
0.418792  2678.46 0.254813 0.000111666
0.424161  2679.22 0.254813 0.000111634
0.42953  2679.98 0.254813 0.000111602
0.434899  2680.76 0.254813 0.00011157
0.440268  2681.55 0.254813 0.000111537
0.445638  2682.35 0.254813 0.000111503
0.451007  2683.16 0.254813 0.00011147
0.456376  2683.99 0.254813 0.000111436
0.461745  2684.82 0.254813 0.000111401
0.467114  2685.67 0.254813 0.000111366
0.472483  2686.53 0.254813 0.00011133
0.477852  2687.39 0.254813 0.000111294
0.483221  2688.27 0.254813 0.000111258
0.488591  2689.17 0.254813 0.000111221
0.49396  2690.07 0.254813 0.000111184
0.499329  2690.99 0.254813 0.000111146
0.504698  2691.91 0.254813 0.000111107
0.510067  2692.85 0.254813 0.000111069
0.515436  2693.8 0.254813 0.000111029
0.520805  2694.77 0.254813 0.00011099
0.526174  2695.74 0.254813 0.00011095
0.531544  2696.73 0.254813 0.000110909
0.536913  2697.73 0.254813 0.000110868
0.542282  2698.74 0.254813 0.000110826
0.547651  2699.77 0.254813 0.000110784
0.55302  2700.81 0.254813 0.000110742
0.558389  2701.86 0.254813 0.000110699
0.563758  2702.92 0.254813 0.000110655
0.569128  2703.99 0.254813 0.000110611
0.574497  2705.08 0.254813 0.000110567
0.579866  2706.18 0.254813 0.000110522
0.585235  2707.3 0.254813 0.000110476
0.590604  2708.42 0.254813 0.00011043
0.595973  2709.56 0.254813 0.000110384
0.601342  2710.72 0.254813 0.000110337
0.606711  2711.88 0.254813 0.000110289
0.612081  2713.06 0.254813 0.000110241
0.61745  2714.26 0.254813 0.000110193
0.622819  2715.46 0.254813 0.000110144
0.628188  2716.68 0.254813 0.000110094
0.633557  2717.92 0.254813 0.000110044
0.638926  2719.17 0.254813 0.000109994
0.644295  2720.43 0.254813 0.000109943
0.649664  2721.7 0.254813 0.000109891
0.655034  2722.99 0.254813 0.000109839
0.660403  2724.3 0.254813 0.000109787
0.665772  2725.61 0.254813 0.000109734
0.671141  2726.95 0.254813 0.00010968
0.67651  2728.29 0.254813 0.000109626
0.681879  2729.65 0.254813 0.000109571
0.687248  2731.03 0.254813 0.000109516
0.692617  2732.42 0.254813 0.00010946
0.697987  2733.82 0.254813 0.000109404
0.703356  2735.24 0.254813 0.000109348
0.708725  2736.67 0.254813 0.00010929
0.714094  2738.12 0.254813 0.000109232
0.719463  2739.59 0.254813 0.000109174
0.724832  2741.06 0.254813 0.000109115
0.730201  2742.56 0.254813 0.000109056
0.73557  2744.07 0.254813 0.000108996
0.74094  2745.59 0.254813 0.000108935
0.746309  2747.13 0.254813 0.000108874
0.751678  2748.67 0.254813 0.000108813
0.757047  2750.24 0.254813 0.000108751
0.762416  2751.8 0.254813 0.000108689
0.767785  2753.37 0.254813 0.000108628
0.773154  2754.91 0.254813 0.000108567
0.778523  2756.42 0.254813 0.000108507
0.783893  2757.81 0.254813 0.000108452
0.789262  2759 0.254813 0.000108406
0.794631  2759.79 0.254813 0.000108375
0.8  2759.79 0.254813 0.000108375
