TITLE="Graphics"
VARIABLES= "x", "T", "Y fr", "rho"
-0.0219919  293 0 0.000871523
-0.013745  293 -2.38296e-09 0.000871523
-0.0085906  293 -1.45211e-09 0.000871523
-0.00536913  293 -1.81572e-09 0.000871523
0  293 -8.05685e-10 0.000871523
0.00536913  293 -1.81571e-09 0.000871523
0.0107383  293 -8.0568e-10 0.000871523
0.0161074  293 -1.81571e-09 0.000871523
0.0214765  293 -8.05674e-10 0.000871523
0.0268456  293 -1.8157e-09 0.000871523
0.0322148  293 -8.05675e-10 0.000871523
0.0375839  293 -1.81567e-09 0.000871523
0.042953  293 -8.05746e-10 0.000871523
0.0483221  293 -1.8154e-09 0.000871523
0.0536913  293 -8.06704e-10 0.000871523
0.0590604  293 -1.81192e-09 0.000871523
0.0644295  293 -8.19261e-10 0.000871523
0.0697987  293 -1.76683e-09 0.000871523
0.0751678  293 -9.7834e-10 0.000871523
0.0805369  293 -1.21953e-09 0.000871523
0.085906  293 -2.80098e-09 0.000871523
0.0912752  293 4.62062e-09 0.000871523
0.0966443  293 -2.07085e-08 0.000871523
0.102013  293 5.68878e-08 0.000871523
0.107383  293 -1.6509e-07 0.000871523
0.112752  293 4.31825e-07 0.000871523
0.118121  293 -1.07268e-06 0.000871523
0.12349  293 2.45669e-06 0.000871524
0.128859  293 -5.17009e-06 0.000871521
0.134228  293 9.79346e-06 0.000871528
0.139597  293 -1.63076e-05 0.000871515
0.144966  293 2.28744e-05 0.000871534
0.150336  293 -2.50064e-05 0.00087151
0.15302  293 -1.50039e-05 0.000871515
0.155705  293 -2.23616e-05 0.000871511
0.158389  293.001 -1.23446e-05 0.000871515
0.161074  293.001 -1.57955e-05 0.000871513
0.163758  293.001 -7.11457e-06 0.000871516
0.166443  293.001 -9.69779e-06 0.000871514
0.169128  293.002 -2.73588e-06 0.000871516
0.171812  293.003 -5.11749e-06 0.000871513
0.174497  293.004 -9.37433e-07 0.000871512
0.177181  293.005 -1.9096e-06 0.000871508
0.179866  293.006 -6.0262e-07 0.000871504
0.18255  293.008 -3.68852e-07 0.000871498
0.185235  293.011 -5.44609e-07 0.000871491
0.187919  293.014 4.93658e-07 0.000871482
0.190604  293.018 -1.14467e-06 0.000871469
0.193289  293.024 1.45128e-06 0.000871454
0.195973  293.03 -1.75458e-06 0.000871432
0.198658  293.039 1.85168e-06 0.000871408
0.201342  293.05 -2.03079e-06 0.000871373
0.204027  293.065 2.30557e-06 0.000871332
0.206711  293.083 -2.59865e-06 0.000871274
0.209396  293.108 2.74513e-06 0.000871204
0.212081  293.141 -2.7893e-06 0.000871104
0.214765  293.185 2.88433e-06 0.000870976
0.21745  293.245 -3.08553e-06 0.000870793
0.220134  293.33 3.24354e-06 0.000870545
0.222819  293.451 -3.2712e-06 0.000870181
0.225503  293.629 3.27499e-06 0.000869658
0.228188  293.894 -3.38731e-06 0.000868871
0.230872  294.296 3.51362e-06 0.000867688
0.233557  294.914 -3.52851e-06 0.000865864
0.236242  295.878 3.50385e-06 0.000863047
0.238926  297.392 -3.58014e-06 0.000858649
0.241611  299.785 3.66255e-06 0.000851801
0.244295  303.572 -3.64281e-06 0.00084117
0.24698  309.559 3.63236e-06 0.000824904
0.249664  318.969 -3.71071e-06 0.000800565
0.252349  333.59 3.71575e-06 0.00076548
0.255034  355.899 -3.68586e-06 0.000717495
0.257718  389.062 3.74419e-06 0.000656339
0.260403  436.717 -3.73675e-06 0.000584717
0.263087  502.507 3.72224e-06 0.000508166
0.265772  589.538 -3.73686e-06 0.000433145
0.268456  700.023 4.64388e-06 0.000364784
0.271141  835.204 1.34769e-05 0.000305744
0.273826  995.336 0.00020901 0.000256584
0.27651  1179.08 0.0015295 0.000216762
0.279195  1381.37 0.0075104 0.000185657
0.281879  1590.08 0.0254091 0.00016297
0.284564  1785.45 0.0620588 0.000148302
0.287248  1946.67 0.113457 0.000140311
0.289933  2062.66 0.163976 0.000136659
0.292617  2136.44 0.201905 0.000135188
0.295302  2179.25 0.225842 0.000134624
0.297987  2202.68 0.239498 0.000134402
0.300671  2215.07 0.246868 0.000134308
0.303356  2221.51 0.250733 0.000134266
0.30604  2224.83 0.252728 0.000134246
0.308725  2226.53 0.253751 0.000134235
0.311409  2227.41 0.254272 0.000134229
0.314094  2227.87 0.254538 0.000134226
0.316779  2228.11 0.254673 0.000134223
0.319463  2228.24 0.254742 0.000134221
0.322148  2228.32 0.254777 0.00013422
0.324832  2228.37 0.254795 0.000134218
0.327517  2228.41 0.254804 0.000134217
0.330201  2228.44 0.254808 0.000134215
0.332886  2228.46 0.254811 0.000134214
0.33557  2228.49 0.254812 0.000134213
0.338255  2228.51 0.254812 0.000134211
0.34094  2228.54 0.254813 0.00013421
0.343624  2228.56 0.254813 0.000134208
0.346309  2228.58 0.254813 0.000134207
0.348993  2228.61 0.254813 0.000134205
0.351678  2228.63 0.254813 0.000134204
0.354362  2228.66 0.254813 0.000134202
0.357047  2228.69 0.254813 0.000134201
0.359732  2228.71 0.254813 0.000134199
0.362416  2228.74 0.254813 0.000134198
0.365101  2228.77 0.254813 0.000134196
0.367785  2228.79 0.254813 0.000134194
0.37047  2228.82 0.254813 0.000134193
0.373154  2228.85 0.254813 0.000134191
0.375839  2228.88 0.254813 0.000134189
0.378523  2228.91 0.254813 0.000134188
0.381208  2228.94 0.254813 0.000134186
0.383893  2228.97 0.254813 0.000134184
0.386577  2229 0.254813 0.000134182
0.389262  2229.03 0.254813 0.00013418
0.391946  2229.06 0.254813 0.000134178
0.394631  2229.09 0.254813 0.000134176
0.397315  2229.13 0.254813 0.000134174
0.4  2229.16 0.254813 0.000134172
0.402685  2229.19 0.254813 0.00013417
0.405369  2229.23 0.254813 0.000134168
0.408054  2229.26 0.254813 0.000134166
0.410738  2229.3 0.254813 0.000134164
0.413423  2229.33 0.254813 0.000134162
0.418792  2229.41 0.254813 0.000134158
0.424161  2229.48 0.254813 0.000134153
0.42953  2229.56 0.254813 0.000134148
0.434899  2229.64 0.254813 0.000134144
0.440268  2229.72 0.254813 0.000134139
0.445638  2229.81 0.254813 0.000134133
0.451007  2229.89 0.254813 0.000134128
0.456376  2229.98 0.254813 0.000134123
0.461745  2230.08 0.254813 0.000134117
0.467114  2230.17 0.254813 0.000134111
0.472483  2230.27 0.254813 0.000134105
0.477852  2230.37 0.254813 0.000134099
0.483221  2230.48 0.254813 0.000134093
0.488591  2230.59 0.254813 0.000134087
0.49396  2230.7 0.254813 0.00013408
0.499329  2230.81 0.254813 0.000134073
0.504698  2230.93 0.254813 0.000134066
0.510067  2231.05 0.254813 0.000134059
0.515436  2231.17 0.254813 0.000134051
0.520805  2231.3 0.254813 0.000134044
0.526174  2231.43 0.254813 0.000134036
0.531544  2231.57 0.254813 0.000134028
0.536913  2231.71 0.254813 0.000134019
0.542282  2231.85 0.254813 0.000134011
0.547651  2232 0.254813 0.000134002
0.55302  2232.15 0.254813 0.000133993
0.558389  2232.31 0.254813 0.000133983
0.563758  2232.47 0.254813 0.000133974
0.569128  2232.63 0.254813 0.000133964
0.574497  2232.8 0.254813 0.000133954
0.579866  2232.98 0.254813 0.000133943
0.585235  2233.15 0.254813 0.000133932
0.590604  2233.34 0.254813 0.000133921
0.595973  2233.53 0.254813 0.00013391
0.601342  2233.72 0.254813 0.000133898
0.606711  2233.92 0.254813 0.000133886
0.612081  2234.13 0.254813 0.000133874
0.61745  2234.34 0.254813 0.000133862
0.622819  2234.55 0.254813 0.000133849
0.628188  2234.77 0.254813 0.000133835
0.633557  2235 0.254813 0.000133822
0.638926  2235.23 0.254813 0.000133808
0.644295  2235.47 0.254813 0.000133793
0.649664  2235.72 0.254813 0.000133779
0.655034  2235.97 0.254813 0.000133764
0.660403  2236.23 0.254813 0.000133748
0.665772  2236.49 0.254813 0.000133732
0.671141  2236.77 0.254813 0.000133716
0.67651  2237.04 0.254813 0.000133699
0.681879  2237.33 0.254813 0.000133682
0.687248  2237.62 0.254813 0.000133665
0.692617  2237.92 0.254813 0.000133647
0.697987  2238.23 0.254813 0.000133629
0.703356  2238.55 0.254813 0.00013361
0.708725  2238.87 0.254813 0.000133591
0.714094  2239.2 0.254813 0.000133571
0.719463  2239.54 0.254813 0.000133551
0.724832  2239.88 0.254813 0.00013353
0.730201  2240.24 0.254813 0.000133509
0.73557  2240.6 0.254813 0.000133487
0.74094  2240.97 0.254813 0.000133465
0.746309  2241.34 0.254813 0.000133443
0.751678  2241.72 0.254813 0.00013342
0.757047  2242.11 0.254813 0.000133397
0.762416  2242.5 0.254813 0.000133374
0.767785  2242.88 0.254813 0.000133351
0.773154  2243.26 0.254813 0.000133329
0.778523  2243.62 0.254813 0.000133308
0.783893  2243.94 0.254813 0.000133288
0.789262  2244.21 0.254813 0.000133273
0.794631  2244.37 0.254813 0.000133263
0.8  2244.37 0.254813 0.000133263
