TITLE="Graphics"
VARIABLES= "x", "T", "Y fr", "rho"
-0.0219919  293 0 0.000871523
-0.013745  293 -2.38296e-09 0.000871523
-0.0085906  293 -1.45211e-09 0.000871523
-0.00536913  293 -1.81572e-09 0.000871523
0  293 -8.05686e-10 0.000871523
0.00536913  293 -1.81571e-09 0.000871523
0.0107383  293 -8.05684e-10 0.000871523
0.0161074  293 -1.81569e-09 0.000871523
0.0214765  293 -8.05726e-10 0.000871523
0.0268456  293 -1.81552e-09 0.000871523
0.0322148  293 -8.06324e-10 0.000871523
0.0375839  293 -1.81337e-09 0.000871523
0.042953  293 -8.13843e-10 0.000871523
0.0483221  293 -1.78734e-09 0.000871523
0.0536913  293 -9.01941e-10 0.000871523
0.0590604  293 -1.49692e-09 0.000871523
0.0644295  293 -1.82954e-09 0.000871523
0.0697987  293 1.36184e-09 0.000871523
0.0751678  293 -1.02961e-08 0.000871523
0.0805369  293 2.53607e-08 0.000871523
0.085906  293 -7.51187e-08 0.000871523
0.0912752  293 1.91379e-07 0.000871523
0.0966443  293 -4.75884e-07 0.000871523
0.102013  293 1.09646e-06 0.000871524
0.107383  293 -2.36957e-06 0.000871522
0.112752  293 4.71817e-06 0.000871526
0.118121  293 -8.57726e-06 0.000871519
0.12349  293 1.39539e-05 0.00087153
0.128859  293 -1.98039e-05 0.000871513
0.134228  293 2.34988e-05 0.000871535
0.139597  293 -2.17064e-05 0.000871512
0.144966  293 1.36793e-05 0.00087153
0.150336  293 -5.50805e-06 0.00087152
0.15302  293 -3.02716e-06 0.000871521
0.155705  293 -1.09107e-05 0.000871517
0.158389  293 -1.14742e-05 0.000871517
0.161074  293 -1.76148e-05 0.000871513
0.163758  293 -1.86181e-05 0.000871513
0.166443  293.001 -1.96307e-05 0.000871512
0.169128  293.001 -1.9271e-05 0.000871511
0.171812  293.001 -1.63736e-05 0.000871512
0.174497  293.001 -1.50487e-05 0.000871512
0.177181  293.002 -1.01625e-05 0.000871513
0.179866  293.002 -1.02296e-05 0.000871511
0.18255  293.003 -4.30038e-06 0.000871512
0.185235  293.004 -6.41547e-06 0.000871508
0.187919  293.005 -7.15889e-07 0.000871507
0.190604  293.007 -4.21383e-06 0.0008715
0.193289  293.009 1.47691e-06 0.000871497
0.195973  293.012 -3.56627e-06 0.000871486
0.198658  293.016 2.5589e-06 0.000871477
0.201342  293.021 -3.20552e-06 0.000871459
0.204027  293.028 2.93623e-06 0.000871441
0.206711  293.038 -3.31338e-06 0.00087141
0.209396  293.051 3.35183e-06 0.000871373
0.212081  293.07 -3.41726e-06 0.000871312
0.214765  293.098 3.36843e-06 0.000871232
0.21745  293.14 -3.46268e-06 0.000871105
0.220134  293.202 3.58375e-06 0.000870923
0.222819  293.298 -3.62317e-06 0.000870637
0.225503  293.445 3.57352e-06 0.000870203
0.228188  293.675 -3.59591e-06 0.000869517
0.230872  294.038 3.69087e-06 0.000868448
0.233557  294.614 -3.72429e-06 0.000866747
0.236242  295.531 3.67257e-06 0.000864061
0.238926  296.997 -3.68566e-06 0.000859793
0.241611  299.34 3.75815e-06 0.000853066
0.244295  303.082 -3.75756e-06 0.000842531
0.24698  309.031 3.71371e-06 0.000826314
0.249664  318.417 -3.75963e-06 0.000801954
0.252349  333.036 3.78594e-06 0.000766755
0.255034  355.371 -3.74287e-06 0.000718562
0.257718  388.594 3.77351e-06 0.000657131
0.260403  436.34 -3.78959e-06 0.000585222
0.263087  502.242 3.75265e-06 0.000508433
0.265772  589.393 -3.76691e-06 0.000433252
0.268456  699.982 4.67946e-06 0.000364805
0.271141  835.24 1.34621e-05 0.000305731
0.273826  995.408 0.000209367 0.000256565
0.27651  1179.15 0.0015322 0.000216751
0.279195  1381.37 0.00752157 0.000185659
0.281879  1589.97 0.0254362 0.000162984
0.284564  1785.21 0.0621017 0.000148326
0.287248  1946.29 0.113503 0.000140343
0.289933  2062.16 0.164012 0.000136696
0.292617  2135.85 0.201928 0.000135227
0.295302  2178.62 0.225855 0.000134664
0.297987  2202.01 0.239504 0.000134443
0.300671  2214.38 0.246872 0.000134351
0.303356  2220.8 0.250734 0.000134309
0.30604  2224.1 0.252729 0.00013429
0.308725  2225.79 0.253751 0.00013428
0.311409  2226.65 0.254272 0.000134275
0.314094  2227.1 0.254538 0.000134272
0.316779  2227.33 0.254673 0.00013427
0.319463  2227.45 0.254742 0.000134269
0.322148  2227.51 0.254777 0.000134268
0.324832  2227.55 0.254795 0.000134268
0.327517  2227.58 0.254804 0.000134267
0.330201  2227.59 0.254808 0.000134266
0.332886  2227.6 0.254811 0.000134266
0.33557  2227.62 0.254812 0.000134265
0.338255  2227.63 0.254812 0.000134265
0.34094  2227.64 0.254813 0.000134264
0.343624  2227.64 0.254813 0.000134264
0.346309  2227.65 0.254813 0.000134263
0.348993  2227.66 0.254813 0.000134262
0.351678  2227.67 0.254813 0.000134262
0.354362  2227.68 0.254813 0.000134261
0.357047  2227.69 0.254813 0.000134261
0.359732  2227.7 0.254813 0.00013426
0.362416  2227.71 0.254813 0.000134259
0.365101  2227.73 0.254813 0.000134259
0.367785  2227.74 0.254813 0.000134258
0.37047  2227.75 0.254813 0.000134257
0.373154  2227.76 0.254813 0.000134257
0.375839  2227.77 0.254813 0.000134256
0.378523  2227.78 0.254813 0.000134255
0.381208  2227.79 0.254813 0.000134255
0.383893  2227.8 0.254813 0.000134254
0.386577  2227.82 0.254813 0.000134253
0.389262  2227.83 0.254813 0.000134252
0.391946  2227.84 0.254813 0.000134252
0.394631  2227.85 0.254813 0.000134251
0.397315  2227.87 0.254813 0.00013425
0.4  2227.88 0.254813 0.000134249
0.402685  2227.89 0.254813 0.000134249
0.405369  2227.91 0.254813 0.000134248
0.408054  2227.92 0.254813 0.000134247
0.410738  2227.94 0.254813 0.000134246
0.413423  2227.95 0.254813 0.000134245
0.418792  2227.98 0.254813 0.000134243
0.424161  2228.01 0.254813 0.000134242
0.42953  2228.04 0.254813 0.00013424
0.434899  2228.07 0.254813 0.000134238
0.440268  2228.1 0.254813 0.000134236
0.445638  2228.14 0.254813 0.000134234
0.451007  2228.17 0.254813 0.000134232
0.456376  2228.21 0.254813 0.00013423
0.461745  2228.25 0.254813 0.000134227
0.467114  2228.29 0.254813 0.000134225
0.472483  2228.33 0.254813 0.000134222
0.477852  2228.37 0.254813 0.00013422
0.483221  2228.41 0.254813 0.000134217
0.488591  2228.46 0.254813 0.000134215
0.49396  2228.5 0.254813 0.000134212
0.499329  2228.55 0.254813 0.000134209
0.504698  2228.6 0.254813 0.000134206
0.510067  2228.65 0.254813 0.000134203
0.515436  2228.7 0.254813 0.0001342
0.520805  2228.75 0.254813 0.000134197
0.526174  2228.8 0.254813 0.000134194
0.531544  2228.86 0.254813 0.00013419
0.536913  2228.92 0.254813 0.000134187
0.542282  2228.98 0.254813 0.000134183
0.547651  2229.04 0.254813 0.00013418
0.55302  2229.1 0.254813 0.000134176
0.558389  2229.17 0.254813 0.000134172
0.563758  2229.24 0.254813 0.000134168
0.569128  2229.31 0.254813 0.000134163
0.574497  2229.38 0.254813 0.000134159
0.579866  2229.45 0.254813 0.000134155
0.585235  2229.53 0.254813 0.00013415
0.590604  2229.61 0.254813 0.000134145
0.595973  2229.69 0.254813 0.00013414
0.601342  2229.77 0.254813 0.000134135
0.606711  2229.86 0.254813 0.00013413
0.612081  2229.95 0.254813 0.000134125
0.61745  2230.04 0.254813 0.000134119
0.622819  2230.13 0.254813 0.000134114
0.628188  2230.23 0.254813 0.000134108
0.633557  2230.33 0.254813 0.000134102
0.638926  2230.43 0.254813 0.000134096
0.644295  2230.54 0.254813 0.00013409
0.649664  2230.65 0.254813 0.000134083
0.655034  2230.76 0.254813 0.000134076
0.660403  2230.87 0.254813 0.000134069
0.665772  2230.99 0.254813 0.000134062
0.671141  2231.11 0.254813 0.000134055
0.67651  2231.24 0.254813 0.000134047
0.681879  2231.37 0.254813 0.00013404
0.687248  2231.5 0.254813 0.000134032
0.692617  2231.63 0.254813 0.000134024
0.697987  2231.77 0.254813 0.000134015
0.703356  2231.92 0.254813 0.000134007
0.708725  2232.07 0.254813 0.000133998
0.714094  2232.22 0.254813 0.000133989
0.719463  2232.37 0.254813 0.000133979
0.724832  2232.53 0.254813 0.00013397
0.730201  2232.7 0.254813 0.00013396
0.73557  2232.87 0.254813 0.00013395
0.74094  2233.04 0.254813 0.000133939
0.746309  2233.21 0.254813 0.000133929
0.751678  2233.39 0.254813 0.000133918
0.757047  2233.58 0.254813 0.000133907
0.762416  2233.76 0.254813 0.000133896
0.767785  2233.94 0.254813 0.000133885
0.773154  2234.12 0.254813 0.000133874
0.778523  2234.29 0.254813 0.000133864
0.783893  2234.45 0.254813 0.000133855
0.789262  2234.58 0.254813 0.000133847
0.794631  2234.65 0.254813 0.000133842
0.8  2234.65 0.254813 0.000133842
