TITLE="Graphics"
VARIABLES= "x", "T", "Y fr", "rho"
-0.0219919  293 0 0.000871523
-0.013745  293 -1.25674e-07 0.000871523
-0.0085906  293 -7.65827e-08 0.000871523
-0.00536913  293 -9.5759e-08 0.000871523
0  293 -4.24914e-08 0.000871523
0.00536913  293 -9.5759e-08 0.000871523
0.0107383  293 -4.24914e-08 0.000871523
0.0161074  293 -9.5759e-08 0.000871523
0.0214765  293 -4.24914e-08 0.000871523
0.0268456  293 -9.5759e-08 0.000871523
0.0322148  293 -4.24914e-08 0.000871523
0.0375839  293 -9.5759e-08 0.000871523
0.042953  293 -4.24914e-08 0.000871523
0.0483221  293 -9.57589e-08 0.000871523
0.0536913  293 -4.24918e-08 0.000871523
0.0590604  293 -9.5757e-08 0.000871523
0.0644295  293 -4.25e-08 0.000871523
0.0697987  293 -9.57237e-08 0.000871523
0.0751678  293 -4.26278e-08 0.000871523
0.0805369  293 -9.5254e-08 0.000871523
0.085906  293 -4.42754e-08 0.000871523
0.0912752  293 -8.97567e-08 0.000871523
0.0966443  293 -6.16389e-08 0.000871523
0.102013  293 -3.82238e-08 0.000871523
0.107383  293 -2.03786e-07 0.000871523
0.112752  293 3.19953e-07 0.000871523
0.118121  293 -1.00329e-06 0.000871523
0.12349  293 1.7983e-06 0.000871524
0.128859  293 -2.81588e-06 0.000871522
0.134228  293 9.68938e-07 0.000871524
0.139597  293 1.13459e-05 0.000871529
0.144966  293 -5.38447e-05 0.000871496
0.150336  293 0.00015809 0.000871602
0.15302  293 -6.52023e-06 0.00087152
0.155705  293 0.000118713 0.000871583
0.158389  293 -9.68176e-05 0.000871475
0.161074  293 0.000121777 0.000871584
0.163758  293 -0.000132463 0.000871457
0.166443  293 0.000126775 0.000871586
0.169128  293 -0.000135499 0.000871455
0.171812  293 0.000129458 0.000871588
0.174497  293 -0.000139048 0.000871453
0.177181  293 0.000142449 0.000871594
0.179866  293 -0.000151272 0.000871447
0.18255  293 0.000153221 0.000871599
0.185235  293.001 -0.000153636 0.000871444
0.187919  293.001 0.00015166 0.000871596
0.190604  293.001 -0.000152664 0.000871443
0.193289  293.002 0.000156102 0.000871595
0.195973  293.003 -0.000160229 0.000871435
0.198658  293.004 0.0001613 0.000871592
0.201342  293.006 -0.00015985 0.000871427
0.204027  293.008 0.000158602 0.000871579
0.206711  293.011 -0.000160414 0.00087141
0.209396  293.015 0.000163325 0.00087156
0.212081  293.021 -0.000164345 0.00087138
0.214765  293.028 0.000162587 0.000871521
0.21745  293.038 -0.000161696 0.000871329
0.220134  293.051 0.000163295 0.000871453
0.222819  293.068 -0.000165462 0.000871238
0.225503  293.091 0.000164826 0.000871336
0.228188  293.12 -0.000163208 0.000871083
0.230872  293.16 0.000163544 0.000871129
0.233557  293.214 -0.000165623 0.000870805
0.236242  293.289 0.000165559 0.000870748
0.238926  293.399 -0.000163994 0.000870256
0.241611  293.571 0.000163967 0.000869908
0.244295  293.86 -0.000165746 0.000868891
0.24698  294.374 0.000165514 0.000867538
0.249664  295.343 -0.000164197 0.000864527
0.252349  297.241 0.000164578 0.00085917
0.255034  301.041 -0.000165823 0.000848164
0.257718  308.703 0.00016485 0.000827268
0.260403  324.009 -0.000164505 0.00078804
0.263087  353.643 0.000165475 0.000722143
0.265772  407.819 -0.000164938 0.000626092
0.268456  498.861 0.000164731 0.000511927
0.271141  637.662 -0.000165456 0.000400419
0.273826  830.747 0.000166984 0.000307411
0.27651  1080.07 -3.83763e-05 0.000236419
0.279195  1381.37 0.00241713 0.000185114
0.281879  1714.01 0.016102 0.000150371
0.284564  2031.45 0.0585509 0.000130072
0.287248  2282.7 0.121385 0.000120242
0.289933  2448.58 0.177194 0.000116092
0.292617  2543.82 0.213867 0.000114426
0.295302  2593.83 0.234335 0.000113743
0.297987  2618.81 0.244846 0.000113449
0.300671  2630.97 0.250026 0.000113317
0.303356  2636.82 0.252528 0.000113255
0.30604  2639.63 0.253726 0.000113226
0.308725  2640.97 0.254297 0.000113211
0.311409  2641.63 0.254568 0.000113204
0.314094  2641.95 0.254697 0.0001132
0.316779  2642.12 0.254758 0.000113197
0.319463  2642.21 0.254787 0.000113195
0.322148  2642.27 0.254801 0.000113194
0.324832  2642.31 0.254807 0.000113193
0.327517  2642.35 0.25481 0.000113191
0.330201  2642.38 0.254812 0.00011319
0.332886  2642.41 0.254812 0.000113189
0.33557  2642.44 0.254813 0.000113188
0.338255  2642.47 0.254813 0.000113186
0.34094  2642.5 0.254813 0.000113185
0.343624  2642.53 0.254813 0.000113184
0.346309  2642.56 0.254813 0.000113182
0.348993  2642.6 0.254813 0.000113181
0.351678  2642.63 0.254813 0.00011318
0.354362  2642.66 0.254813 0.000113178
0.357047  2642.69 0.254813 0.000113177
0.359732  2642.73 0.254813 0.000113175
0.362416  2642.76 0.254813 0.000113174
0.365101  2642.79 0.254813 0.000113172
0.367785  2642.83 0.254813 0.000113171
0.37047  2642.86 0.254813 0.000113169
0.373154  2642.9 0.254813 0.000113168
0.375839  2642.94 0.254813 0.000113166
0.378523  2642.97 0.254813 0.000113165
0.381208  2643.01 0.254813 0.000113163
0.383893  2643.05 0.254813 0.000113162
0.386577  2643.09 0.254813 0.00011316
0.389262  2643.13 0.254813 0.000113158
0.391946  2643.17 0.254813 0.000113156
0.394631  2643.21 0.254813 0.000113155
0.397315  2643.25 0.254813 0.000113153
0.4  2643.29 0.254813 0.000113151
0.402685  2643.33 0.254813 0.000113149
0.405369  2643.38 0.254813 0.000113148
0.408054  2643.42 0.254813 0.000113146
0.410738  2643.46 0.254813 0.000113144
0.413423  2643.51 0.254813 0.000113142
0.418792  2643.6 0.254813 0.000113138
0.424161  2643.69 0.254813 0.000113134
0.42953  2643.79 0.254813 0.00011313
0.434899  2643.89 0.254813 0.000113126
0.440268  2643.99 0.254813 0.000113121
0.445638  2644.09 0.254813 0.000113117
0.451007  2644.2 0.254813 0.000113112
0.456376  2644.31 0.254813 0.000113108
0.461745  2644.42 0.254813 0.000113103
0.467114  2644.54 0.254813 0.000113098
0.472483  2644.65 0.254813 0.000113093
0.477852  2644.78 0.254813 0.000113088
0.483221  2644.9 0.254813 0.000113082
0.488591  2645.03 0.254813 0.000113077
0.49396  2645.16 0.254813 0.000113071
0.499329  2645.29 0.254813 0.000113066
0.504698  2645.43 0.254813 0.00011306
0.510067  2645.57 0.254813 0.000113054
0.515436  2645.72 0.254813 0.000113047
0.520805  2645.87 0.254813 0.000113041
0.526174  2646.02 0.254813 0.000113035
0.531544  2646.18 0.254813 0.000113028
0.536913  2646.34 0.254813 0.000113021
0.542282  2646.5 0.254813 0.000113014
0.547651  2646.67 0.254813 0.000113007
0.55302  2646.84 0.254813 0.000113
0.558389  2647.02 0.254813 0.000112992
0.563758  2647.2 0.254813 0.000112984
0.569128  2647.38 0.254813 0.000112976
0.574497  2647.57 0.254813 0.000112968
0.579866  2647.76 0.254813 0.00011296
0.585235  2647.96 0.254813 0.000112952
0.590604  2648.16 0.254813 0.000112943
0.595973  2648.37 0.254813 0.000112934
0.601342  2648.58 0.254813 0.000112925
0.606711  2648.8 0.254813 0.000112916
0.612081  2649.02 0.254813 0.000112906
0.61745  2649.25 0.254813 0.000112897
0.622819  2649.48 0.254813 0.000112887
0.628188  2649.72 0.254813 0.000112877
0.633557  2649.96 0.254813 0.000112866
0.638926  2650.21 0.254813 0.000112856
0.644295  2650.46 0.254813 0.000112845
0.649664  2650.72 0.254813 0.000112834
0.655034  2650.98 0.254813 0.000112823
0.660403  2651.25 0.254813 0.000112811
0.665772  2651.53 0.254813 0.0001128
0.671141  2651.81 0.254813 0.000112788
0.67651  2652.09 0.254813 0.000112776
0.681879  2652.39 0.254813 0.000112763
0.687248  2652.69 0.254813 0.000112751
0.692617  2652.99 0.254813 0.000112738
0.697987  2653.3 0.254813 0.000112724
0.703356  2653.62 0.254813 0.000112711
0.708725  2653.94 0.254813 0.000112697
0.714094  2654.27 0.254813 0.000112683
0.719463  2654.61 0.254813 0.000112669
0.724832  2654.95 0.254813 0.000112654
0.730201  2655.3 0.254813 0.00011264
0.73557  2655.65 0.254813 0.000112625
0.74094  2656.01 0.254813 0.000112609
0.746309  2656.38 0.254813 0.000112594
0.751678  2656.76 0.254813 0.000112578
0.757047  2657.14 0.254813 0.000112562
0.762416  2657.52 0.254813 0.000112545
0.767785  2657.91 0.254813 0.000112529
0.773154  2658.3 0.254813 0.000112513
0.778523  2658.67 0.254813 0.000112497
0.783893  2659.02 0.254813 0.000112482
0.789262  2659.32 0.254813 0.000112469
0.794631  2659.52 0.254813 0.000112461
0.8  2659.52 0.254813 0.000112461
