TITLE="Graphics"
VARIABLES= "x", "T", "Y fr", "rho"
-0.0219919  293 0 0.000871523
-0.013745  293 -1.25674e-07 0.000871523
-0.0085906  293 -7.65827e-08 0.000871523
-0.00536913  293 -9.5759e-08 0.000871523
0  293 -4.24914e-08 0.000871523
0.00536913  293 -9.5759e-08 0.000871523
0.0107383  293 -4.24914e-08 0.000871523
0.0161074  293 -9.5759e-08 0.000871523
0.0214765  293 -4.24914e-08 0.000871523
0.0268456  293 -9.5759e-08 0.000871523
0.0322148  293 -4.24914e-08 0.000871523
0.0375839  293 -9.5759e-08 0.000871523
0.042953  293 -4.24914e-08 0.000871523
0.0483221  293 -9.5759e-08 0.000871523
0.0536913  293 -4.24914e-08 0.000871523
0.0590604  293 -9.5759e-08 0.000871523
0.0644295  293 -4.24914e-08 0.000871523
0.0697987  293 -9.5759e-08 0.000871523
0.0751678  293 -4.24913e-08 0.000871523
0.0805369  293 -9.5759e-08 0.000871523
0.085906  293 -4.24913e-08 0.000871523
0.0912752  293 -9.5759e-08 0.000871523
0.0966443  293 -4.24913e-08 0.000871523
0.102013  293 -9.5759e-08 0.000871523
0.107383  293 -4.24912e-08 0.000871523
0.112752  293 -9.57592e-08 0.000871523
0.118121  293 -4.24908e-08 0.000871523
0.12349  293 -9.576e-08 0.000871523
0.128859  293 -4.24913e-08 0.000871523
0.134228  293 -9.57472e-08 0.000871523
0.139597  293 -4.25774e-08 0.000871523
0.144966  293 -9.52679e-08 0.000871523
0.150336  293 -4.50391e-08 0.000871523
0.15302  293 -5.3128e-08 0.000871523
0.155705  293 -5.0608e-08 0.000871522
0.158389  293.001 -3.66109e-08 0.000871521
0.161074  293.001 -8.69308e-08 0.000871519
0.163758  293.002 4.18508e-08 0.000871516
0.166443  293.004 -2.46074e-07 0.000871511
0.169128  293.006 3.44511e-07 0.000871504
0.171812  293.01 -7.79366e-07 0.000871492
0.174497  293.016 1.19977e-06 0.000871475
0.177181  293.026 -1.98723e-06 0.000871446
0.179866  293.039 2.59126e-06 0.000871409
0.18255  293.058 -2.96597e-06 0.000871348
0.185235  293.086 1.85584e-06 0.000871267
0.187919  293.126 1.67565e-06 0.000871149
0.190604  293.181 -9.60811e-06 0.00087098
0.193289  293.257 2.27972e-05 0.000870771
0.195973  293.36 -4.16406e-05 0.000870434
0.198658  293.497 6.3719e-05 0.00087008
0.201342  293.677 -8.54633e-05 0.000869472
0.204027  293.911 0.000102092 0.000868873
0.206711  294.211 -0.000111766 0.000867882
0.209396  294.589 0.000115796 0.00086688
0.212081  295.06 -0.000119289 0.000865378
0.214765  295.64 0.000125624 0.000863803
0.21745  296.344 -0.000134505 0.000861623
0.220134  297.187 0.000141203 0.000859315
0.222819  298.185 -0.000143472 0.000856299
0.225503  299.352 0.000143503 0.0008531
0.228188  300.702 -0.000146206 0.000849129
0.230872  302.247 0.000151137 0.000844934
0.233557  303.996 -0.000154326 0.000839925
0.236242  305.961 0.000153857 0.000834677
0.238926  308.155 -0.000154147 0.000828588
0.241611  310.599 0.000157123 0.000822217
0.244295  313.332 -0.000159642 0.000814897
0.24698  316.44 0.000158913 0.000807039
0.249664  320.105 -0.000158946 0.000797654
0.252349  324.712 0.000161194 0.000786481
0.255034  331.066 -0.000162289 0.000771244
0.257718  340.803 0.000161216 0.000749347
0.260403  357.126 -0.000162282 0.000714965
0.263087  385.844 0.000163487 0.000661874
0.265772  436.28 -0.00016269 0.000585249
0.268456  520.672 0.000163376 0.000490482
0.271141  651.288 -0.00016383 0.000392042
0.273826  836.892 0.000166598 0.000305154
0.27651  1081.33 -2.96834e-05 0.000236146
0.279195  1381.37 0.00235916 0.000185108
0.281879  1716.68 0.0155225 0.000150087
0.284564  2039.94 0.0569511 0.000129408
0.287248  2298.18 0.119257 0.000119275
0.289933  2470.24 0.175352 0.000114939
0.292617  2569.92 0.212614 0.000113172
0.295302  2622.77 0.233588 0.000112433
0.297987  2649.48 0.24443 0.000112105
0.300671  2662.71 0.249804 0.000111949
0.303356  2669.28 0.252412 0.000111869
0.30604  2672.61 0.253666 0.000111824
0.308725  2674.39 0.254266 0.000111794
0.311409  2675.43 0.254553 0.000111773
0.314094  2676.11 0.254689 0.000111754
0.316779  2676.63 0.254754 0.000111737
0.319463  2677.07 0.254785 0.000111721
0.322148  2677.48 0.2548 0.000111705
0.324832  2677.87 0.254807 0.00011169
0.327517  2678.25 0.25481 0.000111674
0.330201  2678.63 0.254812 0.000111658
0.332886  2679.02 0.254812 0.000111642
0.33557  2679.4 0.254813 0.000111626
0.338255  2679.79 0.254813 0.00011161
0.34094  2680.18 0.254813 0.000111594
0.343624  2680.57 0.254813 0.000111578
0.346309  2680.97 0.254813 0.000111561
0.348993  2681.36 0.254813 0.000111545
0.351678  2681.76 0.254813 0.000111528
0.354362  2682.17 0.254813 0.000111511
0.357047  2682.57 0.254813 0.000111494
0.359732  2682.98 0.254813 0.000111477
0.362416  2683.4 0.254813 0.00011146
0.365101  2683.81 0.254813 0.000111443
0.367785  2684.23 0.254813 0.000111425
0.37047  2684.65 0.254813 0.000111408
0.373154  2685.08 0.254813 0.00011139
0.375839  2685.5 0.254813 0.000111373
0.378523  2685.93 0.254813 0.000111355
0.381208  2686.36 0.254813 0.000111337
0.383893  2686.8 0.254813 0.000111319
0.386577  2687.24 0.254813 0.000111301
0.389262  2687.68 0.254813 0.000111282
0.391946  2688.12 0.254813 0.000111264
0.394631  2688.57 0.254813 0.000111246
0.397315  2689.02 0.254813 0.000111227
0.4  2689.48 0.254813 0.000111208
0.402685  2689.93 0.254813 0.000111189
0.405369  2690.39 0.254813 0.00011117
0.408054  2690.85 0.254813 0.000111151
0.410738  2691.32 0.254813 0.000111132
0.413423  2691.79 0.254813 0.000111113
0.418792  2692.74 0.254813 0.000111074
0.424161  2693.69 0.254813 0.000111034
0.42953  2694.66 0.254813 0.000110994
0.434899  2695.65 0.254813 0.000110954
0.440268  2696.64 0.254813 0.000110913
0.445638  2697.65 0.254813 0.000110871
0.451007  2698.67 0.254813 0.000110829
0.456376  2699.71 0.254813 0.000110787
0.461745  2700.75 0.254813 0.000110744
0.467114  2701.81 0.254813 0.0001107
0.472483  2702.88 0.254813 0.000110657
0.477852  2703.97 0.254813 0.000110612
0.483221  2705.07 0.254813 0.000110567
0.488591  2706.18 0.254813 0.000110522
0.49396  2707.3 0.254813 0.000110476
0.499329  2708.44 0.254813 0.000110429
0.504698  2709.59 0.254813 0.000110383
0.510067  2710.76 0.254813 0.000110335
0.515436  2711.93 0.254813 0.000110287
0.520805  2713.13 0.254813 0.000110239
0.526174  2714.33 0.254813 0.00011019
0.531544  2715.55 0.254813 0.00011014
0.536913  2716.79 0.254813 0.00011009
0.542282  2718.03 0.254813 0.00011004
0.547651  2719.3 0.254813 0.000109989
0.55302  2720.57 0.254813 0.000109937
0.558389  2721.86 0.254813 0.000109885
0.563758  2723.17 0.254813 0.000109832
0.569128  2724.49 0.254813 0.000109779
0.574497  2725.82 0.254813 0.000109725
0.579866  2727.17 0.254813 0.000109671
0.585235  2728.53 0.254813 0.000109616
0.590604  2729.91 0.254813 0.000109561
0.595973  2731.31 0.254813 0.000109505
0.601342  2732.71 0.254813 0.000109449
0.606711  2734.14 0.254813 0.000109392
0.612081  2735.57 0.254813 0.000109334
0.61745  2737.03 0.254813 0.000109276
0.622819  2738.5 0.254813 0.000109217
0.628188  2739.98 0.254813 0.000109158
0.633557  2741.48 0.254813 0.000109099
0.638926  2743 0.254813 0.000109038
0.644295  2744.53 0.254813 0.000108977
0.649664  2746.08 0.254813 0.000108916
0.655034  2747.64 0.254813 0.000108854
0.660403  2749.22 0.254813 0.000108791
0.665772  2750.81 0.254813 0.000108728
0.671141  2752.43 0.254813 0.000108665
0.67651  2754.05 0.254813 0.0001086
0.681879  2755.7 0.254813 0.000108536
0.687248  2757.36 0.254813 0.00010847
0.692617  2759.04 0.254813 0.000108404
0.697987  2760.73 0.254813 0.000108338
0.703356  2762.44 0.254813 0.000108271
0.708725  2764.17 0.254813 0.000108203
0.714094  2765.92 0.254813 0.000108135
0.719463  2767.68 0.254813 0.000108066
0.724832  2769.46 0.254813 0.000107996
0.730201  2771.26 0.254813 0.000107926
0.73557  2773.07 0.254813 0.000107856
0.74094  2774.9 0.254813 0.000107785
0.746309  2776.75 0.254813 0.000107713
0.751678  2778.61 0.254813 0.000107641
0.757047  2780.49 0.254813 0.000107568
0.762416  2782.37 0.254813 0.000107495
0.767785  2784.25 0.254813 0.000107423
0.773154  2786.1 0.254813 0.000107351
0.778523  2787.9 0.254813 0.000107282
0.783893  2789.58 0.254813 0.000107217
0.789262  2791.01 0.254813 0.000107162
0.794631  2791.95 0.254813 0.000107126
0.8  2791.95 0.254813 0.000107126
