TITLE="Graphics"
VARIABLES= "x", "T", "Y fr", "rho"
-0.0219919  293 0 0.000871523
-0.013745  293 -2.38296e-09 0.000871523
-0.0085906  293 -1.45211e-09 0.000871523
-0.00536913  293 -1.81572e-09 0.000871523
0  293 -8.05689e-10 0.000871523
0.00536913  293 -1.81572e-09 0.000871523
0.0107383  293 -8.05687e-10 0.000871523
0.0161074  293 -1.81572e-09 0.000871523
0.0214765  293 -8.05685e-10 0.000871523
0.0268456  293 -1.81571e-09 0.000871523
0.0322148  293 -8.05683e-10 0.000871523
0.0375839  293 -1.81571e-09 0.000871523
0.042953  293 -8.05681e-10 0.000871523
0.0483221  293 -1.81571e-09 0.000871523
0.0536913  293 -8.0568e-10 0.000871523
0.0590604  293 -1.81571e-09 0.000871523
0.0644295  293 -8.05678e-10 0.000871523
0.0697987  293 -1.81571e-09 0.000871523
0.0751678  293 -8.05676e-10 0.000871523
0.0805369  293 -1.81571e-09 0.000871523
0.085906  293 -8.05675e-10 0.000871523
0.0912752  293 -1.8157e-09 0.000871523
0.0966443  293 -8.05673e-10 0.000871523
0.102013  293 -1.8157e-09 0.000871523
0.107383  293 -8.05671e-10 0.000871523
0.112752  293 -1.8157e-09 0.000871523
0.118121  293 -8.05669e-10 0.000871523
0.12349  293 -1.8157e-09 0.000871523
0.128859  293 -8.05667e-10 0.000871523
0.134228  293.001 -1.8157e-09 0.000871522
0.139597  293.003 -8.05665e-10 0.000871515
0.144966  293.013 -1.8157e-09 0.000871485
0.150336  293.052 -8.05663e-10 0.000871368
0.15302  293.107 -1.05817e-09 0.000871206
0.155705  293.196 -8.05661e-10 0.000870939
0.158389  293.339 -1.05817e-09 0.000870515
0.161074  293.559 -8.05665e-10 0.000869864
0.163758  293.885 -1.05814e-09 0.000868899
0.166443  294.355 -8.05772e-10 0.000867512
0.169128  295.012 -1.05779e-09 0.000865581
0.171812  295.905 -8.06719e-10 0.000862966
0.174497  297.089 -1.0556e-09 0.000859529
0.177181  298.616 -8.11052e-10 0.000855133
0.179866  300.538 -1.04852e-09 0.000849663
0.18255  302.902 -8.19571e-10 0.000843031
0.185235  305.746 -1.04297e-09 0.000835192
0.187919  309.094 -8.14969e-10 0.000826145
0.190604  312.962 -1.06237e-09 0.000815934
0.193289  317.351 -7.92464e-10 0.000804649
0.195973  322.252 -1.05393e-09 0.000792413
0.198658  327.644 -8.80961e-10 0.000779372
0.201342  333.499 -7.6223e-10 0.000765688
0.204027  339.785 -1.7066e-09 0.000751523
0.206711  346.464 1.79129e-09 0.000737035
0.209396  353.498 -9.28409e-09 0.00072237
0.212081  360.848 2.23119e-08 0.000707656
0.214765  368.477 -6.08335e-08 0.000693004
0.21745  376.351 1.40691e-07 0.000678506
0.220134  384.437 -3.10269e-07 0.000664234
0.222819  392.708 6.20027e-07 0.000650244
0.225503  401.141 -1.13031e-06 0.000636575
0.228188  409.716 1.88767e-06 0.000623253
0.230872  418.423 -2.79398e-06 0.000610281
0.233557  427.263 3.82771e-06 0.000597657
0.236242  436.253 -4.48165e-06 0.000585339
0.238926  445.435 5.13275e-06 0.000573276
0.241611  454.895 -4.74307e-06 0.000561351
0.244295  464.79 5.37568e-06 0.000549403
0.24698  475.393 -4.072e-06 0.000537147
0.249664  487.163 6.11418e-06 0.000524172
0.252349  500.858 -2.81851e-06 0.000509837
0.255034  517.692 7.43323e-06 0.000493261
0.257718  539.552 2.02973e-07 0.000473275
0.260403  569.233 1.04598e-05 0.000448599
0.263087  610.628 5.44554e-06 0.000418188
0.265772  668.705 1.71477e-05 0.000381871
0.268456  749.14 1.99223e-05 0.00034087
0.271141  857.548 6.32012e-05 0.000297786
0.273826  998.463 0.000253905 0.000255787
0.27651  1174 0.00129573 0.000217672
0.279195  1381.37 0.00573543 0.000185468
0.281879  1608.89 0.0198864 0.000160548
0.284564  1833.85 0.0515983 0.000143495
0.287248  2028.9 0.100339 0.000133549
0.289933  2175.69 0.152129 0.000128594
0.292617  2272.96 0.193369 0.000126368
0.295302  2331.6 0.22049 0.000125385
0.297987  2365.04 0.236401 0.000124918
0.300671  2383.72 0.245158 0.000124664
0.303356  2394.28 0.249813 0.000124501
0.30604  2400.53 0.252241 0.000124379
0.308725  2404.54 0.253496 0.000124276
0.311409  2407.39 0.25414 0.000124183
0.314094  2409.66 0.25447 0.000124093
0.316779  2411.63 0.254638 0.000124006
0.319463  2413.45 0.254724 0.00012392
0.322148  2415.2 0.254768 0.000123833
0.324832  2416.93 0.25479 0.000123747
0.327517  2418.64 0.254801 0.00012366
0.330201  2420.35 0.254807 0.000123573
0.332886  2422.07 0.25481 0.000123486
0.33557  2423.8 0.254811 0.000123398
0.338255  2425.53 0.254812 0.00012331
0.34094  2427.27 0.254813 0.000123221
0.343624  2429.03 0.254813 0.000123132
0.346309  2430.79 0.254813 0.000123043
0.348993  2432.57 0.254813 0.000122953
0.351678  2434.35 0.254813 0.000122863
0.354362  2436.14 0.254813 0.000122773
0.357047  2437.95 0.254813 0.000122682
0.359732  2439.76 0.254813 0.00012259
0.362416  2441.59 0.254813 0.000122499
0.365101  2443.42 0.254813 0.000122407
0.367785  2445.26 0.254813 0.000122315
0.37047  2447.12 0.254813 0.000122222
0.373154  2448.98 0.254813 0.000122129
0.375839  2450.86 0.254813 0.000122036
0.378523  2452.74 0.254813 0.000121942
0.381208  2454.63 0.254813 0.000121848
0.383893  2456.54 0.254813 0.000121753
0.386577  2458.45 0.254813 0.000121659
0.389262  2460.37 0.254813 0.000121564
0.391946  2462.31 0.254813 0.000121468
0.394631  2464.25 0.254813 0.000121372
0.397315  2466.2 0.254813 0.000121276
0.4  2468.16 0.254813 0.00012118
0.402685  2470.14 0.254813 0.000121083
0.405369  2472.12 0.254813 0.000120986
0.408054  2474.11 0.254813 0.000120889
0.410738  2476.11 0.254813 0.000120791
0.413423  2478.12 0.254813 0.000120693
0.418792  2482.18 0.254813 0.000120496
0.424161  2486.27 0.254813 0.000120297
0.42953  2490.4 0.254813 0.000120098
0.434899  2494.58 0.254813 0.000119897
0.440268  2498.8 0.254813 0.000119694
0.445638  2503.06 0.254813 0.00011949
0.451007  2507.37 0.254813 0.000119285
0.456376  2511.73 0.254813 0.000119078
0.461745  2516.13 0.254813 0.00011887
0.467114  2520.59 0.254813 0.000118659
0.472483  2525.1 0.254813 0.000118447
0.477852  2529.67 0.254813 0.000118233
0.483221  2534.3 0.254813 0.000118017
0.488591  2538.99 0.254813 0.000117799
0.49396  2543.76 0.254813 0.000117579
0.499329  2548.59 0.254813 0.000117356
0.504698  2553.5 0.254813 0.00011713
0.510067  2558.49 0.254813 0.000116902
0.515436  2563.56 0.254813 0.00011667
0.520805  2568.72 0.254813 0.000116436
0.526174  2573.97 0.254813 0.000116199
0.531544  2579.32 0.254813 0.000115958
0.536913  2584.76 0.254813 0.000115714
0.542282  2590.3 0.254813 0.000115466
0.547651  2595.95 0.254813 0.000115215
0.55302  2601.7 0.254813 0.00011496
0.558389  2607.55 0.254813 0.000114702
0.563758  2613.5 0.254813 0.000114441
0.569128  2619.55 0.254813 0.000114177
0.574497  2625.69 0.254813 0.00011391
0.579866  2631.93 0.254813 0.00011364
0.585235  2638.24 0.254813 0.000113368
0.590604  2644.62 0.254813 0.000113094
0.595973  2651.07 0.254813 0.000112819
0.601342  2657.55 0.254813 0.000112544
0.606711  2664.07 0.254813 0.000112269
0.612081  2670.59 0.254813 0.000111995
0.61745  2677.1 0.254813 0.000111722
0.622819  2683.57 0.254813 0.000111453
0.628188  2689.97 0.254813 0.000111188
0.633557  2696.27 0.254813 0.000110928
0.638926  2702.44 0.254813 0.000110674
0.644295  2708.45 0.254813 0.000110429
0.649664  2714.24 0.254813 0.000110193
0.655034  2719.78 0.254813 0.000109969
0.660403  2725.03 0.254813 0.000109757
0.665772  2729.94 0.254813 0.00010956
0.671141  2734.45 0.254813 0.000109379
0.67651  2738.52 0.254813 0.000109216
0.681879  2742.1 0.254813 0.000109074
0.687248  2745.12 0.254813 0.000108954
0.692617  2747.55 0.254813 0.000108858
0.697987  2749.32 0.254813 0.000108787
0.703356  2750.39 0.254813 0.000108745
0.708725  2750.7 0.254813 0.000108733
0.714094  2750.22 0.254813 0.000108752
0.719463  2748.91 0.254813 0.000108804
0.724832  2746.72 0.254813 0.000108891
0.730201  2743.64 0.254813 0.000109013
0.73557  2739.64 0.254813 0.000109172
0.74094  2734.73 0.254813 0.000109368
0.746309  2728.92 0.254813 0.000109601
0.751678  2722.23 0.254813 0.00010987
0.757047  2714.72 0.254813 0.000110174
0.762416  2706.47 0.254813 0.00011051
0.767785  2697.62 0.254813 0.000110872
0.773154  2688.37 0.254813 0.000111254
0.778523  2679.05 0.254813 0.000111641
0.783893  2670.17 0.254813 0.000112012
0.789262  2662.59 0.254813 0.000112331
0.794631  2657.68 0.254813 0.000112538
0.8  2657.68 0.254813 0.000112538
