TITLE="Graphics"
VARIABLES= "x", "T", "Y fr", "rho"
-0.0219919  293 0 0.000871523
-0.013745  293 -2.38296e-09 0.000871523
-0.0085906  293 -1.45211e-09 0.000871523
-0.00536913  293 -1.81572e-09 0.000871523
0  293 -8.05687e-10 0.000871523
0.00536913  293 -1.81571e-09 0.000871523
0.0107383  293 -8.05683e-10 0.000871523
0.0161074  293 -1.81571e-09 0.000871523
0.0214765  293 -8.05679e-10 0.000871523
0.0268456  293 -1.81571e-09 0.000871523
0.0322148  293 -8.05676e-10 0.000871523
0.0375839  293 -1.81571e-09 0.000871523
0.042953  293 -8.05674e-10 0.000871523
0.0483221  293 -1.8157e-09 0.000871523
0.0536913  293 -8.05672e-10 0.000871523
0.0590604  293 -1.8157e-09 0.000871523
0.0644295  293 -8.0567e-10 0.000871523
0.0697987  293 -1.8157e-09 0.000871523
0.0751678  293 -8.05669e-10 0.000871523
0.0805369  293 -1.8157e-09 0.000871523
0.085906  293 -8.05667e-10 0.000871523
0.0912752  293 -1.8157e-09 0.000871523
0.0966443  293 -8.05665e-10 0.000871523
0.102013  293 -1.8157e-09 0.000871523
0.107383  293 -8.05663e-10 0.000871523
0.112752  293 -1.81569e-09 0.000871523
0.118121  293 -8.05662e-10 0.000871523
0.12349  293 -1.81568e-09 0.000871523
0.128859  293 -8.05702e-10 0.000871523
0.134228  293.001 -1.81549e-09 0.000871521
0.139597  293.002 -8.06484e-10 0.000871518
0.144966  293.005 -1.81261e-09 0.000871508
0.150336  293.013 -8.15805e-10 0.000871484
0.15302  293.022 -1.05538e-09 0.000871459
0.155705  293.034 -8.1626e-10 0.000871422
0.158389  293.052 -1.04613e-09 0.000871369
0.161074  293.078 -8.23416e-10 0.000871293
0.163758  293.114 -1.02942e-09 0.000871185
0.166443  293.164 -8.72151e-10 0.000871035
0.169128  293.233 -8.6835e-10 0.00087083
0.171812  293.327 -1.36418e-09 0.000870552
0.174497  293.451 5.17182e-10 0.000870183
0.177181  293.615 -5.01548e-09 0.000869697
0.179866  293.828 9.62476e-09 0.000869066
0.18255  294.102 -2.65899e-08 0.000868259
0.185235  294.448 5.80602e-08 0.000867237
0.187919  294.882 -1.29162e-07 0.000865962
0.190604  295.418 2.61785e-07 0.000864391
0.193289  296.072 -5.06213e-07 0.000862479
0.195973  296.863 9.07131e-07 0.000860182
0.198658  297.807 -1.51785e-06 0.000857455
0.201342  298.92 2.34074e-06 0.000854263
0.204027  300.22 -3.32028e-06 0.000850562
0.206711  301.721 4.29258e-06 0.000846335
0.209396  303.436 -5.04402e-06 0.000841546
0.212081  305.378 5.37651e-06 0.000836201
0.214765  307.554 -5.26195e-06 0.000830278
0.21745  309.974 4.86848e-06 0.0008238
0.220134  312.644 -4.48729e-06 0.000816763
0.222819  315.568 4.27761e-06 0.000809198
0.225503  318.754 -4.15237e-06 0.000801107
0.228188  322.212 3.87504e-06 0.000792512
0.230872  325.962 -3.38698e-06 0.00078339
0.233557  330.041 2.87519e-06 0.000773713
0.236242  334.511 -2.52808e-06 0.00076337
0.238926  339.487 2.23849e-06 0.000752183
0.241611  345.163 -1.81547e-06 0.000739814
0.244295  351.862 1.31633e-06 0.000725729
0.24698  360.118 -9.59936e-07 0.000709091
0.249664  370.78 6.79325e-07 0.0006887
0.252349  385.17 -2.94735e-07 0.000662971
0.255034  405.246 -8.09505e-08 0.000630126
0.257718  433.759 2.94119e-07 0.000588706
0.260403  474.258 -5.55279e-07 0.000538433
0.263087  530.871 8.42131e-07 0.000481014
0.265772  607.803 -8.30466e-07 0.00042013
0.268456  708.731 2.66098e-06 0.000360301
0.271141  836.348 1.8075e-05 0.000305326
0.273826  992.051 0.000194105 0.000257431
0.27651  1175.28 0.00136305 0.000217443
0.279195  1381.37 0.00671349 0.000185572
0.281879  1598.03 0.0233002 0.00016196
0.284564  1804.23 0.0584845 0.000146447
0.287248  1976.87 0.10937 0.000137822
0.289933  2102.67 0.160558 0.000133769
0.292617  2183.6 0.199597 0.000132071
0.295302  2231.1 0.224476 0.000131377
0.297987  2257.47 0.238748 0.000131075
0.300671  2271.74 0.246476 0.000130924
0.303356  2279.48 0.250534 0.000130834
0.30604  2283.78 0.252629 0.000130772
0.308725  2286.31 0.253702 0.000130721
0.311409  2287.94 0.254249 0.000130676
0.314094  2289.11 0.254527 0.000130633
0.316779  2290.06 0.254668 0.000130592
0.319463  2290.89 0.25474 0.000130551
0.322148  2291.66 0.254776 0.00013051
0.324832  2292.41 0.254794 0.000130469
0.327517  2293.15 0.254804 0.000130427
0.330201  2293.89 0.254808 0.000130386
0.332886  2294.63 0.254811 0.000130344
0.33557  2295.37 0.254812 0.000130302
0.338255  2296.12 0.254812 0.000130259
0.34094  2296.88 0.254813 0.000130216
0.343624  2297.64 0.254813 0.000130173
0.346309  2298.41 0.254813 0.00013013
0.348993  2299.18 0.254813 0.000130086
0.351678  2299.96 0.254813 0.000130042
0.354362  2300.75 0.254813 0.000129997
0.357047  2301.54 0.254813 0.000129953
0.359732  2302.34 0.254813 0.000129908
0.362416  2303.15 0.254813 0.000129862
0.365101  2303.96 0.254813 0.000129816
0.367785  2304.78 0.254813 0.00012977
0.37047  2305.6 0.254813 0.000129724
0.373154  2306.43 0.254813 0.000129677
0.375839  2307.27 0.254813 0.00012963
0.378523  2308.11 0.254813 0.000129583
0.381208  2308.97 0.254813 0.000129535
0.383893  2309.82 0.254813 0.000129487
0.386577  2310.69 0.254813 0.000129438
0.389262  2311.56 0.254813 0.00012939
0.391946  2312.43 0.254813 0.000129341
0.394631  2313.32 0.254813 0.000129291
0.397315  2314.21 0.254813 0.000129241
0.4  2315.1 0.254813 0.000129191
0.402685  2316.01 0.254813 0.000129141
0.405369  2316.92 0.254813 0.00012909
0.408054  2317.84 0.254813 0.000129039
0.410738  2318.76 0.254813 0.000128988
0.413423  2319.69 0.254813 0.000128936
0.418792  2321.57 0.254813 0.000128831
0.424161  2323.48 0.254813 0.000128726
0.42953  2325.42 0.254813 0.000128618
0.434899  2327.39 0.254813 0.00012851
0.440268  2329.38 0.254813 0.0001284
0.445638  2331.4 0.254813 0.000128288
0.451007  2333.45 0.254813 0.000128175
0.456376  2335.53 0.254813 0.000128061
0.461745  2337.64 0.254813 0.000127946
0.467114  2339.78 0.254813 0.000127829
0.472483  2341.95 0.254813 0.000127711
0.477852  2344.14 0.254813 0.000127591
0.483221  2346.37 0.254813 0.00012747
0.488591  2348.62 0.254813 0.000127348
0.49396  2350.91 0.254813 0.000127224
0.499329  2353.22 0.254813 0.000127099
0.504698  2355.57 0.254813 0.000126972
0.510067  2357.94 0.254813 0.000126844
0.515436  2360.34 0.254813 0.000126715
0.520805  2362.78 0.254813 0.000126585
0.526174  2365.24 0.254813 0.000126453
0.531544  2367.74 0.254813 0.000126319
0.536913  2370.27 0.254813 0.000126185
0.542282  2372.83 0.254813 0.000126049
0.547651  2375.41 0.254813 0.000125911
0.55302  2378.03 0.254813 0.000125773
0.558389  2380.68 0.254813 0.000125633
0.563758  2383.36 0.254813 0.000125491
0.569128  2386.08 0.254813 0.000125349
0.574497  2388.82 0.254813 0.000125205
0.579866  2391.59 0.254813 0.00012506
0.585235  2394.4 0.254813 0.000124913
0.590604  2397.24 0.254813 0.000124765
0.595973  2400.11 0.254813 0.000124616
0.601342  2403.01 0.254813 0.000124466
0.606711  2405.94 0.254813 0.000124314
0.612081  2408.9 0.254813 0.000124161
0.61745  2411.9 0.254813 0.000124007
0.622819  2414.92 0.254813 0.000123851
0.628188  2417.98 0.254813 0.000123695
0.633557  2421.07 0.254813 0.000123537
0.638926  2424.19 0.254813 0.000123378
0.644295  2427.35 0.254813 0.000123218
0.649664  2430.53 0.254813 0.000123056
0.655034  2433.75 0.254813 0.000122893
0.660403  2437 0.254813 0.000122729
0.665772  2440.29 0.254813 0.000122564
0.671141  2443.6 0.254813 0.000122398
0.67651  2446.95 0.254813 0.000122231
0.681879  2450.33 0.254813 0.000122062
0.687248  2453.75 0.254813 0.000121892
0.692617  2457.19 0.254813 0.000121721
0.697987  2460.68 0.254813 0.000121549
0.703356  2464.19 0.254813 0.000121375
0.708725  2467.74 0.254813 0.000121201
0.714094  2471.33 0.254813 0.000121025
0.719463  2474.94 0.254813 0.000120848
0.724832  2478.59 0.254813 0.00012067
0.730201  2482.28 0.254813 0.000120491
0.73557  2485.99 0.254813 0.000120311
0.74094  2489.73 0.254813 0.00012013
0.746309  2493.49 0.254813 0.000119949
0.751678  2497.27 0.254813 0.000119767
0.757047  2501.05 0.254813 0.000119587
0.762416  2504.8 0.254813 0.000119407
0.767785  2508.5 0.254813 0.000119231
0.773154  2512.09 0.254813 0.000119061
0.778523  2515.47 0.254813 0.000118901
0.783893  2518.51 0.254813 0.000118757
0.789262  2520.98 0.254813 0.000118641
0.794631  2522.5 0.254813 0.00011857
0.8  2522.5 0.254813 0.00011857
