TITLE="Graphics"
VARIABLES= "x", "T", "Y fr", "rho"
-0.0219919  293 0 0.000871523
-0.013745  293 -1.25674e-07 0.000871523
-0.0085906  293 -7.65827e-08 0.000871523
-0.00536913  293 -9.5759e-08 0.000871523
0  293 -4.24914e-08 0.000871523
0.00536913  293 -9.5759e-08 0.000871523
0.0107383  293 -4.24914e-08 0.000871523
0.0161074  293 -9.5759e-08 0.000871523
0.0214765  293 -4.24914e-08 0.000871523
0.0268456  293 -9.5759e-08 0.000871523
0.0322148  293 -4.24914e-08 0.000871523
0.0375839  293 -9.5759e-08 0.000871523
0.042953  293 -4.24914e-08 0.000871523
0.0483221  293 -9.5759e-08 0.000871523
0.0536913  293 -4.24913e-08 0.000871523
0.0590604  293 -9.5759e-08 0.000871523
0.0644295  293 -4.24913e-08 0.000871523
0.0697987  293 -9.5759e-08 0.000871523
0.0751678  293 -4.24915e-08 0.000871523
0.0805369  293 -9.57576e-08 0.000871523
0.085906  293 -4.24983e-08 0.000871523
0.0912752  293 -9.57265e-08 0.000871523
0.0966443  293 -4.2632e-08 0.000871523
0.102013  293 -9.51824e-08 0.000871523
0.107383  293 -4.47367e-08 0.000871523
0.112752  293 -8.74553e-08 0.000871523
0.118121  293 -7.15448e-08 0.000871523
0.12349  293 -1.93204e-10 0.000871523
0.128859  293 -3.35208e-07 0.000871523
0.134228  293 7.27089e-07 0.000871524
0.139597  293 -2.1146e-06 0.000871522
0.144966  293 4.36362e-06 0.000871525
0.150336  293 -7.29651e-06 0.00087152
0.15302  293 -4.43369e-06 0.000871521
0.155705  293 -7.4382e-07 0.000871523
0.158389  293 -1.03794e-05 0.000871518
0.161074  293 1.63561e-05 0.000871531
0.163758  293 -3.23211e-05 0.000871507
0.166443  293 4.9221e-05 0.000871547
0.169128  293 -7.07299e-05 0.000871487
0.171812  293 9.11568e-05 0.000871568
0.174497  293.001 -0.000108949 0.000871467
0.177181  293.001 0.000120509 0.000871581
0.179866  293.001 -0.000126122 0.000871456
0.18255  293.002 0.00012743 0.00087158
0.185235  293.003 -0.000128715 0.000871449
0.187919  293.005 0.000132621 0.000871575
0.190604  293.007 -0.000139756 0.000871433
0.193289  293.01 0.000146849 0.000871567
0.195973  293.014 -0.000150913 0.000871405
0.198658  293.02 0.000150833 0.000871538
0.201342  293.028 -0.000149889 0.000871364
0.204027  293.039 0.000151199 0.000871482
0.206711  293.054 -0.000155493 0.000871284
0.209396  293.074 0.000159054 0.000871383
0.212081  293.1 -0.000159493 0.000871146
0.214765  293.134 0.000157792 0.000871203
0.21745  293.179 -0.000158164 0.000870913
0.220134  293.236 0.00016099 0.000870903
0.222819  293.309 -0.000163303 0.000870524
0.225503  293.401 0.00016235 0.000870413
0.228188  293.518 -0.000161078 0.000869905
0.230872  293.664 0.000162262 0.000869634
0.233557  293.847 -0.000164669 0.000868928
0.236242  294.079 0.000164344 0.000868408
0.238926  294.375 -0.000162864 0.000867371
0.241611  294.766 0.000163427 0.000866382
0.244295  295.308 -0.000165411 0.000864629
0.24698  296.111 0.000164879 0.000862447
0.249664  297.402 -0.000163664 0.000858543
0.252349  299.644 0.000164516 0.000852281
0.255034  303.789 -0.000165686 0.00084049
0.257718  311.756 0.000164468 0.000819167
0.260403  327.25 -0.000164457 0.000780236
0.263087  356.845 0.000165488 0.000715663
0.265772  410.651 -0.000164701 0.000621774
0.268456  500.999 0.000164797 0.000509743
0.271141  638.952 -0.000165347 0.000399611
0.273826  831.284 0.000167025 0.000307212
0.27651  1080.15 -3.78185e-05 0.000236403
0.279195  1381.37 0.00240979 0.000185113
0.281879  1714.35 0.0160389 0.000150336
0.284564  2032.43 0.0583859 0.000129997
0.287248  2284.44 0.121171 0.000120134
0.289933  2450.97 0.177013 0.000115966
0.292617  2546.67 0.213745 0.000114289
0.295302  2596.98 0.234263 0.0001136
0.297987  2622.14 0.244806 0.000113302
0.300671  2634.42 0.250005 0.000113166
0.303356  2640.36 0.252517 0.000113102
0.30604  2643.24 0.253721 0.000113071
0.308725  2644.64 0.254294 0.000113054
0.311409  2645.35 0.254566 0.000113044
0.314094  2645.73 0.254696 0.000113038
0.316779  2645.95 0.254757 0.000113033
0.319463  2646.1 0.254787 0.000113029
0.322148  2646.21 0.2548 0.000113025
0.324832  2646.31 0.254807 0.000113022
0.327517  2646.4 0.25481 0.000113018
0.330201  2646.48 0.254812 0.000113015
0.332886  2646.57 0.254812 0.000113011
0.33557  2646.65 0.254813 0.000113007
0.338255  2646.74 0.254813 0.000113004
0.34094  2646.83 0.254813 0.000113
0.343624  2646.92 0.254813 0.000112996
0.346309  2647.01 0.254813 0.000112992
0.348993  2647.1 0.254813 0.000112989
0.351678  2647.19 0.254813 0.000112985
0.354362  2647.28 0.254813 0.000112981
0.357047  2647.38 0.254813 0.000112977
0.359732  2647.47 0.254813 0.000112973
0.362416  2647.57 0.254813 0.000112968
0.365101  2647.66 0.254813 0.000112964
0.367785  2647.76 0.254813 0.00011296
0.37047  2647.86 0.254813 0.000112956
0.373154  2647.96 0.254813 0.000112952
0.375839  2648.07 0.254813 0.000112947
0.378523  2648.17 0.254813 0.000112943
0.381208  2648.27 0.254813 0.000112938
0.383893  2648.38 0.254813 0.000112934
0.386577  2648.49 0.254813 0.000112929
0.389262  2648.6 0.254813 0.000112925
0.391946  2648.71 0.254813 0.00011292
0.394631  2648.82 0.254813 0.000112915
0.397315  2648.93 0.254813 0.00011291
0.4  2649.04 0.254813 0.000112906
0.402685  2649.16 0.254813 0.000112901
0.405369  2649.27 0.254813 0.000112896
0.408054  2649.39 0.254813 0.000112891
0.410738  2649.51 0.254813 0.000112886
0.413423  2649.63 0.254813 0.000112881
0.418792  2649.87 0.254813 0.00011287
0.424161  2650.12 0.254813 0.00011286
0.42953  2650.38 0.254813 0.000112849
0.434899  2650.64 0.254813 0.000112838
0.440268  2650.9 0.254813 0.000112826
0.445638  2651.18 0.254813 0.000112815
0.451007  2651.45 0.254813 0.000112803
0.456376  2651.74 0.254813 0.000112791
0.461745  2652.03 0.254813 0.000112779
0.467114  2652.32 0.254813 0.000112766
0.472483  2652.62 0.254813 0.000112753
0.477852  2652.93 0.254813 0.00011274
0.483221  2653.24 0.254813 0.000112727
0.488591  2653.56 0.254813 0.000112713
0.49396  2653.89 0.254813 0.000112699
0.499329  2654.23 0.254813 0.000112685
0.504698  2654.57 0.254813 0.000112671
0.510067  2654.91 0.254813 0.000112656
0.515436  2655.27 0.254813 0.000112641
0.520805  2655.63 0.254813 0.000112626
0.526174  2655.99 0.254813 0.00011261
0.531544  2656.37 0.254813 0.000112594
0.536913  2656.75 0.254813 0.000112578
0.542282  2657.14 0.254813 0.000112562
0.547651  2657.53 0.254813 0.000112545
0.55302  2657.94 0.254813 0.000112528
0.558389  2658.35 0.254813 0.00011251
0.563758  2658.77 0.254813 0.000112493
0.569128  2659.19 0.254813 0.000112475
0.574497  2659.63 0.254813 0.000112456
0.579866  2660.07 0.254813 0.000112438
0.585235  2660.52 0.254813 0.000112419
0.590604  2660.98 0.254813 0.000112399
0.595973  2661.44 0.254813 0.00011238
0.601342  2661.91 0.254813 0.00011236
0.606711  2662.4 0.254813 0.000112339
0.612081  2662.89 0.254813 0.000112319
0.61745  2663.38 0.254813 0.000112298
0.622819  2663.89 0.254813 0.000112276
0.628188  2664.41 0.254813 0.000112255
0.633557  2664.93 0.254813 0.000112232
0.638926  2665.46 0.254813 0.00011221
0.644295  2666 0.254813 0.000112187
0.649664  2666.55 0.254813 0.000112164
0.655034  2667.11 0.254813 0.000112141
0.660403  2667.68 0.254813 0.000112117
0.665772  2668.26 0.254813 0.000112093
0.671141  2668.84 0.254813 0.000112068
0.67651  2669.44 0.254813 0.000112043
0.681879  2670.04 0.254813 0.000112018
0.687248  2670.65 0.254813 0.000111992
0.692617  2671.27 0.254813 0.000111966
0.697987  2671.91 0.254813 0.000111939
0.703356  2672.55 0.254813 0.000111913
0.708725  2673.2 0.254813 0.000111885
0.714094  2673.86 0.254813 0.000111858
0.719463  2674.53 0.254813 0.00011183
0.724832  2675.21 0.254813 0.000111801
0.730201  2675.89 0.254813 0.000111773
0.73557  2676.59 0.254813 0.000111743
0.74094  2677.3 0.254813 0.000111714
0.746309  2678.02 0.254813 0.000111684
0.751678  2678.74 0.254813 0.000111654
0.757047  2679.48 0.254813 0.000111623
0.762416  2680.22 0.254813 0.000111592
0.767785  2680.96 0.254813 0.000111562
0.773154  2681.69 0.254813 0.000111531
0.778523  2682.41 0.254813 0.000111501
0.783893  2683.07 0.254813 0.000111474
0.789262  2683.64 0.254813 0.00011145
0.794631  2684.01 0.254813 0.000111434
0.8  2684.01 0.254813 0.000111434
