TITLE="Graphics"
VARIABLES= "x", "T", "Y fr", "rho"
-0.0219919  293 0 0.000871523
-0.013745  293 -2.38296e-09 0.000871523
-0.0085906  293 -1.45211e-09 0.000871523
-0.00536913  293 -1.81572e-09 0.000871523
0  293 -8.05687e-10 0.000871523
0.00536913  293 -1.81572e-09 0.000871523
0.0107383  293 -8.05683e-10 0.000871523
0.0161074  293 -1.81571e-09 0.000871523
0.0214765  293 -8.05679e-10 0.000871523
0.0268456  293 -1.81571e-09 0.000871523
0.0322148  293 -8.05677e-10 0.000871523
0.0375839  293 -1.81571e-09 0.000871523
0.042953  293 -8.05675e-10 0.000871523
0.0483221  293 -1.8157e-09 0.000871523
0.0536913  293 -8.05673e-10 0.000871523
0.0590604  293 -1.8157e-09 0.000871523
0.0644295  293 -8.05671e-10 0.000871523
0.0697987  293 -1.8157e-09 0.000871523
0.0751678  293 -8.0567e-10 0.000871523
0.0805369  293 -1.8157e-09 0.000871523
0.085906  293 -8.05668e-10 0.000871523
0.0912752  293 -1.8157e-09 0.000871523
0.0966443  293 -8.05666e-10 0.000871523
0.102013  293 -1.8157e-09 0.000871523
0.107383  293 -8.05664e-10 0.000871523
0.112752  293 -1.81569e-09 0.000871523
0.118121  293 -8.05662e-10 0.000871523
0.12349  293 -1.81569e-09 0.000871523
0.128859  293 -8.05675e-10 0.000871523
0.134228  293.001 -1.81561e-09 0.000871521
0.139597  293.002 -8.06024e-10 0.000871517
0.144966  293.006 -1.81417e-09 0.000871506
0.150336  293.015 -8.11234e-10 0.000871478
0.15302  293.025 -1.05585e-09 0.000871449
0.155705  293.039 -8.12734e-10 0.000871406
0.158389  293.061 -1.04889e-09 0.000871342
0.161074  293.092 -8.18627e-10 0.000871251
0.163758  293.135 -1.04135e-09 0.000871121
0.166443  293.196 -8.31939e-10 0.000870941
0.169128  293.279 -9.97581e-10 0.000870693
0.171812  293.392 -9.84511e-10 0.000870358
0.174497  293.543 -5.1703e-10 0.000869911
0.177181  293.742 -2.36096e-09 0.000869323
0.179866  293.999 3.15835e-09 0.000868561
0.18255  294.33 -1.16412e-08 0.000867586
0.185235  294.748 2.53951e-08 0.000866356
0.187919  295.269 -6.20635e-08 0.000864826
0.190604  295.912 1.33013e-07 0.000862947
0.193289  296.695 -2.76939e-07 0.00086067
0.195973  297.636 5.31679e-07 0.00085795
0.198658  298.753 -9.58792e-07 0.000854739
0.201342  300.066 1.59578e-06 0.000851001
0.204027  301.59 -2.45305e-06 0.0008467
0.206711  303.339 3.44601e-06 0.00084182
0.209396  305.327 -4.40877e-06 0.000836336
0.212081  307.562 5.10531e-06 0.000830261
0.214765  310.054 -5.3684e-06 0.000823585
0.21745  312.805 5.19448e-06 0.000816345
0.220134  315.821 -4.80413e-06 0.000808545
0.222819  319.103 4.46993e-06 0.000800234
0.225503  322.654 -4.31163e-06 0.000791423
0.228188  326.482 4.17294e-06 0.000782147
0.230872  330.602 -3.84726e-06 0.000772397
0.233557  335.044 3.33728e-06 0.000762159
0.236242  339.868 -2.87776e-06 0.000751337
0.238926  345.18 2.57319e-06 0.000739779
0.241611  351.161 -2.26283e-06 0.000727176
0.244295  358.122 1.79667e-06 0.000713044
0.24698  366.572 -1.33862e-06 0.000696606
0.249664  377.33 1.03222e-06 0.000676747
0.252349  391.671 -7.29178e-07 0.000651966
0.255034  411.504 3.18913e-07 0.000620544
0.257718  439.524 -1.87314e-08 0.000580983
0.260403  479.253 -1.76613e-07 0.000532822
0.263087  534.839 5.02569e-07 0.000477446
0.265772  610.582 -5.19261e-07 0.000418218
0.268456  710.319 2.44958e-06 0.000359496
0.271141  836.926 1.88747e-05 0.000305116
0.273826  991.958 0.000193783 0.000257455
0.27651  1174.97 0.00134929 0.000217499
0.279195  1381.37 0.00663367 0.000185564
0.281879  1598.86 0.023069 0.000161854
0.284564  1806.28 0.0580664 0.000146244
0.287248  1980.27 0.108865 0.000137543
0.289933  2107.25 0.160117 0.000133441
0.292617  2189.06 0.199288 0.000131714
0.295302  2237.15 0.224286 0.000131005
0.297987  2263.88 0.238641 0.000130694
0.300671  2278.39 0.246418 0.000130537
0.303356  2286.27 0.250503 0.000130443
0.30604  2290.68 0.252613 0.000130376
0.308725  2293.3 0.253694 0.000130322
0.311409  2295.01 0.254245 0.000130273
0.314094  2296.25 0.254525 0.000130227
0.316779  2297.26 0.254667 0.000130182
0.319463  2298.15 0.254739 0.000130138
0.322148  2298.99 0.254776 0.000130094
0.324832  2299.81 0.254794 0.000130049
0.327517  2300.61 0.254803 0.000130004
0.330201  2301.42 0.254808 0.000129959
0.332886  2302.22 0.254811 0.000129914
0.33557  2303.03 0.254812 0.000129869
0.338255  2303.85 0.254812 0.000129823
0.34094  2304.67 0.254813 0.000129776
0.343624  2305.5 0.254813 0.00012973
0.346309  2306.33 0.254813 0.000129683
0.348993  2307.17 0.254813 0.000129635
0.351678  2308.02 0.254813 0.000129588
0.354362  2308.88 0.254813 0.00012954
0.357047  2309.74 0.254813 0.000129492
0.359732  2310.61 0.254813 0.000129443
0.362416  2311.48 0.254813 0.000129394
0.365101  2312.36 0.254813 0.000129345
0.367785  2313.25 0.254813 0.000129295
0.37047  2314.14 0.254813 0.000129245
0.373154  2315.04 0.254813 0.000129195
0.375839  2315.95 0.254813 0.000129144
0.378523  2316.87 0.254813 0.000129093
0.381208  2317.79 0.254813 0.000129042
0.383893  2318.72 0.254813 0.00012899
0.386577  2319.66 0.254813 0.000128938
0.389262  2320.6 0.254813 0.000128886
0.391946  2321.55 0.254813 0.000128833
0.394631  2322.5 0.254813 0.00012878
0.397315  2323.47 0.254813 0.000128726
0.4  2324.44 0.254813 0.000128673
0.402685  2325.42 0.254813 0.000128618
0.405369  2326.4 0.254813 0.000128564
0.408054  2327.4 0.254813 0.000128509
0.410738  2328.39 0.254813 0.000128454
0.413423  2329.4 0.254813 0.000128399
0.418792  2331.44 0.254813 0.000128286
0.424161  2333.5 0.254813 0.000128173
0.42953  2335.59 0.254813 0.000128058
0.434899  2337.72 0.254813 0.000127942
0.440268  2339.87 0.254813 0.000127824
0.445638  2342.05 0.254813 0.000127705
0.451007  2344.26 0.254813 0.000127585
0.456376  2346.5 0.254813 0.000127463
0.461745  2348.77 0.254813 0.00012734
0.467114  2351.07 0.254813 0.000127215
0.472483  2353.41 0.254813 0.000127089
0.477852  2355.77 0.254813 0.000126961
0.483221  2358.16 0.254813 0.000126832
0.488591  2360.59 0.254813 0.000126702
0.49396  2363.04 0.254813 0.000126571
0.499329  2365.53 0.254813 0.000126437
0.504698  2368.05 0.254813 0.000126303
0.510067  2370.6 0.254813 0.000126167
0.515436  2373.18 0.254813 0.00012603
0.520805  2375.79 0.254813 0.000125891
0.526174  2378.43 0.254813 0.000125752
0.531544  2381.11 0.254813 0.00012561
0.536913  2383.82 0.254813 0.000125468
0.542282  2386.55 0.254813 0.000125324
0.547651  2389.33 0.254813 0.000125178
0.55302  2392.13 0.254813 0.000125032
0.558389  2394.96 0.254813 0.000124884
0.563758  2397.83 0.254813 0.000124734
0.569128  2400.73 0.254813 0.000124584
0.574497  2403.66 0.254813 0.000124432
0.579866  2406.62 0.254813 0.000124279
0.585235  2409.62 0.254813 0.000124124
0.590604  2412.64 0.254813 0.000123968
0.595973  2415.7 0.254813 0.000123811
0.601342  2418.8 0.254813 0.000123653
0.606711  2421.92 0.254813 0.000123494
0.612081  2425.08 0.254813 0.000123333
0.61745  2428.27 0.254813 0.000123171
0.622819  2431.49 0.254813 0.000123008
0.628188  2434.75 0.254813 0.000122843
0.633557  2438.03 0.254813 0.000122677
0.638926  2441.36 0.254813 0.00012251
0.644295  2444.71 0.254813 0.000122342
0.649664  2448.1 0.254813 0.000122173
0.655034  2451.52 0.254813 0.000122002
0.660403  2454.98 0.254813 0.00012183
0.665772  2458.47 0.254813 0.000121658
0.671141  2462 0.254813 0.000121483
0.67651  2465.56 0.254813 0.000121308
0.681879  2469.15 0.254813 0.000121131
0.687248  2472.79 0.254813 0.000120953
0.692617  2476.45 0.254813 0.000120774
0.697987  2480.15 0.254813 0.000120594
0.703356  2483.9 0.254813 0.000120412
0.708725  2487.67 0.254813 0.000120229
0.714094  2491.48 0.254813 0.000120046
0.719463  2495.34 0.254813 0.00011986
0.724832  2499.22 0.254813 0.000119674
0.730201  2503.14 0.254813 0.000119487
0.73557  2507.09 0.254813 0.000119298
0.74094  2511.08 0.254813 0.000119109
0.746309  2515.09 0.254813 0.000118919
0.751678  2519.11 0.254813 0.000118729
0.757047  2523.14 0.254813 0.00011854
0.762416  2527.14 0.254813 0.000118352
0.767785  2531.08 0.254813 0.000118167
0.773154  2534.91 0.254813 0.000117989
0.778523  2538.52 0.254813 0.000117821
0.783893  2541.76 0.254813 0.000117671
0.789262  2544.39 0.254813 0.000117549
0.794631  2546.02 0.254813 0.000117474
0.8  2546.02 0.254813 0.000117474
