TITLE="Graphics"
VARIABLES= "x", "T", "Y fr", "rho"
-0.0219919  293 0 0.000871523
-0.013745  293 -2.38296e-09 0.000871523
-0.0085906  293 -1.45211e-09 0.000871523
-0.00536913  293 -1.81572e-09 0.000871523
0  293 -8.05686e-10 0.000871523
0.00536913  293 -1.81571e-09 0.000871523
0.0107383  293 -8.05681e-10 0.000871523
0.0161074  293 -1.81571e-09 0.000871523
0.0214765  293 -8.05676e-10 0.000871523
0.0268456  293 -1.8157e-09 0.000871523
0.0322148  293 -8.05671e-10 0.000871523
0.0375839  293 -1.8157e-09 0.000871523
0.042953  293 -8.05667e-10 0.000871523
0.0483221  293 -1.8157e-09 0.000871523
0.0536913  293 -8.05664e-10 0.000871523
0.0590604  293 -1.81569e-09 0.000871523
0.0644295  293 -8.05662e-10 0.000871523
0.0697987  293 -1.81569e-09 0.000871523
0.0751678  293 -8.0566e-10 0.000871523
0.0805369  293 -1.81569e-09 0.000871523
0.085906  293 -8.05661e-10 0.000871523
0.0912752  293 -1.81568e-09 0.000871523
0.0966443  293 -8.05703e-10 0.000871523
0.102013  293 -1.81552e-09 0.000871523
0.107383  293 -8.062e-10 0.000871523
0.112752  293 -1.81399e-09 0.000871523
0.118121  293 -8.10744e-10 0.000871523
0.12349  293 -1.80029e-09 0.000871523
0.128859  293 -8.55542e-10 0.000871523
0.134228  293 -1.63361e-09 0.000871522
0.139597  293.001 -1.54346e-09 0.000871521
0.144966  293.001 1.30934e-09 0.000871519
0.150336  293.003 -1.38857e-08 0.000871514
0.15302  293.005 8.37919e-09 0.000871509
0.155705  293.007 -2.91973e-08 0.000871502
0.158389  293.01 5.47759e-08 0.000871493
0.161074  293.014 -1.13229e-07 0.00087148
0.163758  293.02 2.12554e-07 0.000871463
0.166443  293.028 -3.89213e-07 0.000871438
0.169128  293.039 6.70187e-07 0.000871407
0.171812  293.054 -1.10076e-06 0.000871363
0.174497  293.073 1.70099e-06 0.000871307
0.177181  293.098 -2.47746e-06 0.000871231
0.179866  293.13 3.3717e-06 0.000871137
0.18255  293.172 -4.27788e-06 0.000871009
0.185235  293.226 5.02468e-06 0.000870854
0.187919  293.294 -5.45239e-06 0.000870648
0.190604  293.379 5.45792e-06 0.0008704
0.193289  293.486 -5.09165e-06 0.000870079
0.195973  293.618 4.53255e-06 0.000869692
0.198658  293.78 -4.02796e-06 0.000869208
0.201342  293.977 3.71292e-06 0.000868627
0.204027  294.217 -3.53804e-06 0.000867916
0.206711  294.505 3.29447e-06 0.000867071
0.209396  294.849 -2.84121e-06 0.000866055
0.212081  295.258 2.23699e-06 0.000864859
0.214765  295.741 -1.70638e-06 0.000863445
0.21745  296.308 1.35935e-06 0.000861793
0.220134  296.974 -1.0784e-06 0.00085986
0.222819  297.755 6.64568e-07 0.000857607
0.225503  298.671 -1.48361e-07 0.000854975
0.228188  299.755 -2.70587e-07 0.000851883
0.230872  301.052 5.21121e-07 0.000848212
0.233557  302.633 -7.92639e-07 0.000843781
0.236242  304.609 1.17958e-06 0.00083831
0.238926  307.156 -1.5218e-06 0.000831357
0.241611  310.558 1.70166e-06 0.00082225
0.244295  315.269 -1.89723e-06 0.000809963
0.24698  322.001 2.18422e-06 0.000793032
0.249664  331.854 -2.37865e-06 0.000769484
0.252349  346.469 2.46794e-06 0.000737027
0.255034  368.171 -2.65499e-06 0.00069358
0.257718  400.023 2.79895e-06 0.000638354
0.260403  445.679 -2.83508e-06 0.000572959
0.263087  508.968 2.97076e-06 0.000501714
0.265772  593.341 -2.97114e-06 0.000430369
0.268456  701.413 4.06512e-06 0.000364061
0.271141  834.791 1.42784e-05 0.000305895
0.273826  993.992 0.000202682 0.00025693
0.27651  1177.85 0.00147541 0.000216982
0.279195  1381.37 0.00727547 0.000185632
0.281879  1592.36 0.0248213 0.000162681
0.284564  1790.71 0.0611067 0.000147783
0.287248  1954.98 0.112412 0.000139626
0.289933  2073.53 0.163134 0.00013587
0.292617  2149.15 0.201356 0.00013434
0.295302  2193.17 0.225529 0.000133741
0.297987  2217.37 0.239332 0.000133497
0.300671  2230.26 0.246786 0.000133386
0.303356  2237.06 0.250693 0.000133329
0.30604  2240.66 0.25271 0.000133295
0.308725  2242.62 0.253742 0.000133271
0.311409  2243.74 0.254269 0.000133252
0.314094  2244.42 0.254537 0.000133235
0.316779  2244.89 0.254673 0.000133219
0.319463  2245.26 0.254742 0.000133204
0.322148  2245.57 0.254777 0.000133189
0.324832  2245.85 0.254795 0.000133174
0.327517  2246.12 0.254804 0.000133158
0.330201  2246.39 0.254808 0.000133143
0.332886  2246.66 0.254811 0.000133127
0.33557  2246.93 0.254812 0.000133111
0.338255  2247.2 0.254812 0.000133095
0.34094  2247.47 0.254813 0.000133079
0.343624  2247.74 0.254813 0.000133063
0.346309  2248.02 0.254813 0.000133047
0.348993  2248.3 0.254813 0.00013303
0.351678  2248.59 0.254813 0.000133013
0.354362  2248.88 0.254813 0.000132996
0.357047  2249.17 0.254813 0.000132979
0.359732  2249.46 0.254813 0.000132961
0.362416  2249.76 0.254813 0.000132944
0.365101  2250.06 0.254813 0.000132926
0.367785  2250.37 0.254813 0.000132908
0.37047  2250.67 0.254813 0.00013289
0.373154  2250.98 0.254813 0.000132872
0.375839  2251.3 0.254813 0.000132853
0.378523  2251.62 0.254813 0.000132834
0.381208  2251.94 0.254813 0.000132815
0.383893  2252.26 0.254813 0.000132796
0.386577  2252.59 0.254813 0.000132777
0.389262  2252.92 0.254813 0.000132757
0.391946  2253.26 0.254813 0.000132737
0.394631  2253.6 0.254813 0.000132717
0.397315  2253.94 0.254813 0.000132697
0.4  2254.28 0.254813 0.000132677
0.402685  2254.63 0.254813 0.000132656
0.405369  2254.99 0.254813 0.000132636
0.408054  2255.34 0.254813 0.000132615
0.410738  2255.71 0.254813 0.000132593
0.413423  2256.07 0.254813 0.000132572
0.418792  2256.81 0.254813 0.000132528
0.424161  2257.57 0.254813 0.000132484
0.42953  2258.34 0.254813 0.000132439
0.434899  2259.12 0.254813 0.000132393
0.440268  2259.93 0.254813 0.000132346
0.445638  2260.74 0.254813 0.000132298
0.451007  2261.58 0.254813 0.000132249
0.456376  2262.43 0.254813 0.000132199
0.461745  2263.3 0.254813 0.000132149
0.467114  2264.18 0.254813 0.000132097
0.472483  2265.08 0.254813 0.000132045
0.477852  2266 0.254813 0.000131991
0.483221  2266.94 0.254813 0.000131937
0.488591  2267.89 0.254813 0.000131881
0.49396  2268.86 0.254813 0.000131825
0.499329  2269.85 0.254813 0.000131767
0.504698  2270.85 0.254813 0.000131709
0.510067  2271.88 0.254813 0.000131649
0.515436  2272.92 0.254813 0.000131589
0.520805  2273.98 0.254813 0.000131528
0.526174  2275.06 0.254813 0.000131465
0.531544  2276.16 0.254813 0.000131402
0.536913  2277.28 0.254813 0.000131337
0.542282  2278.42 0.254813 0.000131271
0.547651  2279.58 0.254813 0.000131205
0.55302  2280.75 0.254813 0.000131137
0.558389  2281.95 0.254813 0.000131068
0.563758  2283.17 0.254813 0.000130999
0.569128  2284.4 0.254813 0.000130928
0.574497  2285.66 0.254813 0.000130856
0.579866  2286.94 0.254813 0.000130783
0.585235  2288.24 0.254813 0.000130708
0.590604  2289.55 0.254813 0.000130633
0.595973  2290.89 0.254813 0.000130557
0.601342  2292.25 0.254813 0.000130479
0.606711  2293.63 0.254813 0.000130401
0.612081  2295.04 0.254813 0.000130321
0.61745  2296.46 0.254813 0.00013024
0.622819  2297.91 0.254813 0.000130158
0.628188  2299.37 0.254813 0.000130075
0.633557  2300.86 0.254813 0.000129991
0.638926  2302.37 0.254813 0.000129906
0.644295  2303.91 0.254813 0.000129819
0.649664  2305.46 0.254813 0.000129732
0.655034  2307.04 0.254813 0.000129643
0.660403  2308.64 0.254813 0.000129553
0.665772  2310.26 0.254813 0.000129462
0.671141  2311.91 0.254813 0.00012937
0.67651  2313.58 0.254813 0.000129277
0.681879  2315.27 0.254813 0.000129182
0.687248  2316.99 0.254813 0.000129087
0.692617  2318.72 0.254813 0.00012899
0.697987  2320.48 0.254813 0.000128892
0.703356  2322.27 0.254813 0.000128793
0.708725  2324.07 0.254813 0.000128693
0.714094  2325.9 0.254813 0.000128592
0.719463  2327.76 0.254813 0.000128489
0.724832  2329.63 0.254813 0.000128386
0.730201  2331.53 0.254813 0.000128281
0.73557  2333.45 0.254813 0.000128176
0.74094  2335.39 0.254813 0.00012807
0.746309  2337.34 0.254813 0.000127963
0.751678  2339.3 0.254813 0.000127855
0.757047  2341.27 0.254813 0.000127748
0.762416  2343.23 0.254813 0.000127641
0.767785  2345.16 0.254813 0.000127536
0.773154  2347.03 0.254813 0.000127434
0.778523  2348.8 0.254813 0.000127338
0.783893  2350.38 0.254813 0.000127252
0.789262  2351.67 0.254813 0.000127183
0.794631  2352.46 0.254813 0.00012714
0.8  2352.46 0.254813 0.00012714
