TITLE="Graphics"
VARIABLES= "x", "T", "Y fr", "rho"
-0.0219919  293 0 0.000871523
-0.013745  293 -1.25674e-07 0.000871523
-0.0085906  293 -7.65827e-08 0.000871523
-0.00536913  293 -9.5759e-08 0.000871523
0  293 -4.24914e-08 0.000871523
0.00536913  293 -9.5759e-08 0.000871523
0.0107383  293 -4.24914e-08 0.000871523
0.0161074  293 -9.5759e-08 0.000871523
0.0214765  293 -4.24914e-08 0.000871523
0.0268456  293 -9.5759e-08 0.000871523
0.0322148  293 -4.24914e-08 0.000871523
0.0375839  293 -9.5759e-08 0.000871523
0.042953  293 -4.24914e-08 0.000871523
0.0483221  293 -9.5759e-08 0.000871523
0.0536913  293 -4.24914e-08 0.000871523
0.0590604  293 -9.5759e-08 0.000871523
0.0644295  293 -4.24913e-08 0.000871523
0.0697987  293 -9.5759e-08 0.000871523
0.0751678  293 -4.24913e-08 0.000871523
0.0805369  293 -9.5759e-08 0.000871523
0.085906  293 -4.24913e-08 0.000871523
0.0912752  293 -9.5759e-08 0.000871523
0.0966443  293 -4.24912e-08 0.000871523
0.102013  293 -9.57592e-08 0.000871523
0.107383  293 -4.24911e-08 0.000871523
0.112752  293 -9.5758e-08 0.000871523
0.118121  293 -4.25012e-08 0.000871523
0.12349  293 -9.56995e-08 0.000871523
0.128859  293 -4.2798e-08 0.000871523
0.134228  293 -9.43005e-08 0.000871523
0.139597  293 -4.90215e-08 0.000871523
0.144966  293 -6.81553e-08 0.000871523
0.150336  293 -1.5224e-07 0.000871523
0.15302  293 1.11678e-08 0.000871523
0.155705  293 -2.44323e-07 0.000871523
0.158389  293 3.0023e-07 0.000871522
0.161074  293 -6.87256e-07 0.000871521
0.163758  293.001 1.00919e-06 0.000871521
0.166443  293.001 -1.65649e-06 0.000871518
0.169128  293.002 2.10472e-06 0.000871517
0.171812  293.004 -2.40928e-06 0.000871511
0.174497  293.006 1.51177e-06 0.000871507
0.177181  293.009 1.24455e-06 0.000871498
0.179866  293.013 -7.59202e-06 0.00087148
0.18255  293.02 1.84039e-05 0.000871473
0.185235  293.03 -3.46248e-05 0.000871418
0.187919  293.043 5.49682e-05 0.000871421
0.190604  293.063 -7.71392e-05 0.000871298
0.193289  293.09 9.68105e-05 0.000871305
0.195973  293.127 -0.00011087 0.000871092
0.198658  293.177 0.000117886 0.000871057
0.201342  293.243 -0.000120707 0.000870739
0.204027  293.332 0.000123418 0.000870598
0.206711  293.448 -0.000129554 0.000870128
0.209396  293.598 0.000137756 0.000869818
0.212081  293.789 -0.000144408 0.000869112
0.214765  294.03 0.000146406 0.000868543
0.21745  294.331 -0.000146115 0.00086751
0.220134  294.702 0.000147491 0.000866563
0.222819  295.155 -0.000152109 0.000865084
0.225503  295.702 0.000155909 0.000863638
0.228188  296.354 -0.000156299 0.000861582
0.230872  297.126 0.000155228 0.000859499
0.233557  298.03 -0.000157075 0.000856738
0.236242  299.082 0.00016026 0.000853878
0.238926  300.302 -0.000161063 0.000850252
0.241611  301.72 0.000159666 0.000846413
0.244295  303.387 -0.000160641 0.000841608
0.24698  305.402 0.000162968 0.000836209
0.249664  307.971 -0.00016311 0.000829079
0.252349  311.514 0.000161894 0.000819802
0.255034  316.903 -0.000163257 0.000805712
0.257718  325.899 0.000164392 0.000783619
0.260403  341.931 -0.000163464 0.000746737
0.263087  371.162 0.000163701 0.000688056
0.265772  423.294 -0.000164886 0.000603203
0.268456  510.638 0.00016375 0.00050012
0.271141  644.912 -0.000164705 0.000395918
0.273826  833.917 0.000167359 0.000306242
0.27651  1080.65 -3.36016e-05 0.000236295
0.279195  1381.37 0.00238311 0.00018511
0.281879  1715.61 0.0157765 0.000150203
0.284564  2036.35 0.0576705 0.000129691
0.287248  2291.51 0.120226 0.000119694
0.289933  2460.81 0.176198 0.000115442
0.292617  2558.5 0.213193 0.00011372
0.295302  2610.07 0.233935 0.000113005
0.297987  2636.01 0.244624 0.000112692
0.300671  2648.78 0.249908 0.000112546
0.303356  2655.05 0.252467 0.000112473
0.30604  2658.17 0.253695 0.000112433
0.308725  2659.78 0.254281 0.00011241
0.311409  2660.67 0.25456 0.000112393
0.314094  2661.22 0.254693 0.00011238
0.316779  2661.61 0.254756 0.000112368
0.319463  2661.93 0.254786 0.000112357
0.322148  2662.21 0.2548 0.000112346
0.324832  2662.47 0.254807 0.000112336
0.327517  2662.73 0.25481 0.000112325
0.330201  2662.99 0.254812 0.000112314
0.332886  2663.24 0.254812 0.000112303
0.33557  2663.5 0.254813 0.000112293
0.338255  2663.76 0.254813 0.000112282
0.34094  2664.02 0.254813 0.000112271
0.343624  2664.29 0.254813 0.00011226
0.346309  2664.55 0.254813 0.000112248
0.348993  2664.82 0.254813 0.000112237
0.351678  2665.09 0.254813 0.000112226
0.354362  2665.36 0.254813 0.000112214
0.357047  2665.64 0.254813 0.000112203
0.359732  2665.92 0.254813 0.000112191
0.362416  2666.2 0.254813 0.000112179
0.365101  2666.48 0.254813 0.000112167
0.367785  2666.76 0.254813 0.000112155
0.37047  2667.05 0.254813 0.000112143
0.373154  2667.34 0.254813 0.000112131
0.375839  2667.63 0.254813 0.000112119
0.378523  2667.92 0.254813 0.000112107
0.381208  2668.22 0.254813 0.000112094
0.383893  2668.52 0.254813 0.000112082
0.386577  2668.82 0.254813 0.000112069
0.389262  2669.12 0.254813 0.000112056
0.391946  2669.42 0.254813 0.000112044
0.394631  2669.73 0.254813 0.000112031
0.397315  2670.04 0.254813 0.000112018
0.4  2670.35 0.254813 0.000112004
0.402685  2670.67 0.254813 0.000111991
0.405369  2670.99 0.254813 0.000111978
0.408054  2671.31 0.254813 0.000111965
0.410738  2671.63 0.254813 0.000111951
0.413423  2671.95 0.254813 0.000111937
0.418792  2672.61 0.254813 0.00011191
0.424161  2673.28 0.254813 0.000111882
0.42953  2673.96 0.254813 0.000111854
0.434899  2674.64 0.254813 0.000111825
0.440268  2675.34 0.254813 0.000111796
0.445638  2676.05 0.254813 0.000111766
0.451007  2676.77 0.254813 0.000111736
0.456376  2677.5 0.254813 0.000111706
0.461745  2678.24 0.254813 0.000111675
0.467114  2678.99 0.254813 0.000111644
0.472483  2679.75 0.254813 0.000111612
0.477852  2680.52 0.254813 0.00011158
0.483221  2681.3 0.254813 0.000111547
0.488591  2682.1 0.254813 0.000111514
0.49396  2682.9 0.254813 0.000111481
0.499329  2683.72 0.254813 0.000111447
0.504698  2684.54 0.254813 0.000111412
0.510067  2685.38 0.254813 0.000111378
0.515436  2686.23 0.254813 0.000111342
0.520805  2687.09 0.254813 0.000111307
0.526174  2687.97 0.254813 0.000111271
0.531544  2688.85 0.254813 0.000111234
0.536913  2689.75 0.254813 0.000111197
0.542282  2690.65 0.254813 0.000111159
0.547651  2691.57 0.254813 0.000111122
0.55302  2692.5 0.254813 0.000111083
0.558389  2693.45 0.254813 0.000111044
0.563758  2694.4 0.254813 0.000111005
0.569128  2695.37 0.254813 0.000110965
0.574497  2696.35 0.254813 0.000110925
0.579866  2697.34 0.254813 0.000110884
0.585235  2698.34 0.254813 0.000110843
0.590604  2699.36 0.254813 0.000110801
0.595973  2700.38 0.254813 0.000110759
0.601342  2701.42 0.254813 0.000110716
0.606711  2702.48 0.254813 0.000110673
0.612081  2703.54 0.254813 0.00011063
0.61745  2704.62 0.254813 0.000110586
0.622819  2705.71 0.254813 0.000110541
0.628188  2706.81 0.254813 0.000110496
0.633557  2707.93 0.254813 0.00011045
0.638926  2709.06 0.254813 0.000110404
0.644295  2710.2 0.254813 0.000110358
0.649664  2711.35 0.254813 0.000110311
0.655034  2712.52 0.254813 0.000110263
0.660403  2713.7 0.254813 0.000110215
0.665772  2714.9 0.254813 0.000110167
0.671141  2716.11 0.254813 0.000110118
0.67651  2717.33 0.254813 0.000110068
0.681879  2718.56 0.254813 0.000110018
0.687248  2719.81 0.254813 0.000109968
0.692617  2721.07 0.254813 0.000109917
0.697987  2722.35 0.254813 0.000109865
0.703356  2723.64 0.254813 0.000109813
0.708725  2724.94 0.254813 0.000109761
0.714094  2726.26 0.254813 0.000109708
0.719463  2727.59 0.254813 0.000109654
0.724832  2728.94 0.254813 0.0001096
0.730201  2730.3 0.254813 0.000109545
0.73557  2731.67 0.254813 0.00010949
0.74094  2733.06 0.254813 0.000109435
0.746309  2734.46 0.254813 0.000109379
0.751678  2735.87 0.254813 0.000109322
0.757047  2737.29 0.254813 0.000109265
0.762416  2738.72 0.254813 0.000109208
0.767785  2740.15 0.254813 0.000109152
0.773154  2741.56 0.254813 0.000109095
0.778523  2742.93 0.254813 0.000109041
0.783893  2744.21 0.254813 0.00010899
0.789262  2745.29 0.254813 0.000108947
0.794631  2746.01 0.254813 0.000108919
0.8  2746.01 0.254813 0.000108919
