TITLE="Graphics"
VARIABLES= "x", "T", "Y fr", "rho"
-0.0219919  293 0 0.000871523
-0.013745  293 -2.38296e-09 0.000871523
-0.0085906  293 -1.45211e-09 0.000871523
-0.00536913  293 -1.81572e-09 0.000871523
0  293 -8.05686e-10 0.000871523
0.00536913  293 -1.81571e-09 0.000871523
0.0107383  293 -8.05681e-10 0.000871523
0.0161074  293 -1.81571e-09 0.000871523
0.0214765  293 -8.05676e-10 0.000871523
0.0268456  293 -1.8157e-09 0.000871523
0.0322148  293 -8.05672e-10 0.000871523
0.0375839  293 -1.8157e-09 0.000871523
0.042953  293 -8.05668e-10 0.000871523
0.0483221  293 -1.8157e-09 0.000871523
0.0536913  293 -8.05666e-10 0.000871523
0.0590604  293 -1.81569e-09 0.000871523
0.0644295  293 -8.05663e-10 0.000871523
0.0697987  293 -1.81569e-09 0.000871523
0.0751678  293 -8.05661e-10 0.000871523
0.0805369  293 -1.81569e-09 0.000871523
0.085906  293 -8.0566e-10 0.000871523
0.0912752  293 -1.81569e-09 0.000871523
0.0966443  293 -8.05669e-10 0.000871523
0.102013  293 -1.81564e-09 0.000871523
0.107383  293 -8.05819e-10 0.000871523
0.112752  293 -1.81514e-09 0.000871523
0.118121  293 -8.07378e-10 0.000871523
0.12349  293 -1.81059e-09 0.000871523
0.128859  293 -8.20312e-10 0.000871523
0.134228  293 -1.77192e-09 0.000871522
0.139597  293.001 -9.538e-10 0.000871521
0.144966  293.002 -1.2291e-09 0.000871518
0.150336  293.004 -3.35467e-09 0.000871511
0.15302  293.006 1.14886e-09 0.000871505
0.155705  293.009 -7.57895e-09 0.000871496
0.158389  293.013 1.36488e-08 0.000871483
0.161074  293.019 -3.31042e-08 0.000871466
0.163758  293.027 6.61585e-08 0.000871442
0.166443  293.038 -1.34996e-07 0.000871409
0.169128  293.053 2.54363e-07 0.000871365
0.171812  293.073 -4.63465e-07 0.000871305
0.174497  293.1 7.93542e-07 0.000871228
0.177181  293.134 -1.29002e-06 0.000871124
0.179866  293.179 1.96657e-06 0.000870993
0.18255  293.237 -2.81249e-06 0.000870819
0.185235  293.31 3.74144e-06 0.000870603
0.187919  293.404 -4.61646e-06 0.000870322
0.190604  293.521 5.24876e-06 0.000869979
0.193289  293.667 -5.49539e-06 0.000869542
0.195973  293.847 5.31334e-06 0.000869014
0.198658  294.068 -4.83603e-06 0.000868357
0.201342  294.336 4.29609e-06 0.00086757
0.204027  294.659 -3.91167e-06 0.000866615
0.206711  295.045 3.70616e-06 0.000865483
0.209396  295.504 -3.51949e-06 0.000864136
0.212081  296.045 3.14557e-06 0.000862559
0.214765  296.679 -2.57815e-06 0.000860713
0.21745  297.418 2.00642e-06 0.000858578
0.220134  298.275 -1.61486e-06 0.000856108
0.222819  299.268 1.33113e-06 0.000853271
0.225503  300.416 -9.53842e-07 0.000850007
0.228188  301.751 4.37473e-07 0.000846247
0.230872  303.316 1.37715e-08 0.000841882
0.233557  305.177 -2.95459e-07 0.000836747
0.236242  307.441 5.60964e-07 0.000830587
0.238926  310.276 -9.52367e-07 0.000822997
0.241611  313.954 1.3113e-06 0.000813357
0.244295  318.911 -1.51326e-06 0.000800712
0.24698  325.837 1.71527e-06 0.000783694
0.249664  335.8 -2.01484e-06 0.000760441
0.252349  350.401 2.20659e-06 0.000728755
0.255034  371.924 -2.31134e-06 0.000686581
0.257718  403.4 2.51073e-06 0.000633011
0.260403  448.48 -2.63603e-06 0.000569381
0.263087  511.04 2.68554e-06 0.00049968
0.265772  594.624 -2.78085e-06 0.000429441
0.268456  701.965 3.89343e-06 0.000363774
0.271141  834.78 1.45977e-05 0.000305899
0.273826  993.67 0.000201234 0.000257013
0.27651  1177.52 0.00146113 0.000217041
0.279195  1381.37 0.00721007 0.000185625
0.281879  1593.01 0.0246527 0.000162599
0.284564  1792.21 0.0608268 0.000147635
0.287248  1957.37 0.112098 0.000139428
0.289933  2076.68 0.162876 0.000135642
0.292617  2152.85 0.201185 0.000134094
0.295302  2197.23 0.225428 0.000133486
0.297987  2221.65 0.239278 0.000133235
0.300671  2234.69 0.246758 0.00013312
0.303356  2241.59 0.250679 0.000133059
0.30604  2245.27 0.252703 0.000133021
0.308725  2247.3 0.253739 0.000132994
0.311409  2248.47 0.254267 0.000132971
0.314094  2249.22 0.254536 0.000132951
0.316779  2249.75 0.254673 0.000132932
0.319463  2250.17 0.254742 0.000132913
0.322148  2250.54 0.254777 0.000132895
0.324832  2250.88 0.254795 0.000132876
0.327517  2251.21 0.254804 0.000132857
0.330201  2251.53 0.254808 0.000132839
0.332886  2251.86 0.254811 0.00013282
0.33557  2252.19 0.254812 0.0001328
0.338255  2252.52 0.254812 0.000132781
0.34094  2252.85 0.254813 0.000132761
0.343624  2253.19 0.254813 0.000132741
0.346309  2253.53 0.254813 0.000132721
0.348993  2253.87 0.254813 0.000132701
0.351678  2254.22 0.254813 0.000132681
0.354362  2254.57 0.254813 0.00013266
0.357047  2254.93 0.254813 0.000132639
0.359732  2255.29 0.254813 0.000132618
0.362416  2255.65 0.254813 0.000132597
0.365101  2256.01 0.254813 0.000132575
0.367785  2256.38 0.254813 0.000132554
0.37047  2256.76 0.254813 0.000132532
0.373154  2257.14 0.254813 0.000132509
0.375839  2257.52 0.254813 0.000132487
0.378523  2257.9 0.254813 0.000132464
0.381208  2258.29 0.254813 0.000132442
0.383893  2258.68 0.254813 0.000132418
0.386577  2259.08 0.254813 0.000132395
0.389262  2259.48 0.254813 0.000132372
0.391946  2259.89 0.254813 0.000132348
0.394631  2260.3 0.254813 0.000132324
0.397315  2260.71 0.254813 0.0001323
0.4  2261.13 0.254813 0.000132275
0.402685  2261.55 0.254813 0.000132251
0.405369  2261.98 0.254813 0.000132226
0.408054  2262.41 0.254813 0.000132201
0.410738  2262.84 0.254813 0.000132175
0.413423  2263.28 0.254813 0.00013215
0.418792  2264.17 0.254813 0.000132098
0.424161  2265.08 0.254813 0.000132045
0.42953  2266 0.254813 0.000131991
0.434899  2266.94 0.254813 0.000131936
0.440268  2267.9 0.254813 0.00013188
0.445638  2268.88 0.254813 0.000131823
0.451007  2269.88 0.254813 0.000131765
0.456376  2270.89 0.254813 0.000131707
0.461745  2271.93 0.254813 0.000131647
0.467114  2272.98 0.254813 0.000131586
0.472483  2274.05 0.254813 0.000131524
0.477852  2275.14 0.254813 0.000131461
0.483221  2276.25 0.254813 0.000131397
0.488591  2277.38 0.254813 0.000131332
0.49396  2278.53 0.254813 0.000131265
0.499329  2279.69 0.254813 0.000131198
0.504698  2280.88 0.254813 0.00013113
0.510067  2282.09 0.254813 0.00013106
0.515436  2283.32 0.254813 0.00013099
0.520805  2284.57 0.254813 0.000130918
0.526174  2285.84 0.254813 0.000130845
0.531544  2287.13 0.254813 0.000130772
0.536913  2288.44 0.254813 0.000130697
0.542282  2289.78 0.254813 0.00013062
0.547651  2291.13 0.254813 0.000130543
0.55302  2292.51 0.254813 0.000130465
0.558389  2293.9 0.254813 0.000130385
0.563758  2295.32 0.254813 0.000130305
0.569128  2296.76 0.254813 0.000130223
0.574497  2298.23 0.254813 0.00013014
0.579866  2299.71 0.254813 0.000130056
0.585235  2301.22 0.254813 0.000129971
0.590604  2302.75 0.254813 0.000129884
0.595973  2304.31 0.254813 0.000129797
0.601342  2305.88 0.254813 0.000129708
0.606711  2307.48 0.254813 0.000129618
0.612081  2309.1 0.254813 0.000129527
0.61745  2310.75 0.254813 0.000129435
0.622819  2312.42 0.254813 0.000129341
0.628188  2314.11 0.254813 0.000129247
0.633557  2315.83 0.254813 0.000129151
0.638926  2317.57 0.254813 0.000129054
0.644295  2319.33 0.254813 0.000128956
0.649664  2321.12 0.254813 0.000128857
0.655034  2322.93 0.254813 0.000128756
0.660403  2324.77 0.254813 0.000128655
0.665772  2326.63 0.254813 0.000128552
0.671141  2328.51 0.254813 0.000128448
0.67651  2330.42 0.254813 0.000128342
0.681879  2332.35 0.254813 0.000128236
0.687248  2334.31 0.254813 0.000128128
0.692617  2336.3 0.254813 0.00012802
0.697987  2338.3 0.254813 0.00012791
0.703356  2340.34 0.254813 0.000127799
0.708725  2342.39 0.254813 0.000127686
0.714094  2344.48 0.254813 0.000127573
0.719463  2346.58 0.254813 0.000127458
0.724832  2348.71 0.254813 0.000127343
0.730201  2350.87 0.254813 0.000127226
0.73557  2353.04 0.254813 0.000127109
0.74094  2355.24 0.254813 0.00012699
0.746309  2357.45 0.254813 0.000126871
0.751678  2359.67 0.254813 0.000126752
0.757047  2361.89 0.254813 0.000126632
0.762416  2364.11 0.254813 0.000126514
0.767785  2366.29 0.254813 0.000126397
0.773154  2368.4 0.254813 0.000126284
0.778523  2370.39 0.254813 0.000126178
0.783893  2372.18 0.254813 0.000126083
0.789262  2373.63 0.254813 0.000126006
0.794631  2374.52 0.254813 0.000125959
0.8  2374.52 0.254813 0.000125959
