TITLE="Graphics"
VARIABLES= "x", "T", "Y fr", "rho"
-0.0219919  293 0 0.000871523
-0.013745  293 -2.38296e-09 0.000871523
-0.0085906  293 -1.45211e-09 0.000871523
-0.00536913  293 -1.81572e-09 0.000871523
0  293 -8.05686e-10 0.000871523
0.00536913  293 -1.81571e-09 0.000871523
0.0107383  293 -8.05681e-10 0.000871523
0.0161074  293 -1.81571e-09 0.000871523
0.0214765  293 -8.05676e-10 0.000871523
0.0268456  293 -1.8157e-09 0.000871523
0.0322148  293 -8.05671e-10 0.000871523
0.0375839  293 -1.8157e-09 0.000871523
0.042953  293 -8.05668e-10 0.000871523
0.0483221  293 -1.8157e-09 0.000871523
0.0536913  293 -8.05665e-10 0.000871523
0.0590604  293 -1.81569e-09 0.000871523
0.0644295  293 -8.05662e-10 0.000871523
0.0697987  293 -1.81569e-09 0.000871523
0.0751678  293 -8.0566e-10 0.000871523
0.0805369  293 -1.81569e-09 0.000871523
0.085906  293 -8.0566e-10 0.000871523
0.0912752  293 -1.81568e-09 0.000871523
0.0966443  293 -8.0569e-10 0.000871523
0.102013  293 -1.81557e-09 0.000871523
0.107383  293 -8.06063e-10 0.000871523
0.112752  293 -1.8144e-09 0.000871523
0.118121  293 -8.09527e-10 0.000871523
0.12349  293 -1.80419e-09 0.000871523
0.128859  293 -8.41381e-10 0.000871523
0.134228  293 -1.69146e-09 0.000871522
0.139597  293.001 -1.29536e-09 0.000871521
0.144966  293.001 2.58774e-10 0.000871519
0.150336  293.003 -9.64153e-09 0.000871513
0.15302  293.005 5.65667e-09 0.000871508
0.155705  293.007 -2.09908e-08 0.000871501
0.158389  293.011 3.96873e-08 0.000871491
0.161074  293.016 -8.45931e-08 0.000871477
0.163758  293.022 1.6182e-07 0.000871458
0.166443  293.031 -3.03961e-07 0.000871432
0.169128  293.042 5.35701e-07 0.000871397
0.171812  293.058 -9.02803e-07 0.00087135
0.174497  293.079 1.43181e-06 0.00087129
0.177181  293.106 -2.14384e-06 0.000871207
0.179866  293.141 3.00263e-06 0.000871105
0.18255  293.186 -3.9265e-06 0.000870967
0.185235  293.244 4.75873e-06 0.000870799
0.187919  293.318 -5.33112e-06 0.000870576
0.190604  293.41 5.5023e-06 0.000870308
0.193289  293.525 -5.26516e-06 0.000869961
0.195973  293.668 4.75191e-06 0.000869543
0.198658  293.843 -4.20844e-06 0.000869021
0.201342  294.056 3.8235e-06 0.000868394
0.204027  294.314 -3.62153e-06 0.000867629
0.206711  294.624 3.42524e-06 0.00086672
0.209396  294.994 -3.04942e-06 0.00086563
0.212081  295.433 2.47442e-06 0.000864349
0.214765  295.949 -1.89919e-06 0.000862837
0.21745  296.555 1.49496e-06 0.000861075
0.220134  297.264 -1.21729e-06 0.00085902
0.222819  298.093 8.52795e-07 0.000856634
0.225503  299.062 -3.48935e-07 0.000853856
0.228188  300.204 -1.20432e-07 0.00085061
0.230872  301.562 4.09693e-07 0.000846779
0.233557  303.207 -6.57684e-07 0.000842183
0.236242  305.249 1.02164e-06 0.00083655
0.238926  307.863 -1.40113e-06 0.000829447
0.241611  311.33 1.61834e-06 0.000820213
0.244295  316.098 -1.79359e-06 0.000807839
0.24698  322.875 2.07137e-06 0.000790884
0.249664  332.754 -2.30718e-06 0.000767402
0.252349  347.366 2.40278e-06 0.000735123
0.255034  369.027 -2.56787e-06 0.000691971
0.257718  400.793 2.74343e-06 0.000637129
0.260403  446.316 -2.784e-06 0.000572142
0.263087  509.438 2.90288e-06 0.000501252
0.265772  593.63 -2.93543e-06 0.00043016
0.268456  701.535 4.0156e-06 0.000363998
0.271141  834.784 1.43399e-05 0.000305898
0.273826  993.916 0.000202329 0.000256949
0.27651  1177.77 0.00147207 0.000216996
0.279195  1381.37 0.00726033 0.000185631
0.281879  1592.51 0.0247824 0.000162662
0.284564  1791.05 0.0610425 0.000147749
0.287248  1955.53 0.112341 0.00013958
0.289933  2074.25 0.163075 0.000135818
0.292617  2150 0.201317 0.000134284
0.295302  2194.11 0.225506 0.000133683
0.297987  2218.35 0.23932 0.000133437
0.300671  2231.28 0.246779 0.000133325
0.303356  2238.1 0.25069 0.000133267
0.30604  2241.72 0.252708 0.000133232
0.308725  2243.69 0.253742 0.000133207
0.311409  2244.82 0.254269 0.000133187
0.314094  2245.53 0.254537 0.00013317
0.316779  2246.01 0.254673 0.000133153
0.319463  2246.39 0.254742 0.000133137
0.322148  2246.71 0.254777 0.000133121
0.324832  2247.01 0.254795 0.000133105
0.327517  2247.29 0.254804 0.000133089
0.330201  2247.57 0.254808 0.000133073
0.332886  2247.85 0.254811 0.000133056
0.33557  2248.14 0.254812 0.00013304
0.338255  2248.42 0.254812 0.000133023
0.34094  2248.71 0.254813 0.000133006
0.343624  2249 0.254813 0.000132989
0.346309  2249.29 0.254813 0.000132971
0.348993  2249.59 0.254813 0.000132954
0.351678  2249.89 0.254813 0.000132936
0.354362  2250.19 0.254813 0.000132918
0.357047  2250.5 0.254813 0.0001329
0.359732  2250.81 0.254813 0.000132882
0.362416  2251.12 0.254813 0.000132864
0.365101  2251.43 0.254813 0.000132845
0.367785  2251.75 0.254813 0.000132826
0.37047  2252.08 0.254813 0.000132807
0.373154  2252.4 0.254813 0.000132788
0.375839  2252.73 0.254813 0.000132768
0.378523  2253.07 0.254813 0.000132749
0.381208  2253.41 0.254813 0.000132729
0.383893  2253.75 0.254813 0.000132709
0.386577  2254.09 0.254813 0.000132688
0.389262  2254.44 0.254813 0.000132668
0.391946  2254.79 0.254813 0.000132647
0.394631  2255.15 0.254813 0.000132626
0.397315  2255.51 0.254813 0.000132605
0.4  2255.87 0.254813 0.000132584
0.402685  2256.24 0.254813 0.000132562
0.405369  2256.61 0.254813 0.00013254
0.408054  2256.98 0.254813 0.000132518
0.410738  2257.36 0.254813 0.000132496
0.413423  2257.74 0.254813 0.000132474
0.418792  2258.52 0.254813 0.000132428
0.424161  2259.31 0.254813 0.000132382
0.42953  2260.12 0.254813 0.000132335
0.434899  2260.94 0.254813 0.000132286
0.440268  2261.78 0.254813 0.000132237
0.445638  2262.63 0.254813 0.000132187
0.451007  2263.51 0.254813 0.000132136
0.456376  2264.4 0.254813 0.000132084
0.461745  2265.3 0.254813 0.000132032
0.467114  2266.23 0.254813 0.000131978
0.472483  2267.17 0.254813 0.000131923
0.477852  2268.13 0.254813 0.000131867
0.483221  2269.11 0.254813 0.00013181
0.488591  2270.1 0.254813 0.000131753
0.49396  2271.11 0.254813 0.000131694
0.499329  2272.14 0.254813 0.000131634
0.504698  2273.19 0.254813 0.000131573
0.510067  2274.26 0.254813 0.000131511
0.515436  2275.35 0.254813 0.000131449
0.520805  2276.46 0.254813 0.000131385
0.526174  2277.58 0.254813 0.00013132
0.531544  2278.73 0.254813 0.000131254
0.536913  2279.89 0.254813 0.000131187
0.542282  2281.08 0.254813 0.000131119
0.547651  2282.28 0.254813 0.000131049
0.55302  2283.51 0.254813 0.000130979
0.558389  2284.75 0.254813 0.000130908
0.563758  2286.02 0.254813 0.000130835
0.569128  2287.3 0.254813 0.000130762
0.574497  2288.61 0.254813 0.000130687
0.579866  2289.94 0.254813 0.000130611
0.585235  2291.28 0.254813 0.000130535
0.590604  2292.65 0.254813 0.000130457
0.595973  2294.04 0.254813 0.000130377
0.601342  2295.46 0.254813 0.000130297
0.606711  2296.89 0.254813 0.000130216
0.612081  2298.34 0.254813 0.000130134
0.61745  2299.82 0.254813 0.00013005
0.622819  2301.32 0.254813 0.000129965
0.628188  2302.84 0.254813 0.000129879
0.633557  2304.39 0.254813 0.000129792
0.638926  2305.95 0.254813 0.000129704
0.644295  2307.54 0.254813 0.000129615
0.649664  2309.15 0.254813 0.000129524
0.655034  2310.79 0.254813 0.000129433
0.660403  2312.44 0.254813 0.00012934
0.665772  2314.12 0.254813 0.000129246
0.671141  2315.83 0.254813 0.000129151
0.67651  2317.55 0.254813 0.000129055
0.681879  2319.3 0.254813 0.000128958
0.687248  2321.08 0.254813 0.000128859
0.692617  2322.87 0.254813 0.000128759
0.697987  2324.69 0.254813 0.000128659
0.703356  2326.54 0.254813 0.000128557
0.708725  2328.41 0.254813 0.000128453
0.714094  2330.3 0.254813 0.000128349
0.719463  2332.21 0.254813 0.000128244
0.724832  2334.15 0.254813 0.000128137
0.730201  2336.11 0.254813 0.00012803
0.73557  2338.09 0.254813 0.000127922
0.74094  2340.09 0.254813 0.000127812
0.746309  2342.1 0.254813 0.000127702
0.751678  2344.13 0.254813 0.000127592
0.757047  2346.16 0.254813 0.000127482
0.762416  2348.18 0.254813 0.000127372
0.767785  2350.17 0.254813 0.000127264
0.773154  2352.1 0.254813 0.000127159
0.778523  2353.92 0.254813 0.000127061
0.783893  2355.55 0.254813 0.000126973
0.789262  2356.88 0.254813 0.000126902
0.794631  2357.69 0.254813 0.000126858
0.8  2357.69 0.254813 0.000126858
