TITLE="Graphics"
VARIABLES= "x", "T", "Y fr", "rho"
-0.0219919  293 0 0.000871523
-0.013745  293 -2.38296e-09 0.000871523
-0.0085906  293 -1.45211e-09 0.000871523
-0.00536913  293 -1.81572e-09 0.000871523
0  293 -8.05686e-10 0.000871523
0.00536913  293 -1.81571e-09 0.000871523
0.0107383  293 -8.05681e-10 0.000871523
0.0161074  293 -1.81571e-09 0.000871523
0.0214765  293 -8.05677e-10 0.000871523
0.0268456  293 -1.8157e-09 0.000871523
0.0322148  293 -8.05673e-10 0.000871523
0.0375839  293 -1.8157e-09 0.000871523
0.042953  293 -8.0567e-10 0.000871523
0.0483221  293 -1.8157e-09 0.000871523
0.0536913  293 -8.05667e-10 0.000871523
0.0590604  293 -1.8157e-09 0.000871523
0.0644295  293 -8.05665e-10 0.000871523
0.0697987  293 -1.81569e-09 0.000871523
0.0751678  293 -8.05664e-10 0.000871523
0.0805369  293 -1.81569e-09 0.000871523
0.085906  293 -8.05662e-10 0.000871523
0.0912752  293 -1.81569e-09 0.000871523
0.0966443  293 -8.05661e-10 0.000871523
0.102013  293 -1.81568e-09 0.000871523
0.107383  293 -8.05686e-10 0.000871523
0.112752  293 -1.81558e-09 0.000871523
0.118121  293 -8.06057e-10 0.000871523
0.12349  293 -1.81436e-09 0.000871523
0.128859  293 -8.09695e-10 0.000871523
0.134228  293 -1.80433e-09 0.000871522
0.139597  293.001 -8.36137e-10 0.00087152
0.144966  293.002 -1.73002e-09 0.000871516
0.150336  293.006 -1.096e-09 0.000871506
0.15302  293.009 -8.25823e-10 0.000871497
0.155705  293.013 -1.67375e-09 0.000871484
0.158389  293.019 9.95559e-10 0.000871466
0.161074  293.028 -5.90927e-09 0.00087144
0.163758  293.04 1.08551e-08 0.000871404
0.166443  293.057 -2.75888e-08 0.000871355
0.169128  293.079 5.64768e-08 0.000871289
0.171812  293.109 -1.18854e-07 0.0008712
0.174497  293.148 2.29574e-07 0.000871082
0.177181  293.2 -4.28547e-07 0.000870927
0.179866  293.268 7.49292e-07 0.000870727
0.18255  293.355 -1.24078e-06 0.000870468
0.185235  293.466 1.9205e-06 0.00087014
0.187919  293.606 -2.77922e-06 0.000869722
0.190604  293.782 3.72683e-06 0.000869205
0.193289  294 -4.61646e-06 0.000868556
0.195973  294.268 5.24788e-06 0.00086777
0.198658  294.595 -5.47522e-06 0.000866802
0.201342  294.989 5.26996e-06 0.000865649
0.204027  295.461 -4.79312e-06 0.000864261
0.206711  296.022 4.2951e-06 0.000862629
0.209396  296.681 -3.97531e-06 0.000860707
0.212081  297.452 3.80484e-06 0.000858481
0.214765  298.345 -3.58671e-06 0.000855907
0.21745  299.374 3.14699e-06 0.000852968
0.220134  300.553 -2.56256e-06 0.000849622
0.222819  301.896 2.05609e-06 0.000845842
0.225503  303.425 -1.73283e-06 0.000841578
0.228188  305.166 1.42332e-06 0.000836778
0.230872  307.159 -9.6536e-07 0.000831348
0.233557  309.464 4.4985e-07 0.000825156
0.236242  312.179 -8.91192e-08 0.00081798
0.238926  315.46 -1.70047e-07 0.000809473
0.241611  319.561 5.22546e-07 0.000799084
0.244295  324.894 -9.3149e-07 0.000785967
0.24698  332.112 1.1899e-06 0.000768886
0.249664  342.237 -1.38587e-06 0.000746138
0.252349  356.809 1.68091e-06 0.000715667
0.255034  378.046 -1.91857e-06 0.000675462
0.257718  408.929 2.02667e-06 0.000624452
0.260403  453.099 -2.22772e-06 0.000563576
0.263087  514.5 2.36635e-06 0.00049632
0.265772  596.816 -2.36045e-06 0.000427864
0.268456  702.969 3.68094e-06 0.000363255
0.271141  834.854 1.51585e-05 0.000305872
0.273826  993.213 0.000199166 0.000257131
0.27651  1177.02 0.00143943 0.00021713
0.279195  1381.37 0.00710818 0.000185614
0.281879  1594.02 0.0243859 0.00016247
0.284564  1794.58 0.0603787 0.0001474
0.287248  1961.17 0.11159 0.000139114
0.289933  2081.7 0.162454 0.000135279
0.292617  2158.76 0.200901 0.000133703
0.295302  2203.72 0.225261 0.000133078
0.297987  2228.5 0.239187 0.000132817
0.300671  2241.77 0.24671 0.000132695
0.303356  2248.83 0.250655 0.000132628
0.30604  2252.64 0.252691 0.000132585
0.308725  2254.76 0.253733 0.000132553
0.311409  2256.03 0.254265 0.000132525
0.314094  2256.87 0.254535 0.0001325
0.316779  2257.49 0.254672 0.000132476
0.319463  2257.99 0.254742 0.000132453
0.322148  2258.45 0.254777 0.000132429
0.324832  2258.88 0.254795 0.000132406
0.327517  2259.29 0.254804 0.000132382
0.330201  2259.71 0.254808 0.000132358
0.332886  2260.12 0.254811 0.000132334
0.33557  2260.54 0.254812 0.00013231
0.338255  2260.96 0.254812 0.000132285
0.34094  2261.39 0.254813 0.00013226
0.343624  2261.81 0.254813 0.000132235
0.346309  2262.25 0.254813 0.00013221
0.348993  2262.68 0.254813 0.000132185
0.351678  2263.12 0.254813 0.000132159
0.354362  2263.57 0.254813 0.000132133
0.357047  2264.02 0.254813 0.000132107
0.359732  2264.47 0.254813 0.00013208
0.362416  2264.93 0.254813 0.000132053
0.365101  2265.39 0.254813 0.000132026
0.367785  2265.86 0.254813 0.000131999
0.37047  2266.33 0.254813 0.000131972
0.373154  2266.81 0.254813 0.000131944
0.375839  2267.29 0.254813 0.000131916
0.378523  2267.77 0.254813 0.000131888
0.381208  2268.26 0.254813 0.000131859
0.383893  2268.76 0.254813 0.00013183
0.386577  2269.26 0.254813 0.000131801
0.389262  2269.76 0.254813 0.000131772
0.391946  2270.27 0.254813 0.000131743
0.394631  2270.78 0.254813 0.000131713
0.397315  2271.3 0.254813 0.000131683
0.4  2271.83 0.254813 0.000131653
0.402685  2272.35 0.254813 0.000131622
0.405369  2272.89 0.254813 0.000131591
0.408054  2273.42 0.254813 0.00013156
0.410738  2273.97 0.254813 0.000131529
0.413423  2274.51 0.254813 0.000131497
0.418792  2275.62 0.254813 0.000131433
0.424161  2276.75 0.254813 0.000131368
0.42953  2277.9 0.254813 0.000131302
0.434899  2279.07 0.254813 0.000131234
0.440268  2280.26 0.254813 0.000131166
0.445638  2281.47 0.254813 0.000131096
0.451007  2282.7 0.254813 0.000131025
0.456376  2283.95 0.254813 0.000130954
0.461745  2285.22 0.254813 0.000130881
0.467114  2286.52 0.254813 0.000130807
0.472483  2287.83 0.254813 0.000130731
0.477852  2289.17 0.254813 0.000130655
0.483221  2290.53 0.254813 0.000130577
0.488591  2291.91 0.254813 0.000130499
0.49396  2293.32 0.254813 0.000130419
0.499329  2294.74 0.254813 0.000130338
0.504698  2296.19 0.254813 0.000130255
0.510067  2297.66 0.254813 0.000130172
0.515436  2299.16 0.254813 0.000130087
0.520805  2300.68 0.254813 0.000130002
0.526174  2302.22 0.254813 0.000129915
0.531544  2303.78 0.254813 0.000129826
0.536913  2305.37 0.254813 0.000129737
0.542282  2306.98 0.254813 0.000129646
0.547651  2308.61 0.254813 0.000129555
0.55302  2310.27 0.254813 0.000129462
0.558389  2311.96 0.254813 0.000129367
0.563758  2313.66 0.254813 0.000129272
0.569128  2315.4 0.254813 0.000129175
0.574497  2317.15 0.254813 0.000129077
0.579866  2318.93 0.254813 0.000128978
0.585235  2320.74 0.254813 0.000128878
0.590604  2322.57 0.254813 0.000128776
0.595973  2324.43 0.254813 0.000128673
0.601342  2326.31 0.254813 0.000128569
0.606711  2328.21 0.254813 0.000128464
0.612081  2330.15 0.254813 0.000128357
0.61745  2332.1 0.254813 0.00012825
0.622819  2334.09 0.254813 0.000128141
0.628188  2336.1 0.254813 0.00012803
0.633557  2338.13 0.254813 0.000127919
0.638926  2340.19 0.254813 0.000127806
0.644295  2342.28 0.254813 0.000127693
0.649664  2344.39 0.254813 0.000127577
0.655034  2346.53 0.254813 0.000127461
0.660403  2348.7 0.254813 0.000127344
0.665772  2350.89 0.254813 0.000127225
0.671141  2353.11 0.254813 0.000127105
0.67651  2355.36 0.254813 0.000126984
0.681879  2357.63 0.254813 0.000126861
0.687248  2359.93 0.254813 0.000126738
0.692617  2362.25 0.254813 0.000126613
0.697987  2364.6 0.254813 0.000126487
0.703356  2366.98 0.254813 0.00012636
0.708725  2369.39 0.254813 0.000126232
0.714094  2371.82 0.254813 0.000126102
0.719463  2374.28 0.254813 0.000125972
0.724832  2376.76 0.254813 0.00012584
0.730201  2379.27 0.254813 0.000125707
0.73557  2381.8 0.254813 0.000125574
0.74094  2384.35 0.254813 0.000125439
0.746309  2386.92 0.254813 0.000125304
0.751678  2389.5 0.254813 0.000125169
0.757047  2392.08 0.254813 0.000125034
0.762416  2394.65 0.254813 0.0001249
0.767785  2397.18 0.254813 0.000124768
0.773154  2399.63 0.254813 0.000124641
0.778523  2401.93 0.254813 0.000124521
0.783893  2404 0.254813 0.000124414
0.789262  2405.68 0.254813 0.000124327
0.794631  2406.71 0.254813 0.000124274
0.8  2406.71 0.254813 0.000124274
