TITLE="Graphics"
VARIABLES= "x", "T", "Y fr", "rho"
-0.0219919  293 0 0.000871523
-0.013745  293 -1.25674e-07 0.000871523
-0.0085906  293 -7.65827e-08 0.000871523
-0.00536913  293 -9.5759e-08 0.000871523
0  293 -4.24914e-08 0.000871523
0.00536913  293 -9.5759e-08 0.000871523
0.0107383  293 -4.24914e-08 0.000871523
0.0161074  293 -9.5759e-08 0.000871523
0.0214765  293 -4.24914e-08 0.000871523
0.0268456  293 -9.5759e-08 0.000871523
0.0322148  293 -4.24914e-08 0.000871523
0.0375839  293 -9.5759e-08 0.000871523
0.042953  293 -4.24914e-08 0.000871523
0.0483221  293 -9.5759e-08 0.000871523
0.0536913  293 -4.24914e-08 0.000871523
0.0590604  293 -9.5759e-08 0.000871523
0.0644295  293 -4.24914e-08 0.000871523
0.0697987  293 -9.5759e-08 0.000871523
0.0751678  293 -4.24914e-08 0.000871523
0.0805369  293 -9.5759e-08 0.000871523
0.085906  293 -4.24914e-08 0.000871523
0.0912752  293 -9.5759e-08 0.000871523
0.0966443  293 -4.24914e-08 0.000871523
0.102013  293 -9.5759e-08 0.000871523
0.107383  293 -4.24914e-08 0.000871523
0.112752  293 -9.5759e-08 0.000871523
0.118121  293 -4.24913e-08 0.000871523
0.12349  293 -9.5759e-08 0.000871523
0.128859  293 -4.24913e-08 0.000871523
0.134228  293 -9.5759e-08 0.000871523
0.139597  293 -4.24912e-08 0.000871523
0.144966  293 -9.57595e-08 0.000871523
0.150336  293.001 -4.249e-08 0.000871521
0.15302  293.002 -5.58084e-08 0.000871516
0.155705  293.006 -4.24901e-08 0.000871507
0.158389  293.012 -5.58093e-08 0.000871488
0.161074  293.023 -4.24899e-08 0.000871456
0.163758  293.042 -5.58094e-08 0.000871399
0.166443  293.073 -4.24909e-08 0.000871305
0.169128  293.125 -5.58065e-08 0.000871151
0.171812  293.206 -4.25014e-08 0.00087091
0.174497  293.331 -5.57626e-08 0.00087054
0.177181  293.516 -4.26767e-08 0.000869991
0.179866  293.785 -5.51293e-08 0.000869195
0.18255  294.164 -4.47615e-08 0.000868074
0.185235  294.686 -4.87789e-08 0.000866536
0.187919  295.387 -6.28304e-08 0.000864481
0.190604  296.304 -6.41479e-10 0.000861804
0.193289  297.478 -1.82521e-07 0.000858404
0.195973  298.945 2.75105e-07 0.000854191
0.198658  300.741 -7.64809e-07 0.000849091
0.201342  302.893 1.38462e-06 0.000843059
0.204027  305.423 -2.62506e-06 0.000836073
0.206711  308.344 3.99912e-06 0.000828155
0.209396  311.662 -5.33397e-06 0.000819335
0.212081  315.373 4.89889e-06 0.000809699
0.214765  319.466 -9.58983e-07 0.000799323
0.21745  323.925 -9.12836e-06 0.000788316
0.220134  328.728 2.58651e-05 0.000776812
0.222819  333.852 -4.76377e-05 0.000764857
0.225503  339.271 6.9115e-05 0.000752692
0.228188  344.957 -8.54738e-05 0.00074022
0.230872  350.884 9.47927e-05 0.00072779
0.233557  357.028 -0.000101055 0.000715186
0.236242  363.367 0.000108738 0.000702794
0.238926  369.885 -0.000118796 0.00069032
0.241611  376.574 0.000126729 0.000678153
0.244295  383.446 -0.000130485 0.000665901
0.24698  390.55 0.000132806 0.000653888
0.249664  398.005 -0.000137679 0.00064154
0.252349  406.083 0.000142788 0.000628879
0.255034  415.357 -0.000144864 0.000614736
0.257718  426.999 0.000145917 0.000598076
0.260403  443.322 -0.000148963 0.000575957
0.263087  468.665 0.00015189 0.000544907
0.265772  510.521 -0.000151508 0.000500145
0.268456  580.166 0.000154087 0.000440182
0.271141  691.53 -0.000153997 0.00036923
0.273826  857.789 0.000164195 0.000297719
0.27651  1087.68 1.34981e-05 0.000234773
0.279195  1381.37 0.00228957 0.0001851
0.281879  1720.11 0.0142664 0.000149679
0.284564  2055.52 0.052974 0.000128124
0.287248  2330.22 0.113606 0.000117227
0.289933  2517.75 0.17025 0.000112404
0.292617  2628.98 0.209039 0.000110371
0.295302  2689.3 0.231404 0.000109493
0.297987  2720.5 0.243192 0.000109088
0.300671  2736.41 0.24913 0.000108885
0.303356  2744.62 0.252055 0.000108772
0.30604  2749.05 0.253479 0.000108701
0.308725  2751.63 0.254169 0.000108649
0.311409  2753.32 0.254503 0.000108607
0.314094  2754.59 0.254664 0.000108569
0.316779  2755.65 0.254741 0.000108532
0.319463  2756.61 0.254778 0.000108497
0.322148  2757.53 0.254796 0.000108462
0.324832  2758.44 0.254805 0.000108427
0.327517  2759.33 0.254809 0.000108392
0.330201  2760.23 0.254811 0.000108357
0.332886  2761.13 0.254812 0.000108322
0.33557  2762.03 0.254813 0.000108287
0.338255  2762.94 0.254813 0.000108251
0.34094  2763.85 0.254813 0.000108216
0.343624  2764.76 0.254813 0.00010818
0.346309  2765.68 0.254813 0.000108144
0.348993  2766.61 0.254813 0.000108108
0.351678  2767.54 0.254813 0.000108071
0.354362  2768.48 0.254813 0.000108035
0.357047  2769.42 0.254813 0.000107998
0.359732  2770.36 0.254813 0.000107961
0.362416  2771.31 0.254813 0.000107924
0.365101  2772.27 0.254813 0.000107887
0.367785  2773.23 0.254813 0.000107849
0.37047  2774.2 0.254813 0.000107812
0.373154  2775.17 0.254813 0.000107774
0.375839  2776.15 0.254813 0.000107736
0.378523  2777.13 0.254813 0.000107698
0.381208  2778.12 0.254813 0.00010766
0.383893  2779.11 0.254813 0.000107621
0.386577  2780.11 0.254813 0.000107583
0.389262  2781.11 0.254813 0.000107544
0.391946  2782.12 0.254813 0.000107505
0.394631  2783.13 0.254813 0.000107466
0.397315  2784.15 0.254813 0.000107427
0.4  2785.17 0.254813 0.000107387
0.402685  2786.2 0.254813 0.000107347
0.405369  2787.24 0.254813 0.000107307
0.408054  2788.28 0.254813 0.000107267
0.410738  2789.33 0.254813 0.000107227
0.413423  2790.38 0.254813 0.000107187
0.418792  2792.5 0.254813 0.000107105
0.424161  2794.64 0.254813 0.000107023
0.42953  2796.81 0.254813 0.00010694
0.434899  2799 0.254813 0.000106857
0.440268  2801.21 0.254813 0.000106772
0.445638  2803.44 0.254813 0.000106687
0.451007  2805.7 0.254813 0.000106601
0.456376  2807.98 0.254813 0.000106515
0.461745  2810.29 0.254813 0.000106427
0.467114  2812.62 0.254813 0.000106339
0.472483  2814.97 0.254813 0.00010625
0.477852  2817.34 0.254813 0.000106161
0.483221  2819.74 0.254813 0.00010607
0.488591  2822.17 0.254813 0.000105979
0.49396  2824.62 0.254813 0.000105887
0.499329  2827.09 0.254813 0.000105795
0.504698  2829.59 0.254813 0.000105701
0.510067  2832.11 0.254813 0.000105607
0.515436  2834.66 0.254813 0.000105512
0.520805  2837.24 0.254813 0.000105417
0.526174  2839.83 0.254813 0.00010532
0.531544  2842.46 0.254813 0.000105223
0.536913  2845.1 0.254813 0.000105125
0.542282  2847.78 0.254813 0.000105026
0.547651  2850.48 0.254813 0.000104927
0.55302  2853.2 0.254813 0.000104827
0.558389  2855.95 0.254813 0.000104726
0.563758  2858.72 0.254813 0.000104624
0.569128  2861.53 0.254813 0.000104522
0.574497  2864.35 0.254813 0.000104419
0.579866  2867.2 0.254813 0.000104315
0.585235  2870.08 0.254813 0.00010421
0.590604  2872.98 0.254813 0.000104105
0.595973  2875.91 0.254813 0.000103999
0.601342  2878.87 0.254813 0.000103892
0.606711  2881.85 0.254813 0.000103785
0.612081  2884.85 0.254813 0.000103677
0.61745  2887.89 0.254813 0.000103568
0.622819  2890.95 0.254813 0.000103458
0.628188  2894.03 0.254813 0.000103348
0.633557  2897.14 0.254813 0.000103237
0.638926  2900.29 0.254813 0.000103125
0.644295  2903.45 0.254813 0.000103012
0.649664  2906.65 0.254813 0.000102899
0.655034  2909.87 0.254813 0.000102785
0.660403  2913.13 0.254813 0.00010267
0.665772  2916.41 0.254813 0.000102555
0.671141  2919.72 0.254813 0.000102438
0.67651  2923.07 0.254813 0.000102321
0.681879  2926.45 0.254813 0.000102203
0.687248  2929.86 0.254813 0.000102084
0.692617  2933.3 0.254813 0.000101964
0.697987  2936.79 0.254813 0.000101843
0.703356  2940.3 0.254813 0.000101721
0.708725  2943.86 0.254813 0.000101598
0.714094  2947.46 0.254813 0.000101474
0.719463  2951.1 0.254813 0.000101349
0.724832  2954.78 0.254813 0.000101223
0.730201  2958.51 0.254813 0.000101095
0.73557  2962.28 0.254813 0.000100967
0.74094  2966.1 0.254813 0.000100837
0.746309  2969.97 0.254813 0.000100705
0.751678  2973.89 0.254813 0.000100572
0.757047  2977.85 0.254813 0.000100439
0.762416  2981.85 0.254813 0.000100304
0.767785  2985.87 0.254813 0.000100169
0.773154  2989.86 0.254813 0.000100035
0.778523  2993.77 0.254813 9.99048e-05
0.783893  2997.44 0.254813 9.97825e-05
0.789262  3000.59 0.254813 9.96777e-05
0.794631  3002.69 0.254813 9.9608e-05
0.8  3002.69 0.254813 9.9608e-05
