TITLE="Graphics"
VARIABLES= "x", "T", "Y fr", "rho"
-0.0219919  293 0 0.000871523
-0.013745  293 -2.38296e-09 0.000871523
-0.0085906  293 -1.45211e-09 0.000871523
-0.00536913  293 -1.81572e-09 0.000871523
0  293 -8.05686e-10 0.000871523
0.00536913  293 -1.81571e-09 0.000871523
0.0107383  293 -8.0568e-10 0.000871523
0.0161074  293 -1.81571e-09 0.000871523
0.0214765  293 -8.05675e-10 0.000871523
0.0268456  293 -1.8157e-09 0.000871523
0.0322148  293 -8.05669e-10 0.000871523
0.0375839  293 -1.8157e-09 0.000871523
0.042953  293 -8.05665e-10 0.000871523
0.0483221  293 -1.81569e-09 0.000871523
0.0536913  293 -8.05661e-10 0.000871523
0.0590604  293 -1.81569e-09 0.000871523
0.0644295  293 -8.05667e-10 0.000871523
0.0697987  293 -1.81565e-09 0.000871523
0.0751678  293 -8.0578e-10 0.000871523
0.0805369  293 -1.81526e-09 0.000871523
0.085906  293 -8.07067e-10 0.000871523
0.0912752  293 -1.81079e-09 0.000871523
0.0966443  293 -8.23281e-10 0.000871523
0.102013  293 -1.74979e-09 0.000871523
0.107383  293 -1.05656e-09 0.000871523
0.112752  293 -8.63229e-10 0.000871523
0.118121  293 -4.3417e-09 0.000871523
0.12349  293 1.08426e-08 0.000871523
0.128859  293 -4.405e-08 0.000871523
0.134228  293 1.3801e-07 0.000871523
0.139597  293 -4.25327e-07 0.000871522
0.144966  293 1.19733e-06 0.000871522
0.150336  293.001 -3.11434e-06 0.000871519
0.15302  293.001 2.52324e-07 0.000871519
0.155705  293.002 -2.89574e-06 0.000871516
0.158389  293.003 2.58759e-06 0.000871517
0.161074  293.004 -4.04667e-06 0.00087151
0.163758  293.005 4.53962e-06 0.00087151
0.166443  293.007 -5.30617e-06 0.000871499
0.169128  293.01 5.50979e-06 0.000871497
0.171812  293.013 -5.44117e-06 0.000871482
0.174497  293.018 4.97901e-06 0.000871473
0.177181  293.023 -4.36791e-06 0.000871451
0.179866  293.031 3.77433e-06 0.000871433
0.18255  293.041 -3.36908e-06 0.0008714
0.185235  293.053 3.13765e-06 0.000871367
0.187919  293.069 -2.94395e-06 0.000871316
0.190604  293.089 2.60151e-06 0.000871259
0.193289  293.115 -2.06213e-06 0.000871182
0.195973  293.146 1.44145e-06 0.000871089
0.198658  293.186 -9.40267e-07 0.00087097
0.201342  293.235 6.23017e-07 0.000870825
0.204027  293.296 -3.73568e-07 0.000870645
0.206711  293.37 9.55174e-09 0.000870423
0.209396  293.462 4.72858e-07 0.00087015
0.212081  293.576 -9.10571e-07 0.000869814
0.214765  293.715 1.16864e-06 0.000869401
0.21745  293.888 -1.34715e-06 0.000868888
0.220134  294.104 1.61524e-06 0.000868252
0.222819  294.377 -1.97097e-06 0.000867445
0.225503  294.728 2.22711e-06 0.000866415
0.228188  295.188 -2.34055e-06 0.000865062
0.230872  295.807 2.47065e-06 0.000863253
0.233557  296.664 -2.71043e-06 0.000860758
0.236242  297.882 2.89986e-06 0.00085724
0.238926  299.661 -2.95657e-06 0.00085215
0.241611  302.315 3.03032e-06 0.000844671
0.244295  306.346 -3.20083e-06 0.000833555
0.24698  312.532 3.29043e-06 0.000817057
0.249664  322.065 -3.29576e-06 0.000792871
0.252349  336.693 3.3879e-06 0.000758427
0.255034  358.853 -3.47566e-06 0.000711588
0.257718  391.689 3.4539e-06 0.000651938
0.260403  438.843 -3.52633e-06 0.000581884
0.263087  504.011 3.55891e-06 0.000506649
0.265772  590.388 -3.50335e-06 0.000432522
0.268456  700.287 4.55178e-06 0.000364646
0.271141  835.039 1.36903e-05 0.000305804
0.273826  994.962 0.000207271 0.00025668
0.27651  1178.76 0.00151524 0.00021682
0.279195  1381.37 0.00745018 0.000185651
0.281879  1590.66 0.0252612 0.000162896
0.284564  1786.78 0.0618229 0.000148171
0.287248  1948.76 0.113203 0.000140139
0.289933  2065.38 0.163774 0.000136462
0.292617  2139.61 0.201776 0.000134976
0.295302  2182.73 0.22577 0.000134403
0.297987  2206.35 0.23946 0.000134175
0.300671  2218.87 0.24685 0.000134077
0.303356  2225.4 0.250724 0.000134031
0.30604  2228.79 0.252724 0.000134007
0.308725  2230.56 0.253749 0.000133992
0.311409  2231.5 0.254272 0.000133983
0.314094  2232.03 0.254538 0.000133975
0.316779  2232.33 0.254673 0.000133969
0.319463  2232.53 0.254742 0.000133963
0.322148  2232.67 0.254777 0.000133958
0.324832  2232.79 0.254795 0.000133953
0.327517  2232.89 0.254804 0.000133947
0.330201  2232.99 0.254808 0.000133942
0.332886  2233.08 0.254811 0.000133936
0.33557  2233.18 0.254812 0.000133931
0.338255  2233.27 0.254812 0.000133925
0.34094  2233.37 0.254813 0.00013392
0.343624  2233.46 0.254813 0.000133914
0.346309  2233.56 0.254813 0.000133908
0.348993  2233.66 0.254813 0.000133902
0.351678  2233.76 0.254813 0.000133896
0.354362  2233.86 0.254813 0.00013389
0.357047  2233.96 0.254813 0.000133884
0.359732  2234.07 0.254813 0.000133878
0.362416  2234.17 0.254813 0.000133871
0.365101  2234.28 0.254813 0.000133865
0.367785  2234.39 0.254813 0.000133858
0.37047  2234.5 0.254813 0.000133852
0.373154  2234.61 0.254813 0.000133845
0.375839  2234.72 0.254813 0.000133838
0.378523  2234.84 0.254813 0.000133832
0.381208  2234.95 0.254813 0.000133825
0.383893  2235.07 0.254813 0.000133818
0.386577  2235.19 0.254813 0.00013381
0.389262  2235.31 0.254813 0.000133803
0.391946  2235.43 0.254813 0.000133796
0.394631  2235.56 0.254813 0.000133789
0.397315  2235.68 0.254813 0.000133781
0.4  2235.81 0.254813 0.000133773
0.402685  2235.94 0.254813 0.000133766
0.405369  2236.07 0.254813 0.000133758
0.408054  2236.2 0.254813 0.00013375
0.410738  2236.33 0.254813 0.000133742
0.413423  2236.47 0.254813 0.000133734
0.418792  2236.75 0.254813 0.000133717
0.424161  2237.03 0.254813 0.0001337
0.42953  2237.32 0.254813 0.000133683
0.434899  2237.62 0.254813 0.000133665
0.440268  2237.93 0.254813 0.000133647
0.445638  2238.24 0.254813 0.000133628
0.451007  2238.57 0.254813 0.000133609
0.456376  2238.9 0.254813 0.000133589
0.461745  2239.24 0.254813 0.000133569
0.467114  2239.58 0.254813 0.000133548
0.472483  2239.94 0.254813 0.000133527
0.477852  2240.31 0.254813 0.000133505
0.483221  2240.68 0.254813 0.000133483
0.488591  2241.06 0.254813 0.00013346
0.49396  2241.46 0.254813 0.000133436
0.499329  2241.86 0.254813 0.000133412
0.504698  2242.27 0.254813 0.000133388
0.510067  2242.69 0.254813 0.000133363
0.515436  2243.12 0.254813 0.000133337
0.520805  2243.56 0.254813 0.000133311
0.526174  2244.01 0.254813 0.000133284
0.531544  2244.48 0.254813 0.000133257
0.536913  2244.95 0.254813 0.000133229
0.542282  2245.43 0.254813 0.0001332
0.547651  2245.93 0.254813 0.000133171
0.55302  2246.43 0.254813 0.000133141
0.558389  2246.95 0.254813 0.00013311
0.563758  2247.48 0.254813 0.000133079
0.569128  2248.02 0.254813 0.000133047
0.574497  2248.57 0.254813 0.000133014
0.579866  2249.13 0.254813 0.000132981
0.585235  2249.71 0.254813 0.000132947
0.590604  2250.3 0.254813 0.000132912
0.595973  2250.9 0.254813 0.000132877
0.601342  2251.51 0.254813 0.00013284
0.606711  2252.14 0.254813 0.000132803
0.612081  2252.78 0.254813 0.000132766
0.61745  2253.43 0.254813 0.000132727
0.622819  2254.1 0.254813 0.000132688
0.628188  2254.77 0.254813 0.000132648
0.633557  2255.47 0.254813 0.000132607
0.638926  2256.17 0.254813 0.000132566
0.644295  2256.9 0.254813 0.000132523
0.649664  2257.63 0.254813 0.00013248
0.655034  2258.38 0.254813 0.000132436
0.660403  2259.14 0.254813 0.000132392
0.665772  2259.92 0.254813 0.000132346
0.671141  2260.72 0.254813 0.0001323
0.67651  2261.52 0.254813 0.000132252
0.681879  2262.35 0.254813 0.000132204
0.687248  2263.19 0.254813 0.000132155
0.692617  2264.04 0.254813 0.000132105
0.697987  2264.91 0.254813 0.000132055
0.703356  2265.79 0.254813 0.000132003
0.708725  2266.7 0.254813 0.00013195
0.714094  2267.61 0.254813 0.000131897
0.719463  2268.55 0.254813 0.000131843
0.724832  2269.49 0.254813 0.000131788
0.730201  2270.46 0.254813 0.000131732
0.73557  2271.44 0.254813 0.000131675
0.74094  2272.43 0.254813 0.000131618
0.746309  2273.43 0.254813 0.00013156
0.751678  2274.45 0.254813 0.000131501
0.757047  2275.47 0.254813 0.000131442
0.762416  2276.49 0.254813 0.000131383
0.767785  2277.5 0.254813 0.000131325
0.773154  2278.48 0.254813 0.000131268
0.778523  2279.41 0.254813 0.000131215
0.783893  2280.24 0.254813 0.000131167
0.789262  2280.92 0.254813 0.000131128
0.794631  2281.34 0.254813 0.000131103
0.8  2281.34 0.254813 0.000131103
