TITLE="Graphics"
VARIABLES= "x", "T", "Y fr", "rho"
-0.0219919  293 0 0.000871523
-0.013745  293 -2.38296e-09 0.000871523
-0.0085906  293 -1.45211e-09 0.000871523
-0.00536913  293 -1.81572e-09 0.000871523
0  293 -8.05692e-10 0.000871523
0.00536913  293 -1.81572e-09 0.000871523
0.0107383  293 -8.0569e-10 0.000871523
0.0161074  293 -1.81572e-09 0.000871523
0.0214765  293 -8.05688e-10 0.000871523
0.0268456  293 -1.81572e-09 0.000871523
0.0322148  293 -8.05687e-10 0.000871523
0.0375839  293 -1.81572e-09 0.000871523
0.042953  293 -8.05685e-10 0.000871523
0.0483221  293 -1.81571e-09 0.000871523
0.0536913  293 -8.05683e-10 0.000871523
0.0590604  293 -1.81571e-09 0.000871523
0.0644295  293 -8.05682e-10 0.000871523
0.0697987  293 -1.81571e-09 0.000871523
0.0751678  293 -8.0568e-10 0.000871523
0.0805369  293 -1.81571e-09 0.000871523
0.085906  293 -8.05678e-10 0.000871523
0.0912752  293 -1.81571e-09 0.000871523
0.0966443  293 -8.05676e-10 0.000871523
0.102013  293 -1.81571e-09 0.000871523
0.107383  293 -8.05675e-10 0.000871523
0.112752  293 -1.8157e-09 0.000871523
0.118121  293 -8.05673e-10 0.000871523
0.12349  293 -1.8157e-09 0.000871523
0.128859  293 -8.05671e-10 0.000871523
0.134228  293 -1.8157e-09 0.000871523
0.139597  293 -8.05669e-10 0.000871523
0.144966  293.003 -1.8157e-09 0.000871514
0.150336  293.065 -8.05667e-10 0.000871331
0.15302  293.348 -1.05817e-09 0.000870488
0.155705  293.928 -8.05666e-10 0.000868773
0.158389  294.97 -1.05817e-09 0.000865701
0.161074  296.675 -8.05664e-10 0.000860728
0.163758  299.242 -1.05817e-09 0.000853343
0.166443  302.848 -8.05662e-10 0.000843182
0.169128  307.613 -1.05818e-09 0.000830122
0.171812  313.585 -8.05668e-10 0.000814312
0.174497  320.743 -1.05804e-09 0.000796139
0.177181  329.005 -8.0506e-10 0.000776147
0.179866  338.249 -1.05681e-09 0.000754935
0.18255  348.336 -8.03975e-10 0.000733075
0.185235  359.121 -1.05836e-09 0.000711059
0.187919  370.471 -8.08037e-10 0.000689275
0.190604  382.266 -1.04e-09 0.000668007
0.193289  394.404 -6.51743e-10 0.000647448
0.195973  406.802 -3.5425e-10 0.000627717
0.198658  419.391 1.56796e-09 0.000608874
0.201342  432.118 5.83365e-09 0.000590941
0.204027  444.942 1.6755e-08 0.000573909
0.206711  457.83 4.00383e-08 0.000557753
0.209396  470.759 8.84104e-08 0.000542436
0.212081  483.709 1.81155e-07 0.000527913
0.214765  496.669 3.52739e-07 0.000514138
0.21745  509.629 6.54591e-07 0.000501063
0.220134  522.583 1.16788e-06 0.000488643
0.222819  535.527 2.01044e-06 0.000476833
0.225503  548.46 3.35417e-06 0.000465589
0.228188  561.383 5.4379e-06 0.000454871
0.230872  574.301 8.59216e-06 0.000444641
0.233557  587.22 1.32609e-05 0.000434859
0.236242  600.154 2.00286e-05 0.000425489
0.238926  613.123 2.96673e-05 0.000416491
0.241611  626.165 4.31194e-05 0.00040782
0.244295  639.341 6.17183e-05 0.00039942
0.24698  652.76 8.67278e-05 0.000391214
0.249664  666.607 0.000120737 0.000383095
0.252349  681.207 0.000164485 0.000374894
0.255034  697.112 0.000224149 0.000366353
0.257718  715.26 0.000296844 0.000357073
0.260403  737.208 0.000397886 0.000346462
0.263087  765.465 0.000516279 0.000333695
0.265772  803.903 0.000684256 0.00031777
0.268456  858.121 0.000891805 0.000297729
0.271141  935.467 0.00122011 0.000273163
0.273826  1044.29 0.00179502 0.000244777
0.27651  1191.99 0.00321066 0.000214622
0.279195  1381.37 0.00722866 0.000185627
0.281879  1605.49 0.0184205 0.000160751
0.284564  1843.69 0.0437089 0.000142066
0.287248  2065.57 0.0857262 0.000130021
0.289933  2245.04 0.135275 0.000123315
0.292617  2372.53 0.178908 0.000119945
0.295302  2454.42 0.210131 0.000118305
0.297987  2503.74 0.229726 0.000117477
0.300671  2532.6 0.24111 0.000117019
0.303356  2549.56 0.247442 0.000116733
0.30604  2559.89 0.250882 0.00011653
0.308725  2566.63 0.252726 0.000116368
0.311409  2571.45 0.253708 0.000116226
0.314094  2575.25 0.254229 0.000116095
0.316779  2578.54 0.254505 0.000115969
0.319463  2581.56 0.25465 0.000115844
0.322148  2584.45 0.254727 0.000115721
0.324832  2587.3 0.254768 0.000115596
0.327517  2590.14 0.254789 0.000115471
0.330201  2592.99 0.2548 0.000115345
0.332886  2595.88 0.254806 0.000115217
0.33557  2598.8 0.25481 0.000115088
0.338255  2601.77 0.254811 0.000114957
0.34094  2604.79 0.254812 0.000114824
0.343624  2607.86 0.254812 0.000114689
0.346309  2610.99 0.254813 0.000114551
0.348993  2614.18 0.254813 0.000114411
0.351678  2617.44 0.254813 0.000114269
0.354362  2620.77 0.254813 0.000114124
0.357047  2624.17 0.254813 0.000113976
0.359732  2627.66 0.254813 0.000113824
0.362416  2631.22 0.254813 0.00011367
0.365101  2634.87 0.254813 0.000113513
0.367785  2638.61 0.254813 0.000113352
0.37047  2642.44 0.254813 0.000113187
0.373154  2646.37 0.254813 0.000113019
0.375839  2650.4 0.254813 0.000112848
0.378523  2654.53 0.254813 0.000112672
0.381208  2658.76 0.254813 0.000112493
0.383893  2663.1 0.254813 0.00011231
0.386577  2667.55 0.254813 0.000112122
0.389262  2672.1 0.254813 0.000111931
0.391946  2676.76 0.254813 0.000111736
0.394631  2681.54 0.254813 0.000111537
0.397315  2686.42 0.254813 0.000111335
0.4  2691.4 0.254813 0.000111129
0.402685  2696.49 0.254813 0.000110919
0.405369  2701.69 0.254813 0.000110705
0.408054  2706.98 0.254813 0.000110489
0.410738  2712.37 0.254813 0.00011027
0.413423  2717.84 0.254813 0.000110048
0.418792  2729.04 0.254813 0.000109596
0.424161  2740.51 0.254813 0.000109137
0.42953  2752.18 0.254813 0.000108675
0.434899  2763.95 0.254813 0.000108212
0.440268  2775.71 0.254813 0.000107753
0.445638  2787.34 0.254813 0.000107303
0.451007  2798.7 0.254813 0.000106868
0.456376  2809.61 0.254813 0.000106453
0.461745  2819.91 0.254813 0.000106064
0.467114  2829.38 0.254813 0.000105709
0.472483  2837.82 0.254813 0.000105395
0.477852  2845 0.254813 0.000105129
0.483221  2850.67 0.254813 0.00010492
0.488591  2854.59 0.254813 0.000104776
0.49396  2856.5 0.254813 0.000104706
0.499329  2856.14 0.254813 0.000104719
0.504698  2853.28 0.254813 0.000104824
0.510067  2847.71 0.254813 0.000105029
0.515436  2839.23 0.254813 0.000105343
0.520805  2827.72 0.254813 0.000105771
0.526174  2813.11 0.254813 0.000106321
0.531544  2795.43 0.254813 0.000106993
0.536913  2774.82 0.254813 0.000107788
0.542282  2751.53 0.254813 0.0001087
0.547651  2725.95 0.254813 0.00010972
0.55302  2698.59 0.254813 0.000110832
0.558389  2670.11 0.254813 0.000112015
0.563758  2641.23 0.254813 0.00011324
0.569128  2612.74 0.254813 0.000114474
0.574497  2585.42 0.254813 0.000115684
0.579866  2559.98 0.254813 0.000116833
0.585235  2537.04 0.254813 0.00011789
0.590604  2517.02 0.254813 0.000118828
0.595973  2500.18 0.254813 0.000119628
0.601342  2486.61 0.254813 0.000120281
0.606711  2476.21 0.254813 0.000120786
0.612081  2468.77 0.254813 0.00012115
0.61745  2463.97 0.254813 0.000121386
0.622819  2461.45 0.254813 0.00012151
0.628188  2460.83 0.254813 0.000121541
0.633557  2461.73 0.254813 0.000121497
0.638926  2463.8 0.254813 0.000121394
0.644295  2466.72 0.254813 0.000121251
0.649664  2470.22 0.254813 0.000121079
0.655034  2474.07 0.254813 0.00012089
0.660403  2478.08 0.254813 0.000120695
0.665772  2482.1 0.254813 0.0001205
0.671141  2486 0.254813 0.00012031
0.67651  2489.72 0.254813 0.000120131
0.681879  2493.18 0.254813 0.000119964
0.687248  2496.36 0.254813 0.000119811
0.692617  2499.22 0.254813 0.000119674
0.697987  2501.77 0.254813 0.000119552
0.703356  2504.01 0.254813 0.000119445
0.708725  2505.96 0.254813 0.000119352
0.714094  2507.63 0.254813 0.000119273
0.719463  2509.05 0.254813 0.000119205
0.724832  2510.24 0.254813 0.000119149
0.730201  2511.23 0.254813 0.000119102
0.73557  2512.04 0.254813 0.000119063
0.74094  2512.7 0.254813 0.000119032
0.746309  2513.24 0.254813 0.000119006
0.751678  2513.67 0.254813 0.000118986
0.757047  2514 0.254813 0.00011897
0.762416  2514.27 0.254813 0.000118958
0.767785  2514.47 0.254813 0.000118948
0.773154  2514.63 0.254813 0.000118941
0.778523  2514.75 0.254813 0.000118935
0.783893  2514.84 0.254813 0.000118931
0.789262  2514.9 0.254813 0.000118928
0.794631  2514.94 0.254813 0.000118926
0.8  2514.94 0.254813 0.000118926
