TITLE="Graphics"
VARIABLES= "x", "T", "Y fr", "rho"
-0.0219919  293 0 0.000871523
-0.013745  293 -2.38296e-09 0.000871523
-0.0085906  293 -1.45211e-09 0.000871523
-0.00536913  293 -1.81572e-09 0.000871523
0  293 -8.05702e-10 0.000871523
0.00536913  293 -1.81565e-09 0.000871523
0.0107383  293 -8.05887e-10 0.000871523
0.0161074  293 -1.81498e-09 0.000871523
0.0214765  293 -8.08183e-10 0.000871523
0.0268456  293 -1.80715e-09 0.000871523
0.0322148  293 -8.34249e-10 0.000871523
0.0375839  293 -1.72239e-09 0.000871523
0.042953  293 -1.10215e-09 0.000871523
0.0483221  293 -9.01874e-10 0.000871523
0.0536913  293 -3.52909e-09 0.000871523
0.0590604  293 6.00883e-09 0.000871523
0.0644295  293 -2.24094e-08 0.000871523
0.0697987  293 5.53191e-08 0.000871523
0.0751678  293 -1.45011e-07 0.000871523
0.0805369  293 3.44085e-07 0.000871523
0.085906  293 -7.85447e-07 0.000871523
0.0912752  293 1.67139e-06 0.000871524
0.0966443  293 -3.33031e-06 0.000871522
0.102013  293 6.12278e-06 0.000871526
0.107383  293 -1.02879e-05 0.000871518
0.112752  293 1.55123e-05 0.000871531
0.118121  293 -2.0513e-05 0.000871513
0.12349  293 2.29336e-05 0.000871535
0.128859  293 -2.04756e-05 0.000871513
0.134228  293 1.32924e-05 0.00087153
0.139597  293 -5.91103e-06 0.00087152
0.144966  293 4.2302e-06 0.000871525
0.150336  293 -6.44035e-06 0.00087152
0.15302  293 -5.51185e-06 0.00087152
0.155705  293 -3.68793e-06 0.000871521
0.158389  293 -3.26988e-06 0.000871521
0.161074  293 -1.45885e-06 0.000871522
0.163758  293 -4.65342e-06 0.00087152
0.166443  293 -5.15216e-06 0.00087152
0.169128  293 -1.23137e-05 0.000871516
0.171812  293 -1.22878e-05 0.000871516
0.174497  293.001 -1.98154e-05 0.000871512
0.177181  293.001 -1.69069e-05 0.000871512
0.179866  293.001 -2.19094e-05 0.000871509
0.18255  293.001 -1.55103e-05 0.000871511
0.185235  293.002 -1.90513e-05 0.000871508
0.187919  293.002 -1.03018e-05 0.000871511
0.190604  293.003 -1.37126e-05 0.000871506
0.193289  293.004 -4.9062e-06 0.000871507
0.195973  293.006 -9.0903e-06 0.000871501
0.198658  293.008 -6.2618e-07 0.000871498
0.201342  293.011 -6.22372e-06 0.000871486
0.204027  293.016 1.6856e-06 0.000871477
0.206711  293.022 -4.57256e-06 0.000871454
0.209396  293.032 2.89124e-06 0.000871429
0.212081  293.047 -4.07108e-06 0.000871381
0.214765  293.07 3.42746e-06 0.000871317
0.21745  293.105 -3.73591e-06 0.000871209
0.220134  293.16 3.57511e-06 0.00087105
0.222819  293.246 -3.77809e-06 0.00087079
0.225503  293.383 3.73162e-06 0.000870387
0.228188  293.602 -3.70448e-06 0.000869735
0.230872  293.951 3.69641e-06 0.000868705
0.233557  294.512 -3.78051e-06 0.000867047
0.236242  295.413 3.78292e-06 0.000864406
0.238926  296.862 -3.73322e-06 0.000860184
0.241611  299.188 3.74714e-06 0.0008535
0.244295  302.914 -3.8052e-06 0.000842999
0.24698  308.85 3.77792e-06 0.0008268
0.249664  318.227 -3.75192e-06 0.000802432
0.252349  332.845 3.7985e-06 0.000767195
0.255034  355.189 -3.79375e-06 0.000718929
0.257718  388.433 3.76192e-06 0.000657403
0.260403  436.21 -3.80872e-06 0.000585396
0.263087  502.152 3.77984e-06 0.000508525
0.265772  589.343 -3.75209e-06 0.000433289
0.268456  699.969 4.71796e-06 0.000364812
0.271141  835.253 1.34799e-05 0.000305726
0.273826  995.433 0.00020951 0.000256559
0.27651  1179.17 0.00153316 0.000216747
0.279195  1381.37 0.00752546 0.000185659
0.281879  1589.93 0.0254457 0.000162988
0.284564  1785.12 0.0621165 0.000148335
0.287248  1946.15 0.113519 0.000140354
0.289933  2061.98 0.164025 0.000136708
0.292617  2135.65 0.201936 0.00013524
0.295302  2178.4 0.22586 0.000134678
0.297987  2201.78 0.239506 0.000134458
0.300671  2214.14 0.246873 0.000134366
0.303356  2220.55 0.250735 0.000134324
0.30604  2223.85 0.252729 0.000134305
0.308725  2225.53 0.253751 0.000134295
0.311409  2226.39 0.254272 0.00013429
0.314094  2226.83 0.254538 0.000134288
0.316779  2227.06 0.254673 0.000134286
0.319463  2227.17 0.254742 0.000134286
0.322148  2227.23 0.254777 0.000134285
0.324832  2227.27 0.254795 0.000134285
0.327517  2227.29 0.254804 0.000134284
0.330201  2227.3 0.254808 0.000134284
0.332886  2227.31 0.254811 0.000134284
0.33557  2227.31 0.254812 0.000134284
0.338255  2227.32 0.254812 0.000134283
0.34094  2227.32 0.254813 0.000134283
0.343624  2227.32 0.254813 0.000134283
0.346309  2227.33 0.254813 0.000134283
0.348993  2227.33 0.254813 0.000134282
0.351678  2227.34 0.254813 0.000134282
0.354362  2227.34 0.254813 0.000134282
0.357047  2227.35 0.254813 0.000134282
0.359732  2227.35 0.254813 0.000134281
0.362416  2227.36 0.254813 0.000134281
0.365101  2227.36 0.254813 0.000134281
0.367785  2227.36 0.254813 0.00013428
0.37047  2227.37 0.254813 0.00013428
0.373154  2227.37 0.254813 0.00013428
0.375839  2227.38 0.254813 0.00013428
0.378523  2227.38 0.254813 0.000134279
0.381208  2227.39 0.254813 0.000134279
0.383893  2227.4 0.254813 0.000134279
0.386577  2227.4 0.254813 0.000134278
0.389262  2227.41 0.254813 0.000134278
0.391946  2227.41 0.254813 0.000134278
0.394631  2227.42 0.254813 0.000134277
0.397315  2227.42 0.254813 0.000134277
0.4  2227.43 0.254813 0.000134277
0.402685  2227.43 0.254813 0.000134276
0.405369  2227.44 0.254813 0.000134276
0.408054  2227.45 0.254813 0.000134276
0.410738  2227.45 0.254813 0.000134275
0.413423  2227.46 0.254813 0.000134275
0.418792  2227.47 0.254813 0.000134274
0.424161  2227.48 0.254813 0.000134273
0.42953  2227.5 0.254813 0.000134272
0.434899  2227.51 0.254813 0.000134272
0.440268  2227.53 0.254813 0.000134271
0.445638  2227.54 0.254813 0.00013427
0.451007  2227.56 0.254813 0.000134269
0.456376  2227.57 0.254813 0.000134268
0.461745  2227.59 0.254813 0.000134267
0.467114  2227.61 0.254813 0.000134266
0.472483  2227.63 0.254813 0.000134265
0.477852  2227.65 0.254813 0.000134264
0.483221  2227.66 0.254813 0.000134262
0.488591  2227.68 0.254813 0.000134261
0.49396  2227.7 0.254813 0.00013426
0.499329  2227.73 0.254813 0.000134259
0.504698  2227.75 0.254813 0.000134257
0.510067  2227.77 0.254813 0.000134256
0.515436  2227.79 0.254813 0.000134255
0.520805  2227.82 0.254813 0.000134253
0.526174  2227.84 0.254813 0.000134252
0.531544  2227.87 0.254813 0.00013425
0.536913  2227.89 0.254813 0.000134249
0.542282  2227.92 0.254813 0.000134247
0.547651  2227.95 0.254813 0.000134245
0.55302  2227.98 0.254813 0.000134244
0.558389  2228.01 0.254813 0.000134242
0.563758  2228.04 0.254813 0.00013424
0.569128  2228.07 0.254813 0.000134238
0.574497  2228.1 0.254813 0.000134236
0.579866  2228.14 0.254813 0.000134234
0.585235  2228.17 0.254813 0.000134232
0.590604  2228.21 0.254813 0.00013423
0.595973  2228.25 0.254813 0.000134227
0.601342  2228.28 0.254813 0.000134225
0.606711  2228.32 0.254813 0.000134223
0.612081  2228.37 0.254813 0.00013422
0.61745  2228.41 0.254813 0.000134218
0.622819  2228.45 0.254813 0.000134215
0.628188  2228.5 0.254813 0.000134212
0.633557  2228.54 0.254813 0.000134209
0.638926  2228.59 0.254813 0.000134207
0.644295  2228.64 0.254813 0.000134204
0.649664  2228.69 0.254813 0.000134201
0.655034  2228.74 0.254813 0.000134197
0.660403  2228.8 0.254813 0.000134194
0.665772  2228.85 0.254813 0.000134191
0.671141  2228.91 0.254813 0.000134187
0.67651  2228.97 0.254813 0.000134184
0.681879  2229.03 0.254813 0.00013418
0.687248  2229.1 0.254813 0.000134176
0.692617  2229.16 0.254813 0.000134172
0.697987  2229.23 0.254813 0.000134168
0.703356  2229.3 0.254813 0.000134164
0.708725  2229.37 0.254813 0.00013416
0.714094  2229.44 0.254813 0.000134155
0.719463  2229.52 0.254813 0.000134151
0.724832  2229.59 0.254813 0.000134146
0.730201  2229.67 0.254813 0.000134141
0.73557  2229.76 0.254813 0.000134137
0.74094  2229.84 0.254813 0.000134131
0.746309  2229.93 0.254813 0.000134126
0.751678  2230.01 0.254813 0.000134121
0.757047  2230.1 0.254813 0.000134116
0.762416  2230.19 0.254813 0.00013411
0.767785  2230.28 0.254813 0.000134105
0.773154  2230.37 0.254813 0.000134099
0.778523  2230.46 0.254813 0.000134094
0.783893  2230.53 0.254813 0.00013409
0.789262  2230.6 0.254813 0.000134086
0.794631  2230.63 0.254813 0.000134084
0.8  2230.63 0.254813 0.000134084
