TITLE="Graphics"
VARIABLES= "x", "T", "Y fr", "rho"
-0.0219919  293 0 0.000871523
-0.013745  293 -2.38296e-09 0.000871523
-0.0085906  293 -1.45211e-09 0.000871523
-0.00536913  293 -1.81572e-09 0.000871523
0  293 -8.05686e-10 0.000871523
0.00536913  293 -1.81571e-09 0.000871523
0.0107383  293 -8.0568e-10 0.000871523
0.0161074  293 -1.81571e-09 0.000871523
0.0214765  293 -8.05675e-10 0.000871523
0.0268456  293 -1.8157e-09 0.000871523
0.0322148  293 -8.0567e-10 0.000871523
0.0375839  293 -1.8157e-09 0.000871523
0.042953  293 -8.05665e-10 0.000871523
0.0483221  293 -1.81569e-09 0.000871523
0.0536913  293 -8.05661e-10 0.000871523
0.0590604  293 -1.81569e-09 0.000871523
0.0644295  293 -8.05661e-10 0.000871523
0.0697987  293 -1.81567e-09 0.000871523
0.0751678  293 -8.05705e-10 0.000871523
0.0805369  293 -1.81551e-09 0.000871523
0.085906  293 -8.06209e-10 0.000871523
0.0912752  293 -1.81384e-09 0.000871523
0.0966443  293 -8.11965e-10 0.000871523
0.102013  293 -1.793e-09 0.000871523
0.107383  293 -8.90791e-10 0.000871523
0.112752  293 -1.48812e-09 0.000871523
0.118121  293 -2.0649e-09 0.000871523
0.12349  293 2.91829e-09 0.000871523
0.128859  293 -1.79392e-08 0.000871523
0.134228  293 5.72342e-08 0.000871523
0.139597  293 -1.92927e-07 0.000871522
0.144966  293.001 5.83305e-07 0.000871522
0.150336  293.001 -1.65217e-06 0.000871519
0.15302  293.002 2.84689e-07 0.000871519
0.155705  293.002 -1.71796e-06 0.000871515
0.158389  293.003 1.86103e-06 0.000871514
0.161074  293.005 -2.90522e-06 0.000871508
0.163758  293.006 3.64136e-06 0.000871506
0.166443  293.009 -4.5364e-06 0.000871495
0.169128  293.012 5.16265e-06 0.00087149
0.171812  293.016 -5.5184e-06 0.000871472
0.174497  293.022 5.46184e-06 0.000871461
0.177181  293.029 -5.06281e-06 0.000871434
0.179866  293.039 4.45672e-06 0.00087141
0.18255  293.051 -3.86844e-06 0.00087137
0.185235  293.066 3.44883e-06 0.000871327
0.187919  293.086 -3.21744e-06 0.000871265
0.190604  293.112 3.02306e-06 0.000871193
0.193289  293.143 -2.69052e-06 0.000871096
0.195973  293.183 2.1505e-06 0.000870981
0.198658  293.232 -1.53448e-06 0.000870833
0.201342  293.293 1.03154e-06 0.000870654
0.204027  293.368 -7.19022e-07 0.000870431
0.206711  293.46 4.58816e-07 0.000870159
0.209396  293.572 -8.4056e-08 0.000869825
0.212081  293.71 -4.10334e-07 0.000869417
0.214765  293.878 8.36863e-07 0.00086892
0.21745  294.084 -1.08973e-06 0.000868309
0.220134  294.339 1.27654e-06 0.000867559
0.222819  294.656 -1.57375e-06 0.000866624
0.225503  295.057 1.93046e-06 0.000865448
0.228188  295.573 -2.17039e-06 0.000863935
0.230872  296.254 2.27782e-06 0.00086195
0.233557  297.178 -2.4426e-06 0.000859269
0.236242  298.467 2.69256e-06 0.00085556
0.238926  300.319 -2.85848e-06 0.000850283
0.241611  303.045 2.90492e-06 0.000842636
0.244295  307.142 -3.0208e-06 0.000831394
0.24698  313.382 3.18939e-06 0.000814841
0.249664  322.947 -3.24286e-06 0.000790704
0.252349  337.576 3.26814e-06 0.000756443
0.255034  359.694 -3.39292e-06 0.000709924
0.257718  392.438 3.42311e-06 0.000650693
0.260403  439.452 -3.43049e-06 0.000581077
0.263087  504.446 3.52113e-06 0.000506212
0.265772  590.639 -3.45641e-06 0.000432338
0.268456  700.372 4.49007e-06 0.000364602
0.271141  835.002 1.37112e-05 0.000305818
0.273826  994.863 0.000206767 0.000256705
0.27651  1178.67 0.00151132 0.000216836
0.279195  1381.37 0.00743353 0.000185649
0.281879  1590.82 0.0252199 0.000162876
0.284564  1787.15 0.0617567 0.000148135
0.287248  1949.34 0.11313 0.000140091
0.289933  2066.14 0.163716 0.000136407
0.292617  2140.5 0.201738 0.000134917
0.295302  2183.7 0.225748 0.000134341
0.297987  2207.37 0.239449 0.000134112
0.300671  2219.93 0.246845 0.000134013
0.303356  2226.48 0.250722 0.000133965
0.30604  2229.89 0.252723 0.00013394
0.308725  2231.68 0.253749 0.000133925
0.311409  2232.65 0.254272 0.000133914
0.314094  2233.18 0.254538 0.000133906
0.316779  2233.51 0.254673 0.000133899
0.319463  2233.72 0.254742 0.000133892
0.322148  2233.88 0.254777 0.000133886
0.324832  2234.01 0.254795 0.000133879
0.327517  2234.13 0.254804 0.000133873
0.330201  2234.25 0.254808 0.000133866
0.332886  2234.36 0.254811 0.00013386
0.33557  2234.47 0.254812 0.000133853
0.338255  2234.58 0.254812 0.000133847
0.34094  2234.7 0.254813 0.00013384
0.343624  2234.81 0.254813 0.000133833
0.346309  2234.93 0.254813 0.000133826
0.348993  2235.05 0.254813 0.000133819
0.351678  2235.17 0.254813 0.000133812
0.354362  2235.29 0.254813 0.000133805
0.357047  2235.41 0.254813 0.000133797
0.359732  2235.53 0.254813 0.00013379
0.362416  2235.66 0.254813 0.000133782
0.365101  2235.79 0.254813 0.000133775
0.367785  2235.91 0.254813 0.000133767
0.37047  2236.05 0.254813 0.000133759
0.373154  2236.18 0.254813 0.000133751
0.375839  2236.31 0.254813 0.000133743
0.378523  2236.45 0.254813 0.000133735
0.381208  2236.59 0.254813 0.000133727
0.383893  2236.72 0.254813 0.000133719
0.386577  2236.87 0.254813 0.00013371
0.389262  2237.01 0.254813 0.000133702
0.391946  2237.15 0.254813 0.000133693
0.394631  2237.3 0.254813 0.000133684
0.397315  2237.45 0.254813 0.000133675
0.4  2237.6 0.254813 0.000133666
0.402685  2237.75 0.254813 0.000133657
0.405369  2237.91 0.254813 0.000133648
0.408054  2238.06 0.254813 0.000133639
0.410738  2238.22 0.254813 0.000133629
0.413423  2238.38 0.254813 0.000133619
0.418792  2238.71 0.254813 0.0001336
0.424161  2239.05 0.254813 0.00013358
0.42953  2239.39 0.254813 0.000133559
0.434899  2239.74 0.254813 0.000133538
0.440268  2240.1 0.254813 0.000133517
0.445638  2240.48 0.254813 0.000133495
0.451007  2240.85 0.254813 0.000133472
0.456376  2241.24 0.254813 0.000133449
0.461745  2241.64 0.254813 0.000133425
0.467114  2242.05 0.254813 0.000133401
0.472483  2242.47 0.254813 0.000133376
0.477852  2242.89 0.254813 0.000133351
0.483221  2243.33 0.254813 0.000133325
0.488591  2243.78 0.254813 0.000133298
0.49396  2244.24 0.254813 0.000133271
0.499329  2244.71 0.254813 0.000133243
0.504698  2245.19 0.254813 0.000133215
0.510067  2245.68 0.254813 0.000133185
0.515436  2246.18 0.254813 0.000133156
0.520805  2246.69 0.254813 0.000133125
0.526174  2247.22 0.254813 0.000133094
0.531544  2247.75 0.254813 0.000133062
0.536913  2248.3 0.254813 0.00013303
0.542282  2248.86 0.254813 0.000132997
0.547651  2249.43 0.254813 0.000132963
0.55302  2250.02 0.254813 0.000132928
0.558389  2250.62 0.254813 0.000132893
0.563758  2251.23 0.254813 0.000132857
0.569128  2251.85 0.254813 0.00013282
0.574497  2252.49 0.254813 0.000132783
0.579866  2253.14 0.254813 0.000132745
0.585235  2253.8 0.254813 0.000132706
0.590604  2254.47 0.254813 0.000132666
0.595973  2255.16 0.254813 0.000132625
0.601342  2255.87 0.254813 0.000132584
0.606711  2256.59 0.254813 0.000132542
0.612081  2257.32 0.254813 0.000132499
0.61745  2258.07 0.254813 0.000132455
0.622819  2258.83 0.254813 0.00013241
0.628188  2259.6 0.254813 0.000132365
0.633557  2260.39 0.254813 0.000132318
0.638926  2261.2 0.254813 0.000132271
0.644295  2262.02 0.254813 0.000132223
0.649664  2262.86 0.254813 0.000132174
0.655034  2263.71 0.254813 0.000132124
0.660403  2264.58 0.254813 0.000132074
0.665772  2265.46 0.254813 0.000132022
0.671141  2266.36 0.254813 0.00013197
0.67651  2267.28 0.254813 0.000131916
0.681879  2268.21 0.254813 0.000131862
0.687248  2269.16 0.254813 0.000131807
0.692617  2270.13 0.254813 0.000131751
0.697987  2271.11 0.254813 0.000131694
0.703356  2272.11 0.254813 0.000131636
0.708725  2273.13 0.254813 0.000131577
0.714094  2274.16 0.254813 0.000131517
0.719463  2275.21 0.254813 0.000131457
0.724832  2276.28 0.254813 0.000131395
0.730201  2277.36 0.254813 0.000131333
0.73557  2278.46 0.254813 0.000131269
0.74094  2279.57 0.254813 0.000131205
0.746309  2280.7 0.254813 0.00013114
0.751678  2281.84 0.254813 0.000131075
0.757047  2282.98 0.254813 0.000131009
0.762416  2284.12 0.254813 0.000130944
0.767785  2285.25 0.254813 0.000130879
0.773154  2286.35 0.254813 0.000130816
0.778523  2287.39 0.254813 0.000130757
0.783893  2288.32 0.254813 0.000130704
0.789262  2289.08 0.254813 0.00013066
0.794631  2289.54 0.254813 0.000130634
0.8  2289.54 0.254813 0.000130634
