TITLE="Graphics"
VARIABLES= "x", "T", "Y fr", "rho"
-0.0219919  293 0 0.000871523
-0.013745  293 -2.38296e-09 0.000871523
-0.0085906  293 -1.45211e-09 0.000871523
-0.00536913  293 -1.81572e-09 0.000871523
0  293 -8.0569e-10 0.000871523
0.00536913  293 -1.81572e-09 0.000871523
0.0107383  293 -8.05688e-10 0.000871523
0.0161074  293 -1.81572e-09 0.000871523
0.0214765  293 -8.05686e-10 0.000871523
0.0268456  293 -1.81572e-09 0.000871523
0.0322148  293 -8.05684e-10 0.000871523
0.0375839  293 -1.81571e-09 0.000871523
0.042953  293 -8.05683e-10 0.000871523
0.0483221  293 -1.81571e-09 0.000871523
0.0536913  293 -8.05681e-10 0.000871523
0.0590604  293 -1.81571e-09 0.000871523
0.0644295  293 -8.05679e-10 0.000871523
0.0697987  293 -1.81571e-09 0.000871523
0.0751678  293 -8.05678e-10 0.000871523
0.0805369  293 -1.81571e-09 0.000871523
0.085906  293 -8.05676e-10 0.000871523
0.0912752  293 -1.81571e-09 0.000871523
0.0966443  293 -8.05674e-10 0.000871523
0.102013  293 -1.8157e-09 0.000871523
0.107383  293 -8.05673e-10 0.000871523
0.112752  293 -1.8157e-09 0.000871523
0.118121  293 -8.05671e-10 0.000871523
0.12349  293 -1.8157e-09 0.000871523
0.128859  293 -8.05669e-10 0.000871523
0.134228  293 -1.8157e-09 0.000871522
0.139597  293.002 -8.05666e-10 0.000871517
0.144966  293.013 -1.8157e-09 0.000871484
0.150336  293.068 -8.05665e-10 0.00087132
0.15302  293.158 -1.05817e-09 0.000871055
0.155705  293.313 -8.05664e-10 0.000870594
0.158389  293.568 -1.05817e-09 0.000869837
0.161074  293.969 -8.0566e-10 0.00086865
0.163758  294.573 -1.05817e-09 0.000866869
0.166443  295.447 -8.05658e-10 0.000864305
0.169128  296.666 -1.05817e-09 0.000860753
0.171812  298.309 -8.05699e-10 0.000856013
0.174497  300.45 -1.05795e-09 0.000849912
0.177181  303.157 -8.0633e-10 0.000842325
0.179866  306.479 -1.05619e-09 0.000833192
0.18255  310.452 -8.10477e-10 0.000822531
0.185235  315.087 -1.04904e-09 0.000810431
0.187919  320.377 -8.20141e-10 0.00079705
0.190604  326.297 -1.03948e-09 0.000782588
0.193289  332.81 -8.13071e-10 0.000767274
0.195973  339.866 -1.0563e-09 0.000751343
0.198658  347.413 -7.80103e-10 0.000735023
0.201342  355.393 -1.07852e-09 0.000718518
0.204027  363.753 -8.55865e-10 0.000702005
0.206711  372.438 -1.0328e-09 0.000685634
0.209396  381.402 -1.01864e-09 0.000669521
0.212081  390.599 -7.61676e-11 0.000653756
0.214765  399.99 -1.6411e-09 0.000638406
0.21745  409.543 1.02503e-08 0.000623515
0.220134  419.227 -9.17614e-09 0.000609112
0.222819  429.019 7.5418e-08 0.00059521
0.225503  438.899 -7.04127e-08 0.000581811
0.228188  448.854 3.78957e-07 0.000568908
0.230872  458.874 -3.60638e-07 0.000556484
0.233557  468.962 1.39101e-06 0.000544514
0.236242  479.131 -1.12911e-06 0.000532957
0.238926  489.414 3.66835e-06 0.000521761
0.241611  499.877 -1.91738e-06 0.000510838
0.244295  510.641 7.00103e-06 0.000500072
0.24698  521.92 -7.05696e-07 0.000489264
0.249664  534.075 1.10591e-05 0.000478131
0.252349  547.717 4.28396e-06 0.00046622
0.255034  563.843 1.82285e-05 0.00045289
0.257718  584.045 1.40486e-05 0.000437224
0.260403  610.772 3.16508e-05 0.000418095
0.263087  647.604 3.26469e-05 0.000394316
0.265772  699.407 5.66491e-05 0.000365116
0.268456  772.171 7.25587e-05 0.000330713
0.271141  872.375 0.000142851 0.000292738
0.273826  1005.83 0.000369665 0.000253929
0.27651  1176.04 0.00142386 0.000217311
0.279195  1381.37 0.00562882 0.000185456
0.281879  1610.86 0.0189129 0.000160261
0.284564  1841.65 0.0490988 0.000142676
0.287248  2044.98 0.0965709 0.000132196
0.289933  2200.39 0.148259 0.000126842
0.292617  2304.88 0.190302 0.000124372
0.295302  2368.71 0.21842 0.000123253
0.297987  2405.53 0.235128 0.000122711
0.300671  2426.33 0.244416 0.000122414
0.303356  2438.23 0.249393 0.000122222
0.30604  2445.36 0.252009 0.00012208
0.308725  2449.99 0.253368 0.00012196
0.311409  2453.33 0.254071 0.000121852
0.314094  2456 0.254432 0.000121749
0.316779  2458.33 0.254618 0.000121649
0.319463  2460.5 0.254713 0.000121549
0.322148  2462.58 0.254762 0.00012145
0.324832  2464.63 0.254787 0.000121352
0.327517  2466.66 0.2548 0.000121253
0.330201  2468.69 0.254806 0.000121153
0.332886  2470.73 0.25481 0.000121054
0.33557  2472.77 0.254811 0.000120954
0.338255  2474.82 0.254812 0.000120854
0.34094  2476.88 0.254813 0.000120754
0.343624  2478.94 0.254813 0.000120653
0.346309  2481.02 0.254813 0.000120552
0.348993  2483.11 0.254813 0.00012045
0.351678  2485.21 0.254813 0.000120349
0.354362  2487.31 0.254813 0.000120247
0.357047  2489.43 0.254813 0.000120145
0.359732  2491.56 0.254813 0.000120042
0.362416  2493.7 0.254813 0.000119939
0.365101  2495.84 0.254813 0.000119836
0.367785  2498 0.254813 0.000119732
0.37047  2500.17 0.254813 0.000119629
0.373154  2502.35 0.254813 0.000119525
0.375839  2504.53 0.254813 0.00011942
0.378523  2506.73 0.254813 0.000119315
0.381208  2508.94 0.254813 0.00011921
0.383893  2511.16 0.254813 0.000119105
0.386577  2513.39 0.254813 0.000118999
0.389262  2515.64 0.254813 0.000118893
0.391946  2517.89 0.254813 0.000118787
0.394631  2520.16 0.254813 0.00011868
0.397315  2522.44 0.254813 0.000118573
0.4  2524.73 0.254813 0.000118465
0.402685  2527.03 0.254813 0.000118357
0.405369  2529.35 0.254813 0.000118248
0.408054  2531.68 0.254813 0.000118139
0.410738  2534.03 0.254813 0.00011803
0.413423  2536.39 0.254813 0.00011792
0.418792  2541.16 0.254813 0.000117699
0.424161  2546 0.254813 0.000117475
0.42953  2550.91 0.254813 0.000117249
0.434899  2555.91 0.254813 0.00011702
0.440268  2560.98 0.254813 0.000116788
0.445638  2566.15 0.254813 0.000116552
0.451007  2571.43 0.254813 0.000116313
0.456376  2576.81 0.254813 0.000116071
0.461745  2582.3 0.254813 0.000115824
0.467114  2587.92 0.254813 0.000115572
0.472483  2593.67 0.254813 0.000115316
0.477852  2599.56 0.254813 0.000115055
0.483221  2605.59 0.254813 0.000114788
0.488591  2611.77 0.254813 0.000114517
0.49396  2618.11 0.254813 0.00011424
0.499329  2624.59 0.254813 0.000113957
0.504698  2631.24 0.254813 0.00011367
0.510067  2638.03 0.254813 0.000113377
0.515436  2644.98 0.254813 0.000113079
0.520805  2652.06 0.254813 0.000112777
0.526174  2659.27 0.254813 0.000112471
0.531544  2666.6 0.254813 0.000112162
0.536913  2674.03 0.254813 0.000111851
0.542282  2681.53 0.254813 0.000111538
0.547651  2689.08 0.254813 0.000111224
0.55302  2696.65 0.254813 0.000110912
0.558389  2704.2 0.254813 0.000110602
0.563758  2711.7 0.254813 0.000110297
0.569128  2719.08 0.254813 0.000109997
0.574497  2726.32 0.254813 0.000109705
0.579866  2733.34 0.254813 0.000109424
0.585235  2740.09 0.254813 0.000109154
0.590604  2746.5 0.254813 0.000108899
0.595973  2752.51 0.254813 0.000108662
0.601342  2758.03 0.254813 0.000108444
0.606711  2763 0.254813 0.000108249
0.612081  2767.32 0.254813 0.00010808
0.61745  2770.92 0.254813 0.000107939
0.622819  2773.72 0.254813 0.000107831
0.628188  2775.62 0.254813 0.000107757
0.633557  2776.56 0.254813 0.00010772
0.638926  2776.45 0.254813 0.000107724
0.644295  2775.22 0.254813 0.000107772
0.649664  2772.81 0.254813 0.000107866
0.655034  2769.17 0.254813 0.000108008
0.660403  2764.26 0.254813 0.0001082
0.665772  2758.06 0.254813 0.000108443
0.671141  2750.56 0.254813 0.000108738
0.67651  2741.79 0.254813 0.000109086
0.681879  2731.8 0.254813 0.000109485
0.687248  2720.66 0.254813 0.000109934
0.692617  2708.46 0.254813 0.000110429
0.697987  2695.34 0.254813 0.000110966
0.703356  2681.45 0.254813 0.000111541
0.708725  2666.98 0.254813 0.000112146
0.714094  2652.11 0.254813 0.000112775
0.719463  2637.07 0.254813 0.000113418
0.724832  2622.07 0.254813 0.000114067
0.730201  2607.33 0.254813 0.000114712
0.73557  2593.06 0.254813 0.000115343
0.74094  2579.45 0.254813 0.000115952
0.746309  2566.67 0.254813 0.000116529
0.751678  2554.85 0.254813 0.000117068
0.757047  2544.1 0.254813 0.000117563
0.762416  2534.48 0.254813 0.000118009
0.767785  2526.03 0.254813 0.000118404
0.773154  2518.75 0.254813 0.000118746
0.778523  2512.63 0.254813 0.000119035
0.783893  2507.66 0.254813 0.000119271
0.789262  2503.91 0.254813 0.00011945
0.794631  2501.64 0.254813 0.000119558
0.8  2501.64 0.254813 0.000119558
