TITLE="Graphics"
VARIABLES= "x", "T", "Y fr", "rho"
-0.0219919  293 0 0.000871523
-0.013745  293 -1.25674e-07 0.000871523
-0.0085906  293 -7.65827e-08 0.000871523
-0.00536913  293 -9.5759e-08 0.000871523
0  293 -4.24914e-08 0.000871523
0.00536913  293 -9.5759e-08 0.000871523
0.0107383  293 -4.24914e-08 0.000871523
0.0161074  293 -9.5759e-08 0.000871523
0.0214765  293 -4.24914e-08 0.000871523
0.0268456  293 -9.5759e-08 0.000871523
0.0322148  293 -4.24914e-08 0.000871523
0.0375839  293 -9.5759e-08 0.000871523
0.042953  293 -4.24914e-08 0.000871523
0.0483221  293 -9.5759e-08 0.000871523
0.0536913  293 -4.24914e-08 0.000871523
0.0590604  293 -9.5759e-08 0.000871523
0.0644295  293 -4.24914e-08 0.000871523
0.0697987  293 -9.5759e-08 0.000871523
0.0751678  293 -4.24914e-08 0.000871523
0.0805369  293 -9.5759e-08 0.000871523
0.085906  293 -4.24914e-08 0.000871523
0.0912752  293 -9.5759e-08 0.000871523
0.0966443  293 -4.24914e-08 0.000871523
0.102013  293 -9.5759e-08 0.000871523
0.107383  293 -4.24914e-08 0.000871523
0.112752  293 -9.5759e-08 0.000871523
0.118121  293 -4.24914e-08 0.000871523
0.12349  293 -9.5759e-08 0.000871523
0.128859  293 -4.24914e-08 0.000871523
0.134228  293 -9.5759e-08 0.000871523
0.139597  292.999 -4.24913e-08 0.000871525
0.144966  293.003 -9.5759e-08 0.000871516
0.150336  292.999 -4.24913e-08 0.000871525
0.15302  293.013 -5.58083e-08 0.000871485
0.155705  293.053 -4.24913e-08 0.000871367
0.158389  293.149 -5.58083e-08 0.000871081
0.161074  293.351 -4.24913e-08 0.000870479
0.163758  293.737 -5.58083e-08 0.000869338
0.166443  294.405 -4.24912e-08 0.000867363
0.169128  295.48 -5.58085e-08 0.000864208
0.171812  297.094 -4.24909e-08 0.000859515
0.174497  299.374 -5.5809e-08 0.000852967
0.177181  302.428 -4.24902e-08 0.000844355
0.179866  306.326 -5.58099e-08 0.00083361
0.18255  311.099 -4.24897e-08 0.000820821
0.185235  316.735 -5.5809e-08 0.000806214
0.187919  323.189 -4.24911e-08 0.000790114
0.190604  330.39 -5.58029e-08 0.000772893
0.193289  338.254 -4.24889e-08 0.000754925
0.195973  346.689 -5.582e-08 0.000736557
0.198658  355.608 -4.24682e-08 0.000718084
0.201342  364.927 -5.58974e-08 0.000699747
0.204027  374.572 -4.24969e-08 0.000681728
0.206711  384.479 -5.56386e-08 0.000664161
0.209396  394.594 -4.26011e-08 0.000647137
0.212081  404.87 -5.15158e-08 0.000630712
0.214765  415.27 -4.57031e-08 0.000614917
0.21745  425.762 -1.48025e-08 0.000599763
0.220134  436.322 -9.64258e-08 0.000585247
0.222819  446.93 2.32174e-07 0.000571356
0.225503  457.571 -4.931e-07 0.00055807
0.228188  468.23 1.45294e-06 0.000545365
0.230872  478.901 -2.28128e-06 0.000533213
0.233557  489.575 5.35817e-06 0.00052159
0.236242  500.248 -6.33279e-06 0.000510458
0.238926  510.92 1.13059e-05 0.0004998
0.241611  521.595 -6.30925e-06 0.000489567
0.244295  532.286 7.80627e-06 0.000479737
0.24698  543.027 1.53048e-05 0.00047025
0.249664  553.888 -1.62077e-05 0.000461021
0.252349  565.019 5.76426e-05 0.000451958
0.255034  576.734 -3.67145e-05 0.000442753
0.257718  589.677 9.51213e-05 0.000433068
0.260403  605.15 -3.64325e-05 0.000421963
0.263087  625.715 0.000141569 0.000408136
0.265772  656.209 -2.32958e-05 0.000389134
0.268456  705.118 0.00019995 0.000362188
0.271141  785.707 2.49967e-05 0.000325007
0.273826  915.222 0.000316492 0.000279061
0.27651  1110.76 0.000393251 0.000229946
0.279195  1381.37 0.00259934 0.000185133
0.281879  1715.03 0.0126564 0.000149983
0.284564  2065.51 0.0455366 0.000126946
0.287248  2369.21 0.101503 0.000114448
0.289933  2588.32 0.158378 0.00010852
0.292617  2725.35 0.200216 0.00010586
0.295302  2803.35 0.22577 0.000104648
0.297987  2845.57 0.239879 0.000104063
0.300671  2868.09 0.247268 0.000103756
0.303356  2880.3 0.251036 0.000103578
0.30604  2887.25 0.252931 0.00010346
0.308725  2891.55 0.253878 0.000103371
0.311409  2894.54 0.254349 0.000103297
0.314094  2896.88 0.254583 0.00010323
0.316779  2898.9 0.254699 0.000103166
0.319463  2900.76 0.254756 0.000103104
0.322148  2902.56 0.254785 0.000103042
0.324832  2904.32 0.254799 0.000102981
0.327517  2906.06 0.254806 0.000102919
0.330201  2907.81 0.25481 0.000102858
0.332886  2909.55 0.254811 0.000102796
0.33557  2911.31 0.254812 0.000102734
0.338255  2913.07 0.254813 0.000102672
0.34094  2914.83 0.254813 0.00010261
0.343624  2916.61 0.254813 0.000102548
0.346309  2918.39 0.254813 0.000102485
0.348993  2920.17 0.254813 0.000102423
0.351678  2921.97 0.254813 0.00010236
0.354362  2923.77 0.254813 0.000102297
0.357047  2925.58 0.254813 0.000102233
0.359732  2927.4 0.254813 0.00010217
0.362416  2929.22 0.254813 0.000102106
0.365101  2931.05 0.254813 0.000102042
0.367785  2932.89 0.254813 0.000101979
0.37047  2934.73 0.254813 0.000101914
0.373154  2936.59 0.254813 0.00010185
0.375839  2938.45 0.254813 0.000101786
0.378523  2940.31 0.254813 0.000101721
0.381208  2942.19 0.254813 0.000101656
0.383893  2944.07 0.254813 0.000101591
0.386577  2945.96 0.254813 0.000101526
0.389262  2947.86 0.254813 0.000101461
0.391946  2949.76 0.254813 0.000101395
0.394631  2951.68 0.254813 0.000101329
0.397315  2953.6 0.254813 0.000101264
0.4  2955.53 0.254813 0.000101197
0.402685  2957.46 0.254813 0.000101131
0.405369  2959.41 0.254813 0.000101065
0.408054  2961.37 0.254813 0.000100998
0.410738  2963.33 0.254813 0.000100931
0.413423  2965.3 0.254813 0.000100864
0.418792  2969.28 0.254813 0.000100729
0.424161  2973.31 0.254813 0.000100592
0.42953  2977.38 0.254813 0.000100455
0.434899  2981.5 0.254813 0.000100316
0.440268  2985.68 0.254813 0.000100175
0.445638  2989.93 0.254813 0.000100033
0.451007  2994.25 0.254813 9.98888e-05
0.456376  2998.65 0.254813 9.97422e-05
0.461745  3003.14 0.254813 9.9593e-05
0.467114  3007.73 0.254813 9.94409e-05
0.472483  3012.44 0.254813 9.92856e-05
0.477852  3017.27 0.254813 9.91266e-05
0.483221  3022.24 0.254813 9.89637e-05
0.488591  3027.36 0.254813 9.87963e-05
0.49396  3032.64 0.254813 9.86242e-05
0.499329  3038.1 0.254813 9.84468e-05
0.504698  3043.76 0.254813 9.82638e-05
0.510067  3049.62 0.254813 9.80749e-05
0.515436  3055.7 0.254813 9.78798e-05
0.520805  3062.02 0.254813 9.7678e-05
0.526174  3068.57 0.254813 9.74695e-05
0.531544  3075.36 0.254813 9.72541e-05
0.536913  3082.41 0.254813 9.70316e-05
0.542282  3089.71 0.254813 9.68023e-05
0.547651  3097.27 0.254813 9.65663e-05
0.55302  3105.06 0.254813 9.63239e-05
0.558389  3113.08 0.254813 9.60757e-05
0.563758  3121.32 0.254813 9.58222e-05
0.569128  3129.74 0.254813 9.55644e-05
0.574497  3138.31 0.254813 9.53033e-05
0.579866  3147 0.254813 9.50402e-05
0.585235  3155.75 0.254813 9.47768e-05
0.590604  3164.5 0.254813 9.45148e-05
0.595973  3173.17 0.254813 9.42563e-05
0.601342  3181.7 0.254813 9.40038e-05
0.606711  3189.97 0.254813 9.376e-05
0.612081  3197.88 0.254813 9.35281e-05
0.61745  3205.3 0.254813 9.33116e-05
0.622819  3212.08 0.254813 9.31145e-05
0.628188  3218.07 0.254813 9.29413e-05
0.633557  3223.08 0.254813 9.27967e-05
0.638926  3226.92 0.254813 9.26864e-05
0.644295  3229.36 0.254813 9.26164e-05
0.649664  3230.17 0.254813 9.25932e-05
0.655034  3229.09 0.254813 9.26242e-05
0.660403  3225.85 0.254813 9.27173e-05
0.665772  3220.16 0.254813 9.28809e-05
0.671141  3211.75 0.254813 9.31241e-05
0.67651  3200.34 0.254813 9.34563e-05
0.681879  3185.65 0.254813 9.38873e-05
0.687248  3167.45 0.254813 9.44266e-05
0.692617  3145.57 0.254813 9.50835e-05
0.697987  3119.89 0.254813 9.58659e-05
0.703356  3090.43 0.254813 9.67801e-05
0.708725  3057.29 0.254813 9.78291e-05
0.714094  3020.75 0.254813 9.90123e-05
0.719463  2981.28 0.254813 0.000100323
0.724832  2939.49 0.254813 0.00010175
0.730201  2896.18 0.254813 0.000103271
0.73557  2852.3 0.254813 0.00010486
0.74094  2808.86 0.254813 0.000106482
0.746309  2766.87 0.254813 0.000108097
0.751678  2727.28 0.254813 0.000109667
0.757047  2690.87 0.254813 0.00011115
0.762416  2658.2 0.254813 0.000112517
0.767785  2629.59 0.254813 0.000113741
0.773154  2605.11 0.254813 0.00011481
0.778523  2584.67 0.254813 0.000115718
0.783893  2568.08 0.254813 0.000116465
0.789262  2555.32 0.254813 0.000117047
0.794631  2547.17 0.254813 0.000117421
0.8  2547.17 0.254813 0.000117421
