TITLE="Graphics"
VARIABLES= "x", "T", "Y fr", "rho"
-0.0219919  293 0 0.000871523
-0.013745  293 -2.38296e-09 0.000871523
-0.0085906  293 -1.45211e-09 0.000871523
-0.00536913  293 -1.81572e-09 0.000871523
0  293 -8.05693e-10 0.000871523
0.00536913  293 -1.81572e-09 0.000871523
0.0107383  293 -8.05691e-10 0.000871523
0.0161074  293 -1.81572e-09 0.000871523
0.0214765  293 -8.0569e-10 0.000871523
0.0268456  293 -1.81572e-09 0.000871523
0.0322148  293 -8.05688e-10 0.000871523
0.0375839  293 -1.81572e-09 0.000871523
0.042953  293 -8.05686e-10 0.000871523
0.0483221  293 -1.81572e-09 0.000871523
0.0536913  293 -8.05685e-10 0.000871523
0.0590604  293 -1.81571e-09 0.000871523
0.0644295  293 -8.05683e-10 0.000871523
0.0697987  293 -1.81571e-09 0.000871523
0.0751678  293 -8.05681e-10 0.000871523
0.0805369  293 -1.81571e-09 0.000871523
0.085906  293 -8.0568e-10 0.000871523
0.0912752  293 -1.81571e-09 0.000871523
0.0966443  293 -8.05678e-10 0.000871523
0.102013  293 -1.81571e-09 0.000871523
0.107383  293 -8.05676e-10 0.000871523
0.112752  293 -1.81571e-09 0.000871523
0.118121  293 -8.05674e-10 0.000871523
0.12349  293 -1.8157e-09 0.000871523
0.128859  293 -8.05673e-10 0.000871523
0.134228  293 -1.8157e-09 0.000871523
0.139597  292.999 -8.05671e-10 0.000871526
0.144966  293.029 -1.8157e-09 0.000871438
0.150336  292.431 -8.05669e-10 0.000873218
0.15302  294.056 -1.05818e-09 0.000868395
0.155705  297.765 -8.05668e-10 0.000857575
0.158389  304.12 -1.05817e-09 0.000839656
0.161074  313.23 -8.05656e-10 0.000815234
0.163758  324.801 -1.05813e-09 0.000786194
0.166443  338.318 -8.05547e-10 0.000754782
0.169128  353.241 -1.05781e-09 0.000722896
0.171812  369.108 -8.02903e-10 0.000691821
0.174497  385.573 -1.03777e-09 0.000662278
0.177181  402.396 -6.93826e-10 0.000634589
0.179866  419.423 -5.74968e-10 0.000608828
0.18255  436.554 9.39275e-10 0.000584937
0.185235  453.732 4.42162e-09 0.000562791
0.187919  470.921 1.45698e-08 0.000542248
0.190604  488.103 3.82376e-08 0.00052316
0.193289  505.267 9.19954e-08 0.000505389
0.195973  522.406 2.03706e-07 0.000488809
0.198658  539.517 4.25049e-07 0.000473305
0.201342  556.602 8.3969e-07 0.000458778
0.204027  573.659 1.58417e-06 0.000445136
0.206711  590.692 2.86624e-06 0.000432301
0.209396  607.704 4.99768e-06 0.0004202
0.212081  624.699 8.42614e-06 0.000408769
0.214765  641.683 1.37828e-05 0.000397951
0.21745  658.664 2.19303e-05 0.000387693
0.220134  675.652 3.40267e-05 0.000377948
0.222819  692.657 5.15917e-05 0.000368673
0.225503  709.695 7.65878e-05 0.000359827
0.228188  726.784 0.000111505 0.000351373
0.230872  743.946 0.000159464 0.000343277
0.233557  761.207 0.000224321 0.000335506
0.236242  778.6 0.000310791 0.000328027
0.238926  796.165 0.000424593 0.000320811
0.241611  813.952 0.000572603 0.000313827
0.244295  832.023 0.000763049 0.000307044
0.24698  850.458 0.00100573 0.000300431
0.249664  869.364 0.00131232 0.000293949
0.252349  888.888 0.0016967 0.000287556
0.255034  909.247 0.00217553 0.000281195
0.257718  930.78 0.00276896 0.000274783
0.260403  954.034 0.00350187 0.000268198
0.263087  979.935 0.00440592 0.000261245
0.265772  1010.06 0.00552357 0.000253617
0.268456  1047.06 0.00691639 0.000244851
0.271141  1095.26 0.00868395 0.000234314
0.273826  1161.17 0.0110093 0.000221311
0.27651  1253.49 0.014273 0.000205399
0.279195  1381.37 0.0193243 0.00018693
0.281879  1550.14 0.0280101 0.000167422
0.284564  1755.07 0.043627 0.000149233
0.287248  1977.74 0.0697084 0.000134496
0.289933  2191.05 0.105904 0.000124086
0.292617  2371.59 0.14575 0.000117501
0.295302  2509.07 0.181257 0.000113588
0.297987  2606.08 0.208179 0.000111279
0.300671  2671.74 0.226456 0.000109853
0.303356  2715.93 0.238019 0.000108896
0.30604  2746.54 0.245024 0.000108186
0.308725  2768.97 0.24916 0.000107606
0.311409  2786.66 0.251566 0.000107096
0.314094  2801.67 0.252952 0.000106621
0.316779  2815.21 0.253747 0.000106165
0.319463  2827.95 0.254202 0.000105719
0.322148  2840.27 0.254462 0.000105279
0.324832  2852.35 0.254611 0.000104844
0.327517  2864.28 0.254696 0.000104413
0.330201  2876.08 0.254745 0.000103988
0.332886  2887.72 0.254773 0.000103571
0.33557  2899.17 0.254789 0.000103163
0.338255  2910.37 0.254799 0.000102767
0.34094  2921.27 0.254804 0.000102384
0.343624  2931.79 0.254808 0.000102016
0.346309  2941.87 0.25481 0.000101667
0.348993  2951.43 0.254811 0.000101338
0.351678  2960.39 0.254811 0.000101031
0.354362  2968.67 0.254812 0.000100749
0.357047  2976.19 0.254812 0.000100495
0.359732  2982.86 0.254812 0.00010027
0.362416  2988.59 0.254813 0.000100078
0.365101  2993.29 0.254813 9.99205e-05
0.367785  2996.88 0.254813 9.9801e-05
0.37047  2999.25 0.254813 9.97221e-05
0.373154  3000.31 0.254813 9.96869e-05
0.375839  2999.96 0.254813 9.96985e-05
0.378523  2998.11 0.254813 9.97602e-05
0.381208  2994.65 0.254813 9.98755e-05
0.383893  2989.49 0.254813 0.000100048
0.386577  2982.54 0.254813 0.000100281
0.389262  2973.71 0.254813 0.000100579
0.391946  2962.93 0.254813 0.000100944
0.394631  2950.14 0.254813 0.000101382
0.397315  2935.27 0.254812 0.000101896
0.4  2918.3 0.254812 0.000102488
0.402685  2899.22 0.254812 0.000103163
0.405369  2878.06 0.254812 0.000103921
0.408054  2854.86 0.254811 0.000104766
0.410738  2829.72 0.254811 0.000105696
0.413423  2802.78 0.25481 0.000106712
0.418792  2743.97 0.254809 0.000108999
0.424161  2680.86 0.254808 0.000111565
0.42953  2616.48 0.254808 0.00011431
0.434899  2554.43 0.254809 0.000117087
0.440268  2498.28 0.25481 0.000119719
0.445638  2450.97 0.254811 0.00012203
0.451007  2414.26 0.254812 0.000123885
0.456376  2388.59 0.254812 0.000125217
0.461745  2373.26 0.254813 0.000126026
0.467114  2366.82 0.254813 0.000126369
0.472483  2367.49 0.254813 0.000126333
0.477852  2373.49 0.254813 0.000126014
0.483221  2383.21 0.254813 0.0001255
0.488591  2395.28 0.254813 0.000124867
0.49396  2408.6 0.254813 0.000124177
0.499329  2422.31 0.254813 0.000123474
0.504698  2435.76 0.254813 0.000122792
0.510067  2448.47 0.254813 0.000122154
0.515436  2460.14 0.254813 0.000121575
0.520805  2470.56 0.254813 0.000121062
0.526174  2479.64 0.254813 0.000120619
0.531544  2487.37 0.254813 0.000120244
0.536913  2493.81 0.254813 0.000119934
0.542282  2499.05 0.254813 0.000119682
0.547651  2503.22 0.254813 0.000119483
0.55302  2506.48 0.254813 0.000119328
0.558389  2508.95 0.254813 0.00011921
0.563758  2510.8 0.254813 0.000119122
0.569128  2512.15 0.254813 0.000119058
0.574497  2513.11 0.254813 0.000119012
0.579866  2513.79 0.254813 0.00011898
0.585235  2514.25 0.254813 0.000118959
0.590604  2514.56 0.254813 0.000118944
0.595973  2514.76 0.254813 0.000118935
0.601342  2514.89 0.254813 0.000118928
0.606711  2514.97 0.254813 0.000118925
0.612081  2515.02 0.254813 0.000118922
0.61745  2515.05 0.254813 0.000118921
0.622819  2515.07 0.254813 0.00011892
0.628188  2515.08 0.254813 0.000118919
0.633557  2515.08 0.254813 0.000118919
0.638926  2515.09 0.254813 0.000118919
0.644295  2515.09 0.254813 0.000118919
0.649664  2515.09 0.254813 0.000118919
0.655034  2515.09 0.254813 0.000118919
0.660403  2515.09 0.254813 0.000118919
0.665772  2515.09 0.254813 0.000118919
0.671141  2515.09 0.254813 0.000118919
0.67651  2515.09 0.254813 0.000118919
0.681879  2515.09 0.254813 0.000118919
0.687248  2515.09 0.254813 0.000118919
0.692617  2515.09 0.254813 0.000118919
0.697987  2515.09 0.254813 0.000118919
0.703356  2515.09 0.254813 0.000118919
0.708725  2515.09 0.254813 0.000118919
0.714094  2515.09 0.254813 0.000118919
0.719463  2515.09 0.254813 0.000118919
0.724832  2515.09 0.254813 0.000118919
0.730201  2515.09 0.254813 0.000118919
0.73557  2515.09 0.254813 0.000118919
0.74094  2515.09 0.254813 0.000118919
0.746309  2515.09 0.254813 0.000118919
0.751678  2515.09 0.254813 0.000118919
0.757047  2515.09 0.254813 0.000118919
0.762416  2515.09 0.254813 0.000118919
0.767785  2515.09 0.254813 0.000118919
0.773154  2515.09 0.254813 0.000118919
0.778523  2515.09 0.254813 0.000118919
0.783893  2515.09 0.254813 0.000118919
0.789262  2515.09 0.254813 0.000118919
0.794631  2515.09 0.254813 0.000118919
0.8  2515.09 0.254813 0.000118919
