TITLE="Graphics"
VARIABLES= "x", "T", "Y fr", "rho"
-0.0219919  293 0 0.000871523
-0.013745  293 -1.25674e-07 0.000871523
-0.0085906  293 -7.65827e-08 0.000871523
-0.00536913  293 -9.5759e-08 0.000871523
0  293 -4.24914e-08 0.000871523
0.00536913  293 -9.5759e-08 0.000871523
0.0107383  293 -4.24914e-08 0.000871523
0.0161074  293 -9.5759e-08 0.000871523
0.0214765  293 -4.24914e-08 0.000871523
0.0268456  293 -9.5759e-08 0.000871523
0.0322148  293 -4.24914e-08 0.000871523
0.0375839  293 -9.5759e-08 0.000871523
0.042953  293 -4.24914e-08 0.000871523
0.0483221  293 -9.5759e-08 0.000871523
0.0536913  293 -4.24914e-08 0.000871523
0.0590604  293 -9.5759e-08 0.000871523
0.0644295  293 -4.24913e-08 0.000871523
0.0697987  293 -9.5759e-08 0.000871523
0.0751678  293 -4.24913e-08 0.000871523
0.0805369  293 -9.5759e-08 0.000871523
0.085906  293 -4.24913e-08 0.000871523
0.0912752  293 -9.57591e-08 0.000871523
0.0966443  293 -4.24912e-08 0.000871523
0.102013  293 -9.57588e-08 0.000871523
0.107383  293 -4.24944e-08 0.000871523
0.112752  293 -9.57393e-08 0.000871523
0.118121  293 -4.25942e-08 0.000871523
0.12349  293 -9.52702e-08 0.000871523
0.128859  293 -4.467e-08 0.000871523
0.134228  293 -8.65796e-08 0.000871523
0.139597  293 -7.90158e-08 0.000871523
0.144966  293 4.07596e-08 0.000871523
0.150336  293 -5.17643e-07 0.000871523
0.15302  293 1.40591e-07 0.000871523
0.155705  293 -7.01863e-07 0.000871523
0.158389  293 8.90845e-07 0.000871523
0.161074  293 -1.52027e-06 0.000871522
0.163758  293.001 1.89289e-06 0.000871523
0.166443  293.001 -2.18722e-06 0.00087152
0.169128  293.001 1.39352e-06 0.00087152
0.171812  293.002 1.01428e-06 0.000871517
0.174497  293.003 -6.65893e-06 0.00087151
0.177181  293.005 1.63837e-05 0.000871516
0.179866  293.008 -3.13018e-05 0.000871484
0.18255  293.012 5.05519e-05 0.000871513
0.185235  293.018 -7.2424e-05 0.000871434
0.187919  293.026 9.30157e-05 0.000871493
0.190604  293.037 -0.000109047 0.000871357
0.193289  293.054 0.000118137 0.000871423
0.195973  293.076 -0.000121833 0.000871236
0.198658  293.106 0.000123587 0.000871269
0.201342  293.147 -0.000127809 0.000871021
0.204027  293.202 0.000135086 0.00087099
0.206711  293.274 -0.000142971 0.000870638
0.209396  293.368 0.000147201 0.000870504
0.212081  293.489 -0.000147577 0.000869998
0.214765  293.643 0.000147198 0.000869687
0.21745  293.838 -0.000150014 0.000868963
0.220134  294.081 0.000154651 0.000868396
0.222819  294.382 -0.000157406 0.000867355
0.225503  294.749 0.000156556 0.00086643
0.228188  295.193 -0.000156104 0.00086497
0.230872  295.727 0.000158471 0.000863565
0.233557  296.362 -0.000161489 0.000861557
0.236242  297.114 0.000161244 0.000859535
0.238926  298.004 -0.000160097 0.000856811
0.241611  299.062 0.000161349 0.000853938
0.244295  300.343 -0.000163724 0.000850137
0.24698  301.952 0.000163203 0.000845766
0.249664  304.1 -0.000162237 0.000839633
0.252349  307.225 0.000163549 0.000831249
0.255034  312.222 -0.000164822 0.00081779
0.257718  320.904 0.000163591 0.000795816
0.260403  336.786 -0.000163874 0.000758143
0.263087  366.167 0.000165034 0.000697443
0.265772  418.883 -0.000164206 0.000609555
0.268456  507.259 0.000164466 0.000503452
0.271141  642.801 -0.000165019 0.000397218
0.273826  832.964 0.000166966 0.000306593
0.27651  1080.45 -3.5657e-05 0.000236338
0.279195  1381.37 0.00239117 0.000185111
0.281879  1715.2 0.0158651 0.000150246
0.284564  2035.04 0.0579171 0.000129793
0.287248  2289.13 0.120555 0.000119843
0.289933  2457.48 0.176483 0.00011562
0.292617  2554.48 0.213387 0.000113913
0.295302  2605.62 0.23405 0.000113207
0.297987  2631.3 0.244688 0.000112899
0.300671  2643.9 0.249942 0.000112756
0.303356  2650.06 0.252485 0.000112686
0.30604  2653.1 0.253704 0.000112649
0.308725  2654.65 0.254285 0.000112627
0.311409  2655.48 0.254562 0.000112613
0.314094  2655.98 0.254694 0.000112602
0.316779  2656.32 0.254756 0.000112592
0.319463  2656.58 0.254786 0.000112583
0.322148  2656.81 0.2548 0.000112575
0.324832  2657.02 0.254807 0.000112566
0.327517  2657.23 0.25481 0.000112558
0.330201  2657.43 0.254812 0.000112549
0.332886  2657.64 0.254812 0.00011254
0.33557  2657.84 0.254813 0.000112532
0.338255  2658.05 0.254813 0.000112523
0.34094  2658.26 0.254813 0.000112514
0.343624  2658.47 0.254813 0.000112505
0.346309  2658.68 0.254813 0.000112496
0.348993  2658.9 0.254813 0.000112487
0.351678  2659.12 0.254813 0.000112478
0.354362  2659.33 0.254813 0.000112469
0.357047  2659.55 0.254813 0.000112459
0.359732  2659.78 0.254813 0.00011245
0.362416  2660 0.254813 0.00011244
0.365101  2660.23 0.254813 0.000112431
0.367785  2660.46 0.254813 0.000112421
0.37047  2660.69 0.254813 0.000112411
0.373154  2660.92 0.254813 0.000112401
0.375839  2661.16 0.254813 0.000112392
0.378523  2661.4 0.254813 0.000112381
0.381208  2661.64 0.254813 0.000112371
0.383893  2661.88 0.254813 0.000112361
0.386577  2662.12 0.254813 0.000112351
0.389262  2662.37 0.254813 0.000112341
0.391946  2662.61 0.254813 0.00011233
0.394631  2662.86 0.254813 0.000112319
0.397315  2663.12 0.254813 0.000112309
0.4  2663.37 0.254813 0.000112298
0.402685  2663.63 0.254813 0.000112287
0.405369  2663.89 0.254813 0.000112276
0.408054  2664.15 0.254813 0.000112265
0.410738  2664.41 0.254813 0.000112254
0.413423  2664.68 0.254813 0.000112243
0.418792  2665.22 0.254813 0.00011222
0.424161  2665.76 0.254813 0.000112197
0.42953  2666.32 0.254813 0.000112174
0.434899  2666.88 0.254813 0.00011215
0.440268  2667.46 0.254813 0.000112126
0.445638  2668.04 0.254813 0.000112102
0.451007  2668.63 0.254813 0.000112077
0.456376  2669.23 0.254813 0.000112051
0.461745  2669.85 0.254813 0.000112026
0.467114  2670.47 0.254813 0.000112
0.472483  2671.1 0.254813 0.000111973
0.477852  2671.74 0.254813 0.000111946
0.483221  2672.39 0.254813 0.000111919
0.488591  2673.05 0.254813 0.000111892
0.49396  2673.72 0.254813 0.000111864
0.499329  2674.4 0.254813 0.000111835
0.504698  2675.09 0.254813 0.000111806
0.510067  2675.79 0.254813 0.000111777
0.515436  2676.5 0.254813 0.000111747
0.520805  2677.22 0.254813 0.000111717
0.526174  2677.95 0.254813 0.000111687
0.531544  2678.7 0.254813 0.000111656
0.536913  2679.45 0.254813 0.000111624
0.542282  2680.21 0.254813 0.000111593
0.547651  2680.98 0.254813 0.00011156
0.55302  2681.77 0.254813 0.000111528
0.558389  2682.56 0.254813 0.000111495
0.563758  2683.37 0.254813 0.000111461
0.569128  2684.19 0.254813 0.000111427
0.574497  2685.02 0.254813 0.000111393
0.579866  2685.86 0.254813 0.000111358
0.585235  2686.71 0.254813 0.000111323
0.590604  2687.57 0.254813 0.000111287
0.595973  2688.44 0.254813 0.000111251
0.601342  2689.33 0.254813 0.000111214
0.606711  2690.22 0.254813 0.000111177
0.612081  2691.13 0.254813 0.00011114
0.61745  2692.05 0.254813 0.000111102
0.622819  2692.98 0.254813 0.000111063
0.628188  2693.92 0.254813 0.000111025
0.633557  2694.88 0.254813 0.000110985
0.638926  2695.84 0.254813 0.000110945
0.644295  2696.82 0.254813 0.000110905
0.649664  2697.81 0.254813 0.000110865
0.655034  2698.81 0.254813 0.000110823
0.660403  2699.83 0.254813 0.000110782
0.665772  2700.85 0.254813 0.00011074
0.671141  2701.89 0.254813 0.000110697
0.67651  2702.94 0.254813 0.000110654
0.681879  2704.01 0.254813 0.000110611
0.687248  2705.08 0.254813 0.000110567
0.692617  2706.17 0.254813 0.000110522
0.697987  2707.27 0.254813 0.000110477
0.703356  2708.38 0.254813 0.000110432
0.708725  2709.51 0.254813 0.000110386
0.714094  2710.65 0.254813 0.000110339
0.719463  2711.8 0.254813 0.000110293
0.724832  2712.97 0.254813 0.000110245
0.730201  2714.14 0.254813 0.000110197
0.73557  2715.33 0.254813 0.000110149
0.74094  2716.54 0.254813 0.0001101
0.746309  2717.75 0.254813 0.000110051
0.751678  2718.98 0.254813 0.000110002
0.757047  2720.21 0.254813 0.000109952
0.762416  2721.45 0.254813 0.000109901
0.767785  2722.69 0.254813 0.000109851
0.773154  2723.92 0.254813 0.000109802
0.778523  2725.11 0.254813 0.000109754
0.783893  2726.22 0.254813 0.000109709
0.789262  2727.16 0.254813 0.000109671
0.794631  2727.78 0.254813 0.000109646
0.8  2727.78 0.254813 0.000109646
