TITLE="Graphics"
VARIABLES= "x", "T", "Y fr", "rho"
-0.0219919  293 0 0.000871523
-0.013745  293 -2.38296e-09 0.000871523
-0.0085906  293 -1.45211e-09 0.000871523
-0.00536913  293 -1.81572e-09 0.000871523
0  293 -8.05686e-10 0.000871523
0.00536913  293 -1.81571e-09 0.000871523
0.0107383  293 -8.05695e-10 0.000871523
0.0161074  293 -1.81565e-09 0.000871523
0.0214765  293 -8.05866e-10 0.000871523
0.0268456  293 -1.81502e-09 0.000871523
0.0322148  293 -8.08069e-10 0.000871523
0.0375839  293 -1.80734e-09 0.000871523
0.042953  293 -8.34275e-10 0.000871523
0.0483221  293 -1.71982e-09 0.000871523
0.0536913  293 -1.11853e-09 0.000871523
0.0590604  293 -8.25207e-10 0.000871523
0.0644295  293 -3.83581e-09 0.000871523
0.0697987  293 7.11069e-09 0.000871523
0.0751678  293 -2.60365e-08 0.000871523
0.0805369  293 6.63573e-08 0.000871523
0.085906  293 -1.76161e-07 0.000871523
0.0912752  293 4.25528e-07 0.000871523
0.0966443  293 -9.81917e-07 0.000871523
0.102013  293 2.10534e-06 0.000871524
0.107383  293 -4.19703e-06 0.000871521
0.112752  293 7.6569e-06 0.000871527
0.118121  293 -1.26113e-05 0.000871517
0.12349  293 1.83136e-05 0.000871532
0.128859  293 -2.26816e-05 0.000871512
0.134228  293 2.26594e-05 0.000871534
0.139597  293 -1.66107e-05 0.000871515
0.144966  293 7.916e-06 0.000871527
0.150336  293 -5.00557e-06 0.00087152
0.15302  293 -7.44172e-07 0.000871523
0.155705  293 -5.09379e-06 0.00087152
0.158389  293 -6.20084e-06 0.00087152
0.161074  293 -1.08984e-05 0.000871517
0.163758  293 -1.50838e-05 0.000871515
0.166443  293 -1.73331e-05 0.000871513
0.169128  293.001 -2.01666e-05 0.000871511
0.171812  293.001 -1.84733e-05 0.000871512
0.174497  293.001 -1.95175e-05 0.00087151
0.177181  293.001 -1.39748e-05 0.000871512
0.179866  293.002 -1.50753e-05 0.00087151
0.18255  293.002 -7.99248e-06 0.000871512
0.185235  293.003 -9.8647e-06 0.000871509
0.187919  293.004 -2.94487e-06 0.00087151
0.190604  293.005 -6.47893e-06 0.000871504
0.193289  293.007 5.00151e-07 0.000871502
0.195973  293.009 -4.5852e-06 0.000871493
0.198658  293.013 2.05818e-06 0.000871487
0.201342  293.017 -3.70874e-06 0.000871471
0.204027  293.023 2.97817e-06 0.000871457
0.206711  293.031 -3.62043e-06 0.000871429
0.209396  293.043 3.31794e-06 0.000871397
0.212081  293.06 -3.46161e-06 0.000871342
0.214765  293.086 3.46565e-06 0.000871269
0.21745  293.125 -3.6331e-06 0.00087115
0.220134  293.184 3.62907e-06 0.000870978
0.222819  293.275 -3.59161e-06 0.000870703
0.225503  293.418 3.60924e-06 0.000870282
0.228188  293.644 -3.71005e-06 0.000869611
0.230872  294.001 3.73364e-06 0.000868559
0.233557  294.57 -3.68336e-06 0.000866876
0.236242  295.48 3.68929e-06 0.000864209
0.238926  296.939 -3.76585e-06 0.000859961
0.241611  299.275 3.76732e-06 0.000853253
0.244295  303.009 -3.72181e-06 0.000842732
0.24698  308.953 3.75292e-06 0.000826523
0.249664  318.335 -3.79713e-06 0.000802159
0.252349  332.954 3.75325e-06 0.000766944
0.255034  355.293 -3.76335e-06 0.000718719
0.257718  388.524 3.80118e-06 0.000657248
0.260403  436.284 -3.76004e-06 0.000585297
0.263087  502.204 3.78851e-06 0.000508473
0.265772  589.371 -3.75561e-06 0.000433268
0.268456  699.977 4.68399e-06 0.000364808
0.271141  835.245 1.34458e-05 0.000305729
0.273826  995.419 0.000209397 0.000256562
0.27651  1179.15 0.00153258 0.000216749
0.279195  1381.37 0.0075232 0.000185659
0.281879  1589.95 0.0254402 0.000162986
0.284564  1785.17 0.062108 0.00014833
0.287248  1946.23 0.11351 0.000140348
0.289933  2062.08 0.164018 0.000136701
0.292617  2135.77 0.201932 0.000135233
0.295302  2178.52 0.225857 0.00013467
0.297987  2201.91 0.239505 0.000134449
0.300671  2214.27 0.246872 0.000134357
0.303356  2220.69 0.250734 0.000134316
0.30604  2223.99 0.252729 0.000134296
0.308725  2225.68 0.253751 0.000134286
0.311409  2226.54 0.254272 0.000134281
0.314094  2226.98 0.254538 0.000134279
0.316779  2227.21 0.254673 0.000134277
0.319463  2227.33 0.254742 0.000134276
0.322148  2227.39 0.254777 0.000134275
0.324832  2227.43 0.254795 0.000134275
0.327517  2227.45 0.254804 0.000134274
0.330201  2227.47 0.254808 0.000134274
0.332886  2227.48 0.254811 0.000134274
0.33557  2227.48 0.254812 0.000134273
0.338255  2227.49 0.254812 0.000134273
0.34094  2227.5 0.254813 0.000134272
0.343624  2227.51 0.254813 0.000134272
0.346309  2227.51 0.254813 0.000134271
0.348993  2227.52 0.254813 0.000134271
0.351678  2227.53 0.254813 0.000134271
0.354362  2227.54 0.254813 0.00013427
0.357047  2227.55 0.254813 0.00013427
0.359732  2227.55 0.254813 0.000134269
0.362416  2227.56 0.254813 0.000134269
0.365101  2227.57 0.254813 0.000134268
0.367785  2227.58 0.254813 0.000134268
0.37047  2227.59 0.254813 0.000134267
0.373154  2227.59 0.254813 0.000134267
0.375839  2227.6 0.254813 0.000134266
0.378523  2227.61 0.254813 0.000134266
0.381208  2227.62 0.254813 0.000134265
0.383893  2227.63 0.254813 0.000134265
0.386577  2227.64 0.254813 0.000134264
0.389262  2227.65 0.254813 0.000134263
0.391946  2227.66 0.254813 0.000134263
0.394631  2227.67 0.254813 0.000134262
0.397315  2227.68 0.254813 0.000134262
0.4  2227.69 0.254813 0.000134261
0.402685  2227.7 0.254813 0.00013426
0.405369  2227.71 0.254813 0.00013426
0.408054  2227.72 0.254813 0.000134259
0.410738  2227.73 0.254813 0.000134259
0.413423  2227.74 0.254813 0.000134258
0.418792  2227.76 0.254813 0.000134257
0.424161  2227.79 0.254813 0.000134255
0.42953  2227.81 0.254813 0.000134254
0.434899  2227.83 0.254813 0.000134252
0.440268  2227.86 0.254813 0.000134251
0.445638  2227.88 0.254813 0.000134249
0.451007  2227.91 0.254813 0.000134248
0.456376  2227.94 0.254813 0.000134246
0.461745  2227.97 0.254813 0.000134244
0.467114  2228 0.254813 0.000134242
0.472483  2228.03 0.254813 0.00013424
0.477852  2228.06 0.254813 0.000134239
0.483221  2228.09 0.254813 0.000134237
0.488591  2228.13 0.254813 0.000134235
0.49396  2228.16 0.254813 0.000134232
0.499329  2228.2 0.254813 0.00013423
0.504698  2228.24 0.254813 0.000134228
0.510067  2228.27 0.254813 0.000134226
0.515436  2228.31 0.254813 0.000134223
0.520805  2228.35 0.254813 0.000134221
0.526174  2228.4 0.254813 0.000134218
0.531544  2228.44 0.254813 0.000134216
0.536913  2228.48 0.254813 0.000134213
0.542282  2228.53 0.254813 0.00013421
0.547651  2228.58 0.254813 0.000134207
0.55302  2228.63 0.254813 0.000134204
0.558389  2228.68 0.254813 0.000134201
0.563758  2228.73 0.254813 0.000134198
0.569128  2228.78 0.254813 0.000134195
0.574497  2228.84 0.254813 0.000134192
0.579866  2228.9 0.254813 0.000134188
0.585235  2228.96 0.254813 0.000134185
0.590604  2229.02 0.254813 0.000134181
0.595973  2229.08 0.254813 0.000134177
0.601342  2229.15 0.254813 0.000134173
0.606711  2229.21 0.254813 0.000134169
0.612081  2229.28 0.254813 0.000134165
0.61745  2229.35 0.254813 0.000134161
0.622819  2229.42 0.254813 0.000134156
0.628188  2229.5 0.254813 0.000134152
0.633557  2229.58 0.254813 0.000134147
0.638926  2229.66 0.254813 0.000134142
0.644295  2229.74 0.254813 0.000134137
0.649664  2229.82 0.254813 0.000134132
0.655034  2229.91 0.254813 0.000134127
0.660403  2230 0.254813 0.000134122
0.665772  2230.09 0.254813 0.000134116
0.671141  2230.19 0.254813 0.00013411
0.67651  2230.29 0.254813 0.000134105
0.681879  2230.39 0.254813 0.000134098
0.687248  2230.49 0.254813 0.000134092
0.692617  2230.6 0.254813 0.000134086
0.697987  2230.71 0.254813 0.000134079
0.703356  2230.82 0.254813 0.000134072
0.708725  2230.94 0.254813 0.000134065
0.714094  2231.06 0.254813 0.000134058
0.719463  2231.18 0.254813 0.000134051
0.724832  2231.31 0.254813 0.000134043
0.730201  2231.44 0.254813 0.000134035
0.73557  2231.57 0.254813 0.000134027
0.74094  2231.71 0.254813 0.000134019
0.746309  2231.85 0.254813 0.000134011
0.751678  2231.99 0.254813 0.000134002
0.757047  2232.14 0.254813 0.000133994
0.762416  2232.28 0.254813 0.000133985
0.767785  2232.43 0.254813 0.000133976
0.773154  2232.57 0.254813 0.000133967
0.778523  2232.71 0.254813 0.000133959
0.783893  2232.83 0.254813 0.000133952
0.789262  2232.93 0.254813 0.000133946
0.794631  2232.99 0.254813 0.000133942
0.8  2232.99 0.254813 0.000133942
