TITLE="Graphics"
VARIABLES= "x", "T", "Y fr", "rho"
-0.0219919  293 0 0.000871523
-0.013745  293 -2.38296e-09 0.000871523
-0.0085906  293 -1.45211e-09 0.000871523
-0.00536913  293 -1.81572e-09 0.000871523
0  293 -8.05685e-10 0.000871523
0.00536913  293 -1.81571e-09 0.000871523
0.0107383  293 -8.0568e-10 0.000871523
0.0161074  293 -1.81571e-09 0.000871523
0.0214765  293 -8.05674e-10 0.000871523
0.0268456  293 -1.8157e-09 0.000871523
0.0322148  293 -8.05669e-10 0.000871523
0.0375839  293 -1.8157e-09 0.000871523
0.042953  293 -8.05664e-10 0.000871523
0.0483221  293 -1.81569e-09 0.000871523
0.0536913  293 -8.05667e-10 0.000871523
0.0590604  293 -1.81566e-09 0.000871523
0.0644295  293 -8.05752e-10 0.000871523
0.0697987  293 -1.81535e-09 0.000871523
0.0751678  293 -8.06799e-10 0.000871523
0.0805369  293 -1.81161e-09 0.000871523
0.085906  293 -8.20476e-10 0.000871523
0.0912752  293 -1.76062e-09 0.000871523
0.0966443  293 -1.01079e-09 0.000871523
0.102013  293 -1.06078e-09 0.000871523
0.107383  293 -3.51204e-09 0.000871523
0.112752  293 7.53832e-09 0.000871523
0.118121  293 -3.17177e-08 0.000871523
0.12349  293 9.51738e-08 0.000871523
0.128859  293 -2.87726e-07 0.000871523
0.134228  293 7.92141e-07 0.000871523
0.139597  293 -2.03542e-06 0.000871522
0.144966  293 4.76115e-06 0.000871525
0.150336  293.001 -9.9836e-06 0.000871517
0.15302  293.001 -1.28241e-06 0.00087152
0.155705  293.001 -7.64354e-06 0.000871516
0.158389  293.002 3.1175e-06 0.00087152
0.161074  293.002 -6.68591e-06 0.000871513
0.163758  293.003 4.82606e-06 0.000871516
0.166443  293.004 -5.54648e-06 0.000871508
0.169128  293.006 4.37343e-06 0.000871508
0.171812  293.008 -4.03701e-06 0.000871498
0.174497  293.011 3.35872e-06 0.000871494
0.177181  293.014 -3.11975e-06 0.00087148
0.179866  293.019 2.88748e-06 0.00087147
0.18255  293.024 -2.66659e-06 0.00087145
0.185235  293.032 2.23232e-06 0.00087143
0.187919  293.041 -1.64464e-06 0.0008714
0.190604  293.053 1.04193e-06 0.000871365
0.193289  293.069 -6.04964e-07 0.000871319
0.195973  293.088 3.335e-07 0.000871263
0.198658  293.112 -8.28763e-08 0.000871191
0.201342  293.142 -3.01576e-07 0.000871102
0.204027  293.179 7.78839e-07 0.000870991
0.206711  293.226 -1.18059e-06 0.000870851
0.209396  293.284 1.40279e-06 0.000870679
0.212081  293.358 -1.56403e-06 0.00087046
0.214765  293.45 1.82108e-06 0.000870188
0.21745  293.567 -2.16092e-06 0.000869838
0.220134  293.719 2.4025e-06 0.000869392
0.222819  293.918 -2.50053e-06 0.000868801
0.225503  294.184 2.60309e-06 0.000868017
0.228188  294.549 -2.81967e-06 0.000866938
0.230872  295.064 3.01492e-06 0.00086543
0.233557  295.806 -3.07529e-06 0.000863255
0.236242  296.902 3.11037e-06 0.000860071
0.238926  298.554 -3.25368e-06 0.000855309
0.241611  301.084 3.37772e-06 0.000848126
0.244295  304.999 -3.38445e-06 0.000837236
0.24698  311.091 3.41411e-06 0.000820842
0.249664  320.566 -3.52922e-06 0.000796577
0.252349  335.192 3.54944e-06 0.000761823
0.255034  357.424 -3.54023e-06 0.000714433
0.257718  390.417 3.62269e-06 0.000654061
0.260403  437.812 -3.62139e-06 0.000583255
0.263087  503.278 3.62078e-06 0.000507387
0.265772  589.971 -3.6445e-06 0.000432828
0.268456  700.152 4.56474e-06 0.000364716
0.271141  835.112 1.35568e-05 0.000305777
0.273826  995.138 0.000208064 0.000256635
0.27651  1178.91 0.00152199 0.000216793
0.279195  1381.37 0.00747891 0.000185654
0.281879  1590.38 0.025332 0.000162931
0.284564  1786.15 0.0619363 0.000148234
0.287248  1947.76 0.113325 0.000140222
0.289933  2064.07 0.163872 0.000136556
0.292617  2138.09 0.201839 0.000135078
0.295302  2181.06 0.225805 0.000134509
0.297987  2204.59 0.239478 0.000134284
0.300671  2217.05 0.246859 0.000134188
0.303356  2223.53 0.250728 0.000134144
0.30604  2226.89 0.252726 0.000134121
0.308725  2228.63 0.25375 0.000134108
0.311409  2229.54 0.254272 0.000134101
0.314094  2230.03 0.254538 0.000134095
0.316779  2230.31 0.254673 0.000134091
0.319463  2230.48 0.254742 0.000134087
0.322148  2230.59 0.254777 0.000134083
0.324832  2230.68 0.254795 0.000134079
0.327517  2230.75 0.254804 0.000134076
0.330201  2230.82 0.254808 0.000134072
0.332886  2230.88 0.254811 0.000134069
0.33557  2230.94 0.254812 0.000134065
0.338255  2231 0.254812 0.000134062
0.34094  2231.06 0.254813 0.000134058
0.343624  2231.13 0.254813 0.000134054
0.346309  2231.19 0.254813 0.00013405
0.348993  2231.26 0.254813 0.000134046
0.351678  2231.32 0.254813 0.000134042
0.354362  2231.39 0.254813 0.000134038
0.357047  2231.45 0.254813 0.000134034
0.359732  2231.52 0.254813 0.00013403
0.362416  2231.59 0.254813 0.000134026
0.365101  2231.66 0.254813 0.000134022
0.367785  2231.73 0.254813 0.000134018
0.37047  2231.81 0.254813 0.000134013
0.373154  2231.88 0.254813 0.000134009
0.375839  2231.95 0.254813 0.000134004
0.378523  2232.03 0.254813 0.000134
0.381208  2232.11 0.254813 0.000133995
0.383893  2232.18 0.254813 0.000133991
0.386577  2232.26 0.254813 0.000133986
0.389262  2232.34 0.254813 0.000133981
0.391946  2232.42 0.254813 0.000133976
0.394631  2232.5 0.254813 0.000133971
0.397315  2232.59 0.254813 0.000133966
0.4  2232.67 0.254813 0.000133961
0.402685  2232.76 0.254813 0.000133956
0.405369  2232.85 0.254813 0.000133951
0.408054  2232.93 0.254813 0.000133946
0.410738  2233.02 0.254813 0.00013394
0.413423  2233.11 0.254813 0.000133935
0.418792  2233.3 0.254813 0.000133924
0.424161  2233.49 0.254813 0.000133912
0.42953  2233.68 0.254813 0.000133901
0.434899  2233.88 0.254813 0.000133889
0.440268  2234.09 0.254813 0.000133876
0.445638  2234.3 0.254813 0.000133864
0.451007  2234.52 0.254813 0.000133851
0.456376  2234.74 0.254813 0.000133837
0.461745  2234.97 0.254813 0.000133823
0.467114  2235.21 0.254813 0.000133809
0.472483  2235.45 0.254813 0.000133795
0.477852  2235.7 0.254813 0.00013378
0.483221  2235.95 0.254813 0.000133765
0.488591  2236.22 0.254813 0.000133749
0.49396  2236.48 0.254813 0.000133733
0.499329  2236.76 0.254813 0.000133716
0.504698  2237.04 0.254813 0.0001337
0.510067  2237.33 0.254813 0.000133682
0.515436  2237.63 0.254813 0.000133664
0.520805  2237.93 0.254813 0.000133646
0.526174  2238.25 0.254813 0.000133628
0.531544  2238.57 0.254813 0.000133608
0.536913  2238.9 0.254813 0.000133589
0.542282  2239.23 0.254813 0.000133569
0.547651  2239.58 0.254813 0.000133548
0.55302  2239.93 0.254813 0.000133527
0.558389  2240.29 0.254813 0.000133506
0.563758  2240.66 0.254813 0.000133483
0.569128  2241.04 0.254813 0.000133461
0.574497  2241.43 0.254813 0.000133438
0.579866  2241.83 0.254813 0.000133414
0.585235  2242.24 0.254813 0.00013339
0.590604  2242.66 0.254813 0.000133365
0.595973  2243.08 0.254813 0.00013334
0.601342  2243.52 0.254813 0.000133314
0.606711  2243.97 0.254813 0.000133287
0.612081  2244.42 0.254813 0.00013326
0.61745  2244.89 0.254813 0.000133232
0.622819  2245.37 0.254813 0.000133204
0.628188  2245.86 0.254813 0.000133175
0.633557  2246.36 0.254813 0.000133145
0.638926  2246.87 0.254813 0.000133115
0.644295  2247.39 0.254813 0.000133084
0.649664  2247.92 0.254813 0.000133053
0.655034  2248.47 0.254813 0.00013302
0.660403  2249.02 0.254813 0.000132987
0.665772  2249.59 0.254813 0.000132954
0.671141  2250.17 0.254813 0.00013292
0.67651  2250.76 0.254813 0.000132885
0.681879  2251.37 0.254813 0.000132849
0.687248  2251.98 0.254813 0.000132812
0.692617  2252.61 0.254813 0.000132775
0.697987  2253.26 0.254813 0.000132737
0.703356  2253.91 0.254813 0.000132699
0.708725  2254.58 0.254813 0.00013266
0.714094  2255.26 0.254813 0.000132619
0.719463  2255.96 0.254813 0.000132579
0.724832  2256.66 0.254813 0.000132537
0.730201  2257.38 0.254813 0.000132495
0.73557  2258.12 0.254813 0.000132452
0.74094  2258.86 0.254813 0.000132408
0.746309  2259.62 0.254813 0.000132364
0.751678  2260.38 0.254813 0.000132319
0.757047  2261.15 0.254813 0.000132274
0.762416  2261.92 0.254813 0.000132229
0.767785  2262.69 0.254813 0.000132184
0.773154  2263.43 0.254813 0.000132141
0.778523  2264.14 0.254813 0.0001321
0.783893  2264.77 0.254813 0.000132063
0.789262  2265.29 0.254813 0.000132033
0.794631  2265.61 0.254813 0.000132014
0.8  2265.61 0.254813 0.000132014
