TITLE="Graphics"
VARIABLES= "x", "T", "Y fr", "rho"
-0.0219919  293 0 0.000871523
-0.013745  293 -1.25674e-07 0.000871523
-0.0085906  293 -7.65827e-08 0.000871523
-0.00536913  293 -9.5759e-08 0.000871523
0  293 -4.24914e-08 0.000871523
0.00536913  293 -9.5759e-08 0.000871523
0.0107383  293 -4.24914e-08 0.000871523
0.0161074  293 -9.5759e-08 0.000871523
0.0214765  293 -4.24914e-08 0.000871523
0.0268456  293 -9.5759e-08 0.000871523
0.0322148  293 -4.24914e-08 0.000871523
0.0375839  293 -9.5759e-08 0.000871523
0.042953  293 -4.24914e-08 0.000871523
0.0483221  293 -9.5759e-08 0.000871523
0.0536913  293 -4.24914e-08 0.000871523
0.0590604  293 -9.5759e-08 0.000871523
0.0644295  293 -4.24914e-08 0.000871523
0.0697987  293 -9.5759e-08 0.000871523
0.0751678  293 -4.24913e-08 0.000871523
0.0805369  293 -9.5759e-08 0.000871523
0.085906  293 -4.24913e-08 0.000871523
0.0912752  293 -9.5759e-08 0.000871523
0.0966443  293 -4.24913e-08 0.000871523
0.102013  293 -9.57591e-08 0.000871523
0.107383  293 -4.24912e-08 0.000871523
0.112752  293 -9.57594e-08 0.000871523
0.118121  293 -4.24907e-08 0.000871523
0.12349  293 -9.57584e-08 0.000871523
0.128859  293 -4.25029e-08 0.000871523
0.134228  293 -9.56807e-08 0.000871523
0.139597  293 -4.29218e-08 0.000871523
0.144966  293 -9.3596e-08 0.000871523
0.150336  293 -5.27001e-08 0.000871523
0.15302  293 -4.67049e-08 0.000871523
0.155705  293 -6.94988e-08 0.000871522
0.158389  293.001 2.55538e-09 0.000871522
0.161074  293.001 -1.67304e-07 0.00087152
0.163758  293.002 1.95712e-07 0.000871518
0.166443  293.003 -5.20579e-07 0.000871515
0.169128  293.005 7.93263e-07 0.00087151
0.171812  293.007 -1.43355e-06 0.000871501
0.174497  293.011 2.00133e-06 0.00087149
0.177181  293.018 -2.67212e-06 0.000871469
0.179866  293.027 2.53268e-06 0.000871444
0.18255  293.041 -1.03708e-06 0.000871402
0.185235  293.06 -3.56137e-06 0.000871342
0.187919  293.088 1.23676e-05 0.000871268
0.190604  293.127 -2.67935e-05 0.000871133
0.193289  293.18 4.61272e-05 0.000871011
0.195973  293.253 -6.84733e-05 0.000870737
0.198658  293.351 8.94415e-05 0.000870526
0.201342  293.48 -0.000105332 0.000870045
0.204027  293.649 0.000113933 0.000869653
0.206711  293.868 -0.000117648 0.000868892
0.209396  294.146 0.000120716 0.000868189
0.212081  294.495 -0.000127107 0.000867035
0.214765  294.929 0.000135616 0.000865889
0.21745  295.461 -0.000142432 0.000864192
0.220134  296.106 0.00014446 0.000862453
0.222819  296.877 -0.000144494 0.00086007
0.225503  297.789 0.000146604 0.000857579
0.228188  298.856 -0.00015161 0.000854371
0.230872  300.091 0.000154889 0.000851006
0.233557  301.506 -0.000154775 0.000846861
0.236242  303.115 0.000154396 0.000842516
0.238926  304.933 -0.000157225 0.000837341
0.241611  306.986 0.000159937 0.000831893
0.244295  309.319 -0.000159731 0.000825469
0.24698  312.021 0.000158995 0.000818469
0.249664  315.284 -0.000161145 0.000809851
0.252349  319.504 0.000162666 0.000799301
0.255034  325.512 -0.000161845 0.000784404
0.257718  334.989 0.000161923 0.000762354
0.260403  351.22 -0.000163788 0.000726987
0.263087  380.147 0.00016326 0.000671793
0.265772  431.236 -0.000163131 0.000592094
0.268456  516.759 0.000164321 0.000494196
0.271141  648.783 -0.000163456 0.000393556
0.273826  835.707 0.000167462 0.000305587
0.27651  1081.05 -3.09816e-05 0.000236208
0.279195  1381.37 0.00236806 0.000185109
0.281879  1716.29 0.0156194 0.000150129
0.284564  2038.59 0.0572289 0.000129515
0.287248  2295.65 0.119633 0.000119435
0.289933  2466.64 0.175682 0.000115131
0.292617  2565.55 0.21284 0.000113381
0.295302  2617.91 0.233724 0.000112652
0.297987  2644.32 0.244506 0.000112329
0.300671  2657.38 0.249845 0.000112177
0.303356  2663.83 0.252434 0.0001121
0.30604  2667.08 0.253678 0.000112056
0.308725  2668.8 0.254272 0.000112029
0.311409  2669.78 0.254555 0.000112009
0.314094  2670.42 0.25469 0.000111993
0.316779  2670.89 0.254755 0.000111978
0.319463  2671.28 0.254785 0.000111963
0.322148  2671.64 0.2548 0.000111949
0.324832  2671.99 0.254807 0.000111936
0.327517  2672.32 0.25481 0.000111922
0.330201  2672.66 0.254812 0.000111908
0.332886  2673 0.254812 0.000111894
0.33557  2673.34 0.254813 0.00011188
0.338255  2673.68 0.254813 0.000111865
0.34094  2674.02 0.254813 0.000111851
0.343624  2674.37 0.254813 0.000111836
0.346309  2674.71 0.254813 0.000111822
0.348993  2675.06 0.254813 0.000111807
0.351678  2675.42 0.254813 0.000111792
0.354362  2675.77 0.254813 0.000111778
0.357047  2676.13 0.254813 0.000111763
0.359732  2676.49 0.254813 0.000111748
0.362416  2676.86 0.254813 0.000111732
0.365101  2677.22 0.254813 0.000111717
0.367785  2677.59 0.254813 0.000111702
0.37047  2677.97 0.254813 0.000111686
0.373154  2678.34 0.254813 0.00011167
0.375839  2678.72 0.254813 0.000111655
0.378523  2679.1 0.254813 0.000111639
0.381208  2679.48 0.254813 0.000111623
0.383893  2679.87 0.254813 0.000111607
0.386577  2680.26 0.254813 0.000111591
0.389262  2680.65 0.254813 0.000111574
0.391946  2681.04 0.254813 0.000111558
0.394631  2681.44 0.254813 0.000111541
0.397315  2681.84 0.254813 0.000111525
0.4  2682.24 0.254813 0.000111508
0.402685  2682.65 0.254813 0.000111491
0.405369  2683.05 0.254813 0.000111474
0.408054  2683.47 0.254813 0.000111457
0.410738  2683.88 0.254813 0.00011144
0.413423  2684.3 0.254813 0.000111423
0.418792  2685.14 0.254813 0.000111388
0.424161  2685.99 0.254813 0.000111352
0.42953  2686.86 0.254813 0.000111317
0.434899  2687.73 0.254813 0.00011128
0.440268  2688.62 0.254813 0.000111243
0.445638  2689.52 0.254813 0.000111206
0.451007  2690.44 0.254813 0.000111168
0.456376  2691.36 0.254813 0.00011113
0.461745  2692.3 0.254813 0.000111092
0.467114  2693.25 0.254813 0.000111052
0.472483  2694.21 0.254813 0.000111013
0.477852  2695.18 0.254813 0.000110973
0.483221  2696.16 0.254813 0.000110932
0.488591  2697.16 0.254813 0.000110891
0.49396  2698.17 0.254813 0.00011085
0.499329  2699.2 0.254813 0.000110808
0.504698  2700.23 0.254813 0.000110765
0.510067  2701.28 0.254813 0.000110722
0.515436  2702.34 0.254813 0.000110679
0.520805  2703.41 0.254813 0.000110635
0.526174  2704.5 0.254813 0.00011059
0.531544  2705.6 0.254813 0.000110545
0.536913  2706.71 0.254813 0.0001105
0.542282  2707.84 0.254813 0.000110454
0.547651  2708.97 0.254813 0.000110408
0.55302  2710.13 0.254813 0.000110361
0.558389  2711.29 0.254813 0.000110313
0.563758  2712.47 0.254813 0.000110265
0.569128  2713.66 0.254813 0.000110217
0.574497  2714.87 0.254813 0.000110168
0.579866  2716.09 0.254813 0.000110118
0.585235  2717.32 0.254813 0.000110068
0.590604  2718.57 0.254813 0.000110018
0.595973  2719.83 0.254813 0.000109967
0.601342  2721.11 0.254813 0.000109915
0.606711  2722.4 0.254813 0.000109863
0.612081  2723.7 0.254813 0.000109811
0.61745  2725.02 0.254813 0.000109758
0.622819  2726.35 0.254813 0.000109704
0.628188  2727.7 0.254813 0.00010965
0.633557  2729.06 0.254813 0.000109595
0.638926  2730.44 0.254813 0.00010954
0.644295  2731.83 0.254813 0.000109484
0.649664  2733.23 0.254813 0.000109428
0.655034  2734.65 0.254813 0.000109371
0.660403  2736.09 0.254813 0.000109314
0.665772  2737.54 0.254813 0.000109256
0.671141  2739.01 0.254813 0.000109197
0.67651  2740.49 0.254813 0.000109138
0.681879  2741.98 0.254813 0.000109079
0.687248  2743.5 0.254813 0.000109018
0.692617  2745.02 0.254813 0.000108958
0.697987  2746.57 0.254813 0.000108897
0.703356  2748.13 0.254813 0.000108835
0.708725  2749.7 0.254813 0.000108772
0.714094  2751.29 0.254813 0.00010871
0.719463  2752.9 0.254813 0.000108646
0.724832  2754.52 0.254813 0.000108582
0.730201  2756.16 0.254813 0.000108518
0.73557  2757.81 0.254813 0.000108452
0.74094  2759.48 0.254813 0.000108387
0.746309  2761.17 0.254813 0.000108321
0.751678  2762.87 0.254813 0.000108254
0.757047  2764.58 0.254813 0.000108187
0.762416  2766.29 0.254813 0.00010812
0.767785  2768.01 0.254813 0.000108053
0.773154  2769.7 0.254813 0.000107987
0.778523  2771.35 0.254813 0.000107923
0.783893  2772.88 0.254813 0.000107863
0.789262  2774.18 0.254813 0.000107812
0.794631  2775.04 0.254813 0.000107779
0.8  2775.04 0.254813 0.000107779
