TITLE="Graphics"
VARIABLES= "x", "T", "Y fr", "rho"
-0.0219919  293 0 0.000871523
-0.013745  293 -1.25674e-07 0.000871523
-0.0085906  293 -7.65827e-08 0.000871523
-0.00536913  293 -9.5759e-08 0.000871523
0  293 -4.24914e-08 0.000871523
0.00536913  293 -9.5759e-08 0.000871523
0.0107383  293 -4.24914e-08 0.000871523
0.0161074  293 -9.5759e-08 0.000871523
0.0214765  293 -4.24914e-08 0.000871523
0.0268456  293 -9.5759e-08 0.000871523
0.0322148  293 -4.24914e-08 0.000871523
0.0375839  293 -9.5759e-08 0.000871523
0.042953  293 -4.24914e-08 0.000871523
0.0483221  293 -9.5759e-08 0.000871523
0.0536913  293 -4.24914e-08 0.000871523
0.0590604  293 -9.5759e-08 0.000871523
0.0644295  293 -4.24914e-08 0.000871523
0.0697987  293 -9.5759e-08 0.000871523
0.0751678  293 -4.24914e-08 0.000871523
0.0805369  293 -9.5759e-08 0.000871523
0.085906  293 -4.24914e-08 0.000871523
0.0912752  293 -9.5759e-08 0.000871523
0.0966443  293 -4.24914e-08 0.000871523
0.102013  293 -9.5759e-08 0.000871523
0.107383  293 -4.24914e-08 0.000871523
0.112752  293 -9.5759e-08 0.000871523
0.118121  293 -4.24914e-08 0.000871523
0.12349  293 -9.5759e-08 0.000871523
0.128859  293 -4.24914e-08 0.000871523
0.134228  293 -9.5759e-08 0.000871523
0.139597  293 -4.24913e-08 0.000871524
0.144966  293.001 -9.5759e-08 0.000871519
0.150336  293.001 -4.24913e-08 0.000871521
0.15302  293.013 -5.58083e-08 0.000871485
0.155705  293.044 -4.24913e-08 0.000871393
0.158389  293.114 -5.58083e-08 0.000871184
0.161074  293.259 -4.24913e-08 0.000870754
0.163758  293.531 -5.58084e-08 0.000869946
0.166443  294.004 -4.24911e-08 0.000868546
0.169128  294.773 -5.58086e-08 0.000866281
0.171812  295.946 -4.24907e-08 0.000862849
0.174497  297.636 -5.58093e-08 0.000857947
0.177181  299.952 -4.24899e-08 0.000851323
0.179866  302.98 -5.58099e-08 0.000842815
0.18255  306.778 -4.24903e-08 0.000832381
0.185235  311.37 -5.58081e-08 0.000820107
0.187919  316.744 -4.2493e-08 0.00080619
0.190604  322.865 -5.58064e-08 0.000790908
0.193289  329.671 -4.24788e-08 0.00077458
0.195973  337.091 -5.5834e-08 0.00075753
0.198658  345.048 -4.2445e-08 0.000740061
0.201342  353.464 -5.58322e-08 0.000722439
0.204027  362.267 -4.27298e-08 0.000704884
0.206711  371.39 -5.48928e-08 0.000687569
0.209396  380.775 -4.6134e-08 0.000670623
0.212081  390.37 -4.3023e-08 0.000654139
0.214765  400.133 -8.00768e-08 0.000638178
0.21745  410.027 6.13815e-08 0.000622779
0.220134  420.022 -3.29892e-07 0.000607959
0.222819  430.094 6.88651e-07 0.000593722
0.225503  440.222 -1.56416e-06 0.000580062
0.228188  450.39 3.11943e-06 0.000566968
0.230872  460.586 -5.1527e-06 0.000554414
0.233557  470.8 8.06566e-06 0.000542391
0.236242  481.024 -8.71221e-06 0.000530857
0.238926  491.258 8.19685e-06 0.000519803
0.241611  501.503 1.84458e-06 0.000509183
0.244295  511.773 -1.2295e-05 0.00049896
0.24698  522.103 3.65706e-05 0.000489102
0.249664  532.57 -4.49617e-05 0.000479467
0.252349  543.336 7.13408e-05 0.000469997
0.255034  554.745 -6.05391e-05 0.000460297
0.257718  567.497 9.86449e-05 0.000449995
0.260403  583.004 -6.91631e-05 0.000437984
0.263087  604.025 0.000134718 0.000422791
0.265772  635.713 -6.23321e-05 0.000401671
0.268456  686.966 0.000173032 0.000371753
0.271141  771.337 -3.57922e-05 0.00033105
0.273826  905.846 0.000256107 0.00028194
0.27651  1106.62 0.000282742 0.000230791
0.279195  1381.37 0.00248544 0.000185121
0.281879  1716.81 0.0127818 0.000149838
0.284564  2066.02 0.0465313 0.000126989
0.287248  2365.97 0.103294 0.00011473
0.289933  2580.52 0.160229 0.000108975
0.292617  2713.6 0.201641 0.000106416
0.295302  2788.79 0.226703 0.000105259
0.297987  2829.23 0.240439 0.000104703
0.300671  2850.67 0.247589 0.000104413
0.303356  2862.22 0.251214 0.000104244
0.30604  2868.76 0.253028 0.000104133
0.308725  2872.8 0.25393 0.00010405
0.311409  2875.6 0.254377 0.00010398
0.314094  2877.79 0.254598 0.000103916
0.316779  2879.68 0.254707 0.000103855
0.319463  2881.43 0.254761 0.000103796
0.322148  2883.11 0.254787 0.000103737
0.324832  2884.76 0.2548 0.000103679
0.327517  2886.4 0.254807 0.00010362
0.330201  2888.04 0.25481 0.000103562
0.332886  2889.68 0.254811 0.000103503
0.33557  2891.33 0.254812 0.000103444
0.338255  2892.99 0.254813 0.000103385
0.34094  2894.65 0.254813 0.000103326
0.343624  2896.32 0.254813 0.000103266
0.346309  2897.99 0.254813 0.000103206
0.348993  2899.68 0.254813 0.000103147
0.351678  2901.37 0.254813 0.000103086
0.354362  2903.07 0.254813 0.000103026
0.357047  2904.77 0.254813 0.000102966
0.359732  2906.49 0.254813 0.000102905
0.362416  2908.21 0.254813 0.000102844
0.365101  2909.94 0.254813 0.000102783
0.367785  2911.68 0.254813 0.000102721
0.37047  2913.42 0.254813 0.00010266
0.373154  2915.17 0.254813 0.000102598
0.375839  2916.93 0.254813 0.000102537
0.378523  2918.69 0.254813 0.000102474
0.381208  2920.47 0.254813 0.000102412
0.383893  2922.25 0.254813 0.00010235
0.386577  2924.03 0.254813 0.000102287
0.389262  2925.83 0.254813 0.000102225
0.391946  2927.63 0.254813 0.000102162
0.394631  2929.44 0.254813 0.000102099
0.397315  2931.26 0.254813 0.000102035
0.4  2933.08 0.254813 0.000101972
0.402685  2934.91 0.254813 0.000101908
0.405369  2936.75 0.254813 0.000101844
0.408054  2938.6 0.254813 0.00010178
0.410738  2940.45 0.254813 0.000101716
0.413423  2942.31 0.254813 0.000101652
0.418792  2946.06 0.254813 0.000101523
0.424161  2949.84 0.254813 0.000101393
0.42953  2953.65 0.254813 0.000101262
0.434899  2957.5 0.254813 0.00010113
0.440268  2961.38 0.254813 0.000100997
0.445638  2965.31 0.254813 0.000100864
0.451007  2969.28 0.254813 0.000100729
0.456376  2973.29 0.254813 0.000100593
0.461745  2977.36 0.254813 0.000100455
0.467114  2981.49 0.254813 0.000100316
0.472483  2985.68 0.254813 0.000100175
0.477852  2989.94 0.254813 0.000100033
0.483221  2994.27 0.254813 9.9888e-05
0.488591  2998.69 0.254813 9.97408e-05
0.49396  3003.2 0.254813 9.95909e-05
0.499329  3007.82 0.254813 9.9438e-05
0.504698  3012.55 0.254813 9.92818e-05
0.510067  3017.41 0.254813 9.91221e-05
0.515436  3022.4 0.254813 9.89585e-05
0.520805  3027.53 0.254813 9.87906e-05
0.526174  3032.82 0.254813 9.86182e-05
0.531544  3038.29 0.254813 9.84409e-05
0.536913  3043.93 0.254813 9.82585e-05
0.542282  3049.75 0.254813 9.80707e-05
0.547651  3055.78 0.254813 9.78773e-05
0.55302  3062.01 0.254813 9.76781e-05
0.558389  3068.45 0.254813 9.74731e-05
0.563758  3075.11 0.254813 9.72621e-05
0.569128  3081.98 0.254813 9.70454e-05
0.574497  3089.05 0.254813 9.68231e-05
0.579866  3096.33 0.254813 9.65955e-05
0.585235  3103.8 0.254813 9.6363e-05
0.590604  3111.45 0.254813 9.61262e-05
0.595973  3119.25 0.254813 9.58858e-05
0.601342  3127.17 0.254813 9.56428e-05
0.606711  3135.19 0.254813 9.53984e-05
0.612081  3143.25 0.254813 9.51537e-05
0.61745  3151.3 0.254813 9.49105e-05
0.622819  3159.29 0.254813 9.46704e-05
0.628188  3167.15 0.254813 9.44356e-05
0.633557  3174.79 0.254813 9.42085e-05
0.638926  3182.11 0.254813 9.39916e-05
0.644295  3189.02 0.254813 9.3788e-05
0.649664  3195.39 0.254813 9.36011e-05
0.655034  3201.08 0.254813 9.34346e-05
0.660403  3205.95 0.254813 9.32927e-05
0.665772  3209.83 0.254813 9.31799e-05
0.671141  3212.53 0.254813 9.31017e-05
0.67651  3213.86 0.254813 9.3063e-05
0.681879  3213.6 0.254813 9.30706e-05
0.687248  3211.51 0.254813 9.3131e-05
0.692617  3207.4 0.254813 9.32505e-05
0.697987  3200.96 0.254813 9.34381e-05
0.703356  3191.98 0.254813 9.37009e-05
0.708725  3180.22 0.254813 9.40474e-05
0.714094  3165.46 0.254813 9.4486e-05
0.719463  3147.5 0.254813 9.5025e-05
0.724832  3126.22 0.254813 9.56719e-05
0.730201  3101.54 0.254813 9.64333e-05
0.73557  3073.48 0.254813 9.73138e-05
0.74094  3042.16 0.254813 9.83156e-05
0.746309  3007.84 0.254813 9.94373e-05
0.751678  2970.93 0.254813 0.000100673
0.757047  2931.97 0.254813 0.000102011
0.762416  2891.64 0.254813 0.000103433
0.767785  2850.78 0.254813 0.000104916
0.773154  2810.31 0.254813 0.000106427
0.778523  2771.29 0.254813 0.000107925
0.783893  2735.07 0.254813 0.000109354
0.789262  2703.9 0.254813 0.000110615
0.794631  2682.51 0.254813 0.000111497
0.8  2682.51 0.254813 0.000111497
