TITLE="Graphics"
VARIABLES= "x", "T", "Y fr", "rho"
-0.0219919  293 0 0.000871523
-0.013745  293 -1.25674e-07 0.000871523
-0.0085906  293 -7.65827e-08 0.000871523
-0.00536913  293 -9.5759e-08 0.000871523
0  293 -4.24914e-08 0.000871523
0.00536913  293 -9.5759e-08 0.000871523
0.0107383  293 -4.24914e-08 0.000871523
0.0161074  293 -9.5759e-08 0.000871523
0.0214765  293 -4.24914e-08 0.000871523
0.0268456  293 -9.5759e-08 0.000871523
0.0322148  293 -4.24914e-08 0.000871523
0.0375839  293 -9.5759e-08 0.000871523
0.042953  293 -4.24914e-08 0.000871523
0.0483221  293 -9.5759e-08 0.000871523
0.0536913  293 -4.24914e-08 0.000871523
0.0590604  293 -9.5759e-08 0.000871523
0.0644295  293 -4.24914e-08 0.000871523
0.0697987  293 -9.5759e-08 0.000871523
0.0751678  293 -4.24914e-08 0.000871523
0.0805369  293 -9.5759e-08 0.000871523
0.085906  293 -4.24914e-08 0.000871523
0.0912752  293 -9.5759e-08 0.000871523
0.0966443  293 -4.24914e-08 0.000871523
0.102013  293 -9.5759e-08 0.000871523
0.107383  293 -4.24914e-08 0.000871523
0.112752  293 -9.5759e-08 0.000871523
0.118121  293 -4.24914e-08 0.000871523
0.12349  293 -9.5759e-08 0.000871523
0.128859  293 -4.24914e-08 0.000871523
0.134228  293 -9.5759e-08 0.000871523
0.139597  293 -4.24913e-08 0.000871523
0.144966  293 -9.5759e-08 0.000871522
0.150336  293.002 -4.24913e-08 0.000871519
0.15302  293.008 -5.58083e-08 0.000871499
0.155705  293.023 -4.24913e-08 0.000871454
0.158389  293.054 -5.58084e-08 0.000871362
0.161074  293.114 -4.24911e-08 0.000871184
0.163758  293.222 -5.58087e-08 0.000870862
0.166443  293.409 -4.24906e-08 0.000870307
0.169128  293.716 -5.58093e-08 0.000869399
0.171812  294.195 -4.24899e-08 0.000867982
0.174497  294.912 -5.58097e-08 0.000865872
0.177181  295.94 -4.24904e-08 0.000862866
0.179866  297.354 -5.58082e-08 0.000858761
0.18255  299.231 -4.24915e-08 0.000853376
0.185235  301.634 -5.58112e-08 0.000846578
0.187919  304.612 -4.24805e-08 0.000838299
0.190604  308.198 -5.58206e-08 0.000828547
0.193289  312.399 -4.25433e-08 0.000817403
0.195973  317.208 -5.54275e-08 0.000805011
0.198658  322.598 -4.40969e-08 0.000791561
0.201342  328.53 -5.00947e-08 0.00077727
0.204027  334.956 -6.09031e-08 0.000762357
0.206711  341.825 -8.76487e-10 0.000747037
0.209396  349.085 -1.93673e-07 0.000731503
0.212081  356.682 3.25844e-07 0.000715921
0.214765  364.57 -9.21045e-07 0.000700431
0.21745  372.703 1.76971e-06 0.000685147
0.220134  381.042 -3.42217e-06 0.000670151
0.222819  389.552 5.3964e-06 0.000655515
0.225503  398.202 -7.38486e-06 0.00064127
0.228188  406.967 7.39238e-06 0.000627464
0.230872  415.824 -3.36127e-06 0.000614096
0.233557  424.755 -7.12221e-06 0.000601183
0.236242  433.746 2.3977e-05 0.000588731
0.238926  442.789 -4.39532e-05 0.000576685
0.241611  451.883 6.2274e-05 0.000565115
0.244295  461.039 -7.4321e-05 0.000553847
0.24698  470.299 8.35961e-05 0.000542991
0.249664  479.754 -9.06127e-05 0.000532237
0.252349  489.606 0.000103605 0.000521586
0.255034  500.275 -0.00010902 0.0005104
0.257718  512.622 0.000120264 0.000498172
0.260403  528.364 -0.000115557 0.000483265
0.263087  550.799 0.0001342 0.000463646
0.265772  585.926 -0.00012112 0.000435787
0.268456  643.627 0.000148361 0.00039678
0.271141  737.937 -0.000115267 0.000346018
0.273826  884.858 0.000185 0.000288615
0.27651  1097.83 0.000118615 0.000232617
0.279195  1381.37 0.00233258 0.000185105
0.281879  1719.57 0.0132532 0.000149638
0.284564  2064.39 0.0490414 0.000127278
0.287248  2354.7 0.107526 0.000115577
0.289933  2558.31 0.164462 0.000110216
0.292617  2682.25 0.204828 0.000107883
0.295302  2751.1 0.228759 0.000106846
0.297987  2787.54 0.241657 0.000106355
0.300671  2806.57 0.248277 0.000106102
0.303356  2816.67 0.251593 0.000105957
0.30604  2822.3 0.253233 0.000105862
0.308725  2825.73 0.25404 0.000105791
0.311409  2828.07 0.254435 0.000105731
0.314094  2829.88 0.254628 0.000105677
0.316779  2831.45 0.254723 0.000105626
0.319463  2832.89 0.254769 0.000105575
0.322148  2834.27 0.254792 0.000105525
0.324832  2835.63 0.254803 0.000105475
0.327517  2836.99 0.254808 0.000105425
0.330201  2838.34 0.254811 0.000105375
0.332886  2839.7 0.254812 0.000105325
0.33557  2841.06 0.254812 0.000105275
0.338255  2842.43 0.254813 0.000105224
0.34094  2843.81 0.254813 0.000105173
0.343624  2845.19 0.254813 0.000105122
0.346309  2846.58 0.254813 0.00010507
0.348993  2847.98 0.254813 0.000105019
0.351678  2849.39 0.254813 0.000104967
0.354362  2850.8 0.254813 0.000104915
0.357047  2852.22 0.254813 0.000104863
0.359732  2853.65 0.254813 0.00010481
0.362416  2855.08 0.254813 0.000104758
0.365101  2856.52 0.254813 0.000104705
0.367785  2857.97 0.254813 0.000104652
0.37047  2859.43 0.254813 0.000104598
0.373154  2860.89 0.254813 0.000104545
0.375839  2862.36 0.254813 0.000104491
0.378523  2863.84 0.254813 0.000104437
0.381208  2865.33 0.254813 0.000104383
0.383893  2866.82 0.254813 0.000104329
0.386577  2868.32 0.254813 0.000104274
0.389262  2869.83 0.254813 0.000104219
0.391946  2871.34 0.254813 0.000104164
0.394631  2872.86 0.254813 0.000104109
0.397315  2874.39 0.254813 0.000104054
0.4  2875.93 0.254813 0.000103998
0.402685  2877.47 0.254813 0.000103942
0.405369  2879.03 0.254813 0.000103886
0.408054  2880.58 0.254813 0.00010383
0.410738  2882.15 0.254813 0.000103774
0.413423  2883.72 0.254813 0.000103717
0.418792  2886.89 0.254813 0.000103603
0.424161  2890.09 0.254813 0.000103489
0.42953  2893.31 0.254813 0.000103373
0.434899  2896.57 0.254813 0.000103257
0.440268  2899.85 0.254813 0.00010314
0.445638  2903.16 0.254813 0.000103023
0.451007  2906.5 0.254813 0.000102904
0.456376  2909.87 0.254813 0.000102785
0.461745  2913.27 0.254813 0.000102665
0.467114  2916.69 0.254813 0.000102545
0.472483  2920.15 0.254813 0.000102423
0.477852  2923.63 0.254813 0.000102301
0.483221  2927.15 0.254813 0.000102179
0.488591  2930.69 0.254813 0.000102055
0.49396  2934.27 0.254813 0.000101931
0.499329  2937.88 0.254813 0.000101805
0.504698  2941.52 0.254813 0.000101679
0.510067  2945.19 0.254813 0.000101552
0.515436  2948.91 0.254813 0.000101425
0.520805  2952.66 0.254813 0.000101296
0.526174  2956.45 0.254813 0.000101166
0.531544  2960.29 0.254813 0.000101035
0.536913  2964.17 0.254813 0.000100902
0.542282  2968.11 0.254813 0.000100768
0.547651  2972.1 0.254813 0.000100633
0.55302  2976.14 0.254813 0.000100496
0.558389  2980.25 0.254813 0.000100358
0.563758  2984.43 0.254813 0.000100217
0.569128  2988.67 0.254813 0.000100075
0.574497  2993 0.254813 9.99303e-05
0.579866  2997.41 0.254813 9.97832e-05
0.585235  3001.92 0.254813 9.96336e-05
0.590604  3006.51 0.254813 9.94812e-05
0.595973  3011.22 0.254813 9.93259e-05
0.601342  3016.03 0.254813 9.91675e-05
0.606711  3020.95 0.254813 9.90058e-05
0.612081  3026 0.254813 9.88407e-05
0.61745  3031.17 0.254813 9.86721e-05
0.622819  3036.47 0.254813 9.84998e-05
0.628188  3041.9 0.254813 9.83239e-05
0.633557  3047.47 0.254813 9.81442e-05
0.638926  3053.18 0.254813 9.79608e-05
0.644295  3059.02 0.254813 9.77737e-05
0.649664  3064.99 0.254813 9.75832e-05
0.655034  3071.09 0.254813 9.73893e-05
0.660403  3077.31 0.254813 9.71925e-05
0.665772  3083.64 0.254813 9.6993e-05
0.671141  3090.07 0.254813 9.67913e-05
0.67651  3096.57 0.254813 9.65881e-05
0.681879  3103.13 0.254813 9.6384e-05
0.687248  3109.71 0.254813 9.61798e-05
0.692617  3116.3 0.254813 9.59766e-05
0.697987  3122.84 0.254813 9.57754e-05
0.703356  3129.31 0.254813 9.55775e-05
0.708725  3135.64 0.254813 9.53846e-05
0.714094  3141.79 0.254813 9.51979e-05
0.719463  3147.68 0.254813 9.50197e-05
0.724832  3153.25 0.254813 9.48517e-05
0.730201  3158.42 0.254813 9.46966e-05
0.73557  3163.09 0.254813 9.45566e-05
0.74094  3167.18 0.254813 9.44347e-05
0.746309  3170.57 0.254813 9.43338e-05
0.751678  3173.15 0.254813 9.42571e-05
0.757047  3174.81 0.254813 9.42076e-05
0.762416  3175.46 0.254813 9.41884e-05
0.767785  3175.01 0.254813 9.42018e-05
0.773154  3173.44 0.254813 9.42484e-05
0.778523  3170.82 0.254813 9.43262e-05
0.783893  3167.43 0.254813 9.44272e-05
0.789262  3163.84 0.254813 9.45345e-05
0.794631  3161.13 0.254813 9.46155e-05
0.8  3161.13 0.254813 9.46155e-05
