TITLE="Graphics"
VARIABLES= "x", "T", "Y fr", "rho"
-0.0219919  293 0 0.000871523
-0.013745  293 -2.38296e-09 0.000871523
-0.0085906  293 -1.45211e-09 0.000871523
-0.00536913  293 -1.81572e-09 0.000871523
0  293 -8.05686e-10 0.000871523
0.00536913  293 -1.81571e-09 0.000871523
0.0107383  293 -8.05681e-10 0.000871523
0.0161074  293 -1.81571e-09 0.000871523
0.0214765  293 -8.05676e-10 0.000871523
0.0268456  293 -1.8157e-09 0.000871523
0.0322148  293 -8.05672e-10 0.000871523
0.0375839  293 -1.8157e-09 0.000871523
0.042953  293 -8.05668e-10 0.000871523
0.0483221  293 -1.8157e-09 0.000871523
0.0536913  293 -8.05666e-10 0.000871523
0.0590604  293 -1.8157e-09 0.000871523
0.0644295  293 -8.05664e-10 0.000871523
0.0697987  293 -1.81569e-09 0.000871523
0.0751678  293 -8.05662e-10 0.000871523
0.0805369  293 -1.81569e-09 0.000871523
0.085906  293 -8.0566e-10 0.000871523
0.0912752  293 -1.81569e-09 0.000871523
0.0966443  293 -8.05666e-10 0.000871523
0.102013  293 -1.81566e-09 0.000871523
0.107383  293 -8.05774e-10 0.000871523
0.112752  293 -1.81528e-09 0.000871523
0.118121  293 -8.06964e-10 0.000871523
0.12349  293 -1.81176e-09 0.000871523
0.128859  293 -8.1688e-10 0.000871523
0.134228  293 -1.78339e-09 0.000871522
0.139597  293.001 -9.08181e-10 0.000871521
0.144966  293.002 -1.43043e-09 0.000871518
0.150336  293.004 -2.45796e-09 0.00087151
0.15302  293.007 4.14055e-10 0.000871503
0.155705  293.01 -5.40317e-09 0.000871494
0.158389  293.014 9.14675e-09 0.00087148
0.161074  293.021 -2.37389e-08 0.000871461
0.163758  293.03 4.77655e-08 0.000871435
0.166443  293.042 -1.00591e-07 0.0008714
0.169128  293.058 1.93504e-07 0.000871352
0.171812  293.079 -3.62115e-07 0.000871287
0.174497  293.108 6.35716e-07 0.000871203
0.177181  293.145 -1.0621e-06 0.000871091
0.179866  293.194 1.6648e-06 0.000870948
0.18255  293.256 -2.4522e-06 0.00087076
0.185235  293.336 3.36379e-06 0.000870526
0.187919  293.437 -4.28606e-06 0.000870222
0.190604  293.564 5.03659e-06 0.00086985
0.193289  293.722 -5.44852e-06 0.000869377
0.195973  293.917 5.42508e-06 0.000868806
0.198658  294.156 -5.0393e-06 0.000868096
0.201342  294.445 4.49613e-06 0.000867247
0.204027  294.794 -4.0464e-06 0.000866218
0.206711  295.21 3.7901e-06 0.000865001
0.209396  295.703 -3.62555e-06 0.000863554
0.212081  296.284 3.32906e-06 0.000861865
0.214765  296.963 -2.81476e-06 0.000859892
0.21745  297.752 2.21836e-06 0.000857615
0.220134  298.666 -1.76478e-06 0.00085499
0.222819  299.72 1.46697e-06 0.000851984
0.225503  300.936 -1.13605e-06 0.00084854
0.228188  302.343 6.46148e-07 0.000844591
0.230872  303.985 -1.5289e-07 0.00084003
0.233557  305.926 -1.74789e-07 0.0008347
0.236242  308.271 4.2313e-07 0.00082835
0.238926  311.187 -7.86669e-07 0.000820588
0.241611  314.942 1.17861e-06 0.000810804
0.244295  319.969 -1.42027e-06 0.000798066
0.24698  326.948 1.60282e-06 0.00078103
0.249664  336.941 -1.89377e-06 0.000757865
0.252349  351.538 2.12797e-06 0.000726398
0.255034  373.01 -2.2337e-06 0.000684583
0.257718  404.379 2.41508e-06 0.000631479
0.260403  449.294 -2.57721e-06 0.000568349
0.263087  511.647 2.61772e-06 0.000499088
0.265772  595.004 -2.70841e-06 0.000429167
0.268456  702.134 3.85994e-06 0.000363687
0.271141  834.785 1.47037e-05 0.000305897
0.273826  993.583 0.00020085 0.000257035
0.27651  1177.43 0.00145714 0.000217057
0.279195  1381.37 0.00719159 0.000185623
0.281879  1593.19 0.0246046 0.000162576
0.284564  1792.64 0.0607466 0.000147592
0.287248  1958.05 0.112008 0.000139372
0.289933  2077.58 0.162801 0.000135577
0.292617  2153.91 0.201135 0.000134024
0.295302  2198.39 0.225399 0.000133412
0.297987  2222.88 0.239262 0.00013316
0.300671  2235.96 0.24675 0.000133043
0.303356  2242.89 0.250675 0.000132981
0.30604  2246.59 0.252701 0.000132943
0.308725  2248.63 0.253738 0.000132914
0.311409  2249.83 0.254267 0.000132891
0.314094  2250.59 0.254536 0.00013287
0.316779  2251.14 0.254672 0.00013285
0.319463  2251.57 0.254742 0.00013283
0.322148  2251.96 0.254777 0.000132811
0.324832  2252.31 0.254795 0.000132791
0.327517  2252.66 0.254804 0.000132772
0.330201  2253 0.254808 0.000132752
0.332886  2253.34 0.254811 0.000132732
0.33557  2253.69 0.254812 0.000132712
0.338255  2254.04 0.254812 0.000132692
0.34094  2254.39 0.254813 0.000132671
0.343624  2254.74 0.254813 0.00013265
0.346309  2255.1 0.254813 0.000132629
0.348993  2255.46 0.254813 0.000132608
0.351678  2255.82 0.254813 0.000132586
0.354362  2256.19 0.254813 0.000132565
0.357047  2256.56 0.254813 0.000132543
0.359732  2256.94 0.254813 0.000132521
0.362416  2257.32 0.254813 0.000132499
0.365101  2257.7 0.254813 0.000132476
0.367785  2258.09 0.254813 0.000132453
0.37047  2258.48 0.254813 0.00013243
0.373154  2258.88 0.254813 0.000132407
0.375839  2259.28 0.254813 0.000132384
0.378523  2259.68 0.254813 0.00013236
0.381208  2260.09 0.254813 0.000132336
0.383893  2260.5 0.254813 0.000132312
0.386577  2260.92 0.254813 0.000132288
0.389262  2261.34 0.254813 0.000132263
0.391946  2261.77 0.254813 0.000132238
0.394631  2262.19 0.254813 0.000132213
0.397315  2262.63 0.254813 0.000132188
0.4  2263.07 0.254813 0.000132162
0.402685  2263.51 0.254813 0.000132136
0.405369  2263.95 0.254813 0.00013211
0.408054  2264.4 0.254813 0.000132084
0.410738  2264.86 0.254813 0.000132058
0.413423  2265.32 0.254813 0.000132031
0.418792  2266.25 0.254813 0.000131977
0.424161  2267.2 0.254813 0.000131921
0.42953  2268.16 0.254813 0.000131865
0.434899  2269.15 0.254813 0.000131808
0.440268  2270.15 0.254813 0.00013175
0.445638  2271.17 0.254813 0.00013169
0.451007  2272.21 0.254813 0.00013163
0.456376  2273.27 0.254813 0.000131569
0.461745  2274.35 0.254813 0.000131507
0.467114  2275.45 0.254813 0.000131443
0.472483  2276.56 0.254813 0.000131379
0.477852  2277.7 0.254813 0.000131313
0.483221  2278.86 0.254813 0.000131246
0.488591  2280.03 0.254813 0.000131179
0.49396  2281.23 0.254813 0.00013111
0.499329  2282.45 0.254813 0.00013104
0.504698  2283.68 0.254813 0.000130969
0.510067  2284.94 0.254813 0.000130897
0.515436  2286.22 0.254813 0.000130824
0.520805  2287.52 0.254813 0.000130749
0.526174  2288.84 0.254813 0.000130674
0.531544  2290.18 0.254813 0.000130597
0.536913  2291.55 0.254813 0.00013052
0.542282  2292.93 0.254813 0.000130441
0.547651  2294.34 0.254813 0.000130361
0.55302  2295.77 0.254813 0.00013028
0.558389  2297.22 0.254813 0.000130197
0.563758  2298.69 0.254813 0.000130114
0.569128  2300.19 0.254813 0.000130029
0.574497  2301.71 0.254813 0.000129943
0.579866  2303.25 0.254813 0.000129856
0.585235  2304.82 0.254813 0.000129768
0.590604  2306.4 0.254813 0.000129679
0.595973  2308.01 0.254813 0.000129588
0.601342  2309.65 0.254813 0.000129497
0.606711  2311.31 0.254813 0.000129404
0.612081  2312.99 0.254813 0.00012931
0.61745  2314.69 0.254813 0.000129215
0.622819  2316.42 0.254813 0.000129118
0.628188  2318.17 0.254813 0.00012902
0.633557  2319.95 0.254813 0.000128922
0.638926  2321.75 0.254813 0.000128822
0.644295  2323.57 0.254813 0.00012872
0.649664  2325.42 0.254813 0.000128618
0.655034  2327.3 0.254813 0.000128515
0.660403  2329.2 0.254813 0.00012841
0.665772  2331.12 0.254813 0.000128304
0.671141  2333.07 0.254813 0.000128197
0.67651  2335.04 0.254813 0.000128088
0.681879  2337.04 0.254813 0.000127979
0.687248  2339.06 0.254813 0.000127868
0.692617  2341.11 0.254813 0.000127756
0.697987  2343.18 0.254813 0.000127643
0.703356  2345.28 0.254813 0.000127529
0.708725  2347.41 0.254813 0.000127414
0.714094  2349.56 0.254813 0.000127297
0.719463  2351.73 0.254813 0.000127179
0.724832  2353.93 0.254813 0.000127061
0.730201  2356.15 0.254813 0.000126941
0.73557  2358.39 0.254813 0.00012682
0.74094  2360.65 0.254813 0.000126699
0.746309  2362.93 0.254813 0.000126576
0.751678  2365.22 0.254813 0.000126454
0.757047  2367.52 0.254813 0.000126331
0.762416  2369.8 0.254813 0.00012621
0.767785  2372.04 0.254813 0.00012609
0.773154  2374.22 0.254813 0.000125975
0.778523  2376.28 0.254813 0.000125866
0.783893  2378.12 0.254813 0.000125768
0.789262  2379.61 0.254813 0.000125689
0.794631  2380.53 0.254813 0.000125641
0.8  2380.53 0.254813 0.000125641
