TITLE="Graphics"
VARIABLES= "x", "T", "Y fr", "rho"
-0.0219919  293 0 0.000871523
-0.013745  293 -2.38296e-09 0.000871523
-0.0085906  293 -1.45211e-09 0.000871523
-0.00536913  293 -1.81572e-09 0.000871523
0  293 -8.05689e-10 0.000871523
0.00536913  293 -1.81572e-09 0.000871523
0.0107383  293 -8.05686e-10 0.000871523
0.0161074  293 -1.81571e-09 0.000871523
0.0214765  293 -8.05683e-10 0.000871523
0.0268456  293 -1.81571e-09 0.000871523
0.0322148  293 -8.05682e-10 0.000871523
0.0375839  293 -1.81571e-09 0.000871523
0.042953  293 -8.0568e-10 0.000871523
0.0483221  293 -1.81571e-09 0.000871523
0.0536913  293 -8.05678e-10 0.000871523
0.0590604  293 -1.81571e-09 0.000871523
0.0644295  293 -8.05677e-10 0.000871523
0.0697987  293 -1.81571e-09 0.000871523
0.0751678  293 -8.05675e-10 0.000871523
0.0805369  293 -1.8157e-09 0.000871523
0.085906  293 -8.05673e-10 0.000871523
0.0912752  293 -1.8157e-09 0.000871523
0.0966443  293 -8.05671e-10 0.000871523
0.102013  293 -1.8157e-09 0.000871523
0.107383  293 -8.0567e-10 0.000871523
0.112752  293 -1.8157e-09 0.000871523
0.118121  293 -8.05668e-10 0.000871523
0.12349  293 -1.8157e-09 0.000871523
0.128859  293 -8.05665e-10 0.000871523
0.134228  293.001 -1.8157e-09 0.000871521
0.139597  293.003 -8.05664e-10 0.000871515
0.144966  293.011 -1.8157e-09 0.000871489
0.150336  293.039 -8.05659e-10 0.000871406
0.15302  293.075 -1.05817e-09 0.000871302
0.155705  293.131 -8.05673e-10 0.000871135
0.158389  293.218 -1.05812e-09 0.000870877
0.161074  293.348 -8.05833e-10 0.000870488
0.163758  293.54 -1.05768e-09 0.000869919
0.166443  293.815 -8.06897e-10 0.000869106
0.169128  294.198 -1.05541e-09 0.000867974
0.171812  294.72 -8.11056e-10 0.000866436
0.174497  295.417 -1.04903e-09 0.000864394
0.177181  296.325 -8.18551e-10 0.000861744
0.179866  297.485 -1.04406e-09 0.000858383
0.18255  298.937 -8.15566e-10 0.000854214
0.185235  300.718 -1.05691e-09 0.000849154
0.187919  302.863 -8.05282e-10 0.000843142
0.190604  305.398 -1.02061e-09 0.000836142
0.193289  308.346 -9.94446e-10 0.00082815
0.195973  311.717 -4.06269e-10 0.000819192
0.198658  315.518 -2.8245e-09 0.000809325
0.201342  319.743 4.87336e-09 0.00079863
0.204027  324.382 -1.72873e-08 0.000787209
0.206711  329.417 4.1768e-08 0.000775176
0.209396  334.828 -1.04116e-07 0.00076265
0.212081  340.588 2.2982e-07 0.000749752
0.214765  346.67 -4.76582e-07 0.000736597
0.21745  353.047 8.98647e-07 0.000723293
0.220134  359.692 -1.5533e-06 0.00070993
0.222819  366.579 2.42838e-06 0.000696595
0.225503  373.685 -3.43098e-06 0.000683345
0.228188  380.995 4.3493e-06 0.000670238
0.230872  388.497 -4.96014e-06 0.00065729
0.233557  396.196 5.14925e-06 0.000644521
0.236242  404.114 -5.00725e-06 0.000631889
0.238926  412.306 4.84659e-06 0.000619339
0.241611  420.877 -4.71135e-06 0.000606723
0.244295  430.02 4.79294e-06 0.000593825
0.24698  440.065 -4.36355e-06 0.000580267
0.249664  451.563 4.38952e-06 0.000565496
0.252349  465.406 -3.40328e-06 0.000548673
0.255034  483.002 4.2867e-06 0.000528687
0.257718  506.481 -2.28559e-06 0.000504177
0.260403  538.897 4.53688e-06 0.000473851
0.263087  584.321 -3.00943e-07 0.000437014
0.265772  647.67 6.33965e-06 0.00039427
0.268456  734.193 6.38287e-06 0.000347806
0.271141  848.706 3.76921e-05 0.000300884
0.273826  994.741 0.000215239 0.000256738
0.27651  1173.46 0.001273 0.000217768
0.279195  1381.37 0.00593926 0.000185489
0.281879  1606.42 0.0207875 0.000160879
0.284564  1826.26 0.0536017 0.000144262
0.287248  2014.73 0.103137 0.000134718
0.289933  2155.06 0.154861 0.000130049
0.292617  2247.13 0.195455 0.000127993
0.295302  2302.15 0.221859 0.000127103
0.297987  2333.26 0.237225 0.000126688
0.300671  2350.49 0.245629 0.000126466
0.303356  2360.13 0.250075 0.000126325
0.30604  2365.76 0.252384 0.000126219
0.308725  2369.31 0.253573 0.000126131
0.311409  2371.8 0.254182 0.00012605
0.314094  2373.75 0.254492 0.000125973
0.316779  2375.42 0.25465 0.000125897
0.319463  2376.96 0.25473 0.000125822
0.322148  2378.44 0.254771 0.000125748
0.324832  2379.89 0.254792 0.000125673
0.327517  2381.34 0.254802 0.000125597
0.330201  2382.78 0.254808 0.000125522
0.332886  2384.23 0.25481 0.000125446
0.33557  2385.68 0.254812 0.000125369
0.338255  2387.14 0.254812 0.000125293
0.34094  2388.61 0.254813 0.000125216
0.343624  2390.09 0.254813 0.000125138
0.346309  2391.58 0.254813 0.00012506
0.348993  2393.08 0.254813 0.000124982
0.351678  2394.59 0.254813 0.000124903
0.354362  2396.11 0.254813 0.000124824
0.357047  2397.64 0.254813 0.000124744
0.359732  2399.18 0.254813 0.000124664
0.362416  2400.72 0.254813 0.000124584
0.365101  2402.28 0.254813 0.000124503
0.367785  2403.85 0.254813 0.000124422
0.37047  2405.42 0.254813 0.00012434
0.373154  2407.01 0.254813 0.000124259
0.375839  2408.61 0.254813 0.000124176
0.378523  2410.21 0.254813 0.000124094
0.381208  2411.83 0.254813 0.00012401
0.383893  2413.45 0.254813 0.000123927
0.386577  2415.08 0.254813 0.000123843
0.389262  2416.73 0.254813 0.000123759
0.391946  2418.38 0.254813 0.000123674
0.394631  2420.04 0.254813 0.000123589
0.397315  2421.72 0.254813 0.000123504
0.4  2423.4 0.254813 0.000123418
0.402685  2425.09 0.254813 0.000123332
0.405369  2426.79 0.254813 0.000123246
0.408054  2428.5 0.254813 0.000123159
0.410738  2430.22 0.254813 0.000123072
0.413423  2431.95 0.254813 0.000122984
0.418792  2435.44 0.254813 0.000122808
0.424161  2438.97 0.254813 0.00012263
0.42953  2442.53 0.254813 0.000122452
0.434899  2446.13 0.254813 0.000122271
0.440268  2449.77 0.254813 0.00012209
0.445638  2453.45 0.254813 0.000121906
0.451007  2457.17 0.254813 0.000121722
0.456376  2460.92 0.254813 0.000121536
0.461745  2464.71 0.254813 0.000121349
0.467114  2468.54 0.254813 0.000121161
0.472483  2472.41 0.254813 0.000120971
0.477852  2476.32 0.254813 0.00012078
0.483221  2480.27 0.254813 0.000120588
0.488591  2484.26 0.254813 0.000120395
0.49396  2488.29 0.254813 0.000120199
0.499329  2492.37 0.254813 0.000120003
0.504698  2496.49 0.254813 0.000119805
0.510067  2500.65 0.254813 0.000119606
0.515436  2504.86 0.254813 0.000119405
0.520805  2509.11 0.254813 0.000119202
0.526174  2513.42 0.254813 0.000118998
0.531544  2517.77 0.254813 0.000118792
0.536913  2522.18 0.254813 0.000118584
0.542282  2526.65 0.254813 0.000118375
0.547651  2531.17 0.254813 0.000118163
0.55302  2535.75 0.254813 0.00011795
0.558389  2540.39 0.254813 0.000117734
0.563758  2545.1 0.254813 0.000117517
0.569128  2549.88 0.254813 0.000117297
0.574497  2554.72 0.254813 0.000117074
0.579866  2559.63 0.254813 0.000116849
0.585235  2564.62 0.254813 0.000116622
0.590604  2569.67 0.254813 0.000116393
0.595973  2574.81 0.254813 0.000116161
0.601342  2580.01 0.254813 0.000115926
0.606711  2585.29 0.254813 0.00011569
0.612081  2590.65 0.254813 0.00011545
0.61745  2596.08 0.254813 0.000115209
0.622819  2601.57 0.254813 0.000114966
0.628188  2607.14 0.254813 0.00011472
0.633557  2612.76 0.254813 0.000114473
0.638926  2618.45 0.254813 0.000114225
0.644295  2624.18 0.254813 0.000113975
0.649664  2629.95 0.254813 0.000113725
0.655034  2635.76 0.254813 0.000113475
0.660403  2641.59 0.254813 0.000113224
0.665772  2647.42 0.254813 0.000112975
0.671141  2653.25 0.254813 0.000112726
0.67651  2659.06 0.254813 0.00011248
0.681879  2664.83 0.254813 0.000112237
0.687248  2670.54 0.254813 0.000111997
0.692617  2676.16 0.254813 0.000111761
0.697987  2681.69 0.254813 0.000111531
0.703356  2687.08 0.254813 0.000111307
0.708725  2692.32 0.254813 0.000111091
0.714094  2697.37 0.254813 0.000110883
0.719463  2702.2 0.254813 0.000110684
0.724832  2706.79 0.254813 0.000110497
0.730201  2711.11 0.254813 0.000110321
0.73557  2715.11 0.254813 0.000110158
0.74094  2718.77 0.254813 0.00011001
0.746309  2722.06 0.254813 0.000109877
0.751678  2724.95 0.254813 0.00010976
0.757047  2727.42 0.254813 0.000109661
0.762416  2729.46 0.254813 0.000109579
0.767785  2731.06 0.254813 0.000109515
0.773154  2732.25 0.254813 0.000109467
0.778523  2733.05 0.254813 0.000109435
0.783893  2733.53 0.254813 0.000109416
0.789262  2733.77 0.254813 0.000109406
0.794631  2733.86 0.254813 0.000109403
0.8  2733.86 0.254813 0.000109403
