TITLE="Graphics"
VARIABLES= "x", "T", "Y fr", "rho"
-0.0219919  293 0 0.000871523
-0.013745  293 -1.25674e-07 0.000871523
-0.0085906  293 -7.65827e-08 0.000871523
-0.00536913  293 -9.5759e-08 0.000871523
0  293 -4.24914e-08 0.000871523
0.00536913  293 -9.5759e-08 0.000871523
0.0107383  293 -4.24914e-08 0.000871523
0.0161074  293 -9.5759e-08 0.000871523
0.0214765  293 -4.24914e-08 0.000871523
0.0268456  293 -9.5759e-08 0.000871523
0.0322148  293 -4.24914e-08 0.000871523
0.0375839  293 -9.57589e-08 0.000871523
0.042953  293 -4.24918e-08 0.000871523
0.0483221  293 -9.57568e-08 0.000871523
0.0536913  293 -4.25e-08 0.000871523
0.0590604  293 -9.57253e-08 0.000871523
0.0644295  293 -4.26162e-08 0.000871523
0.0697987  293 -9.53156e-08 0.000871523
0.0751678  293 -4.39973e-08 0.000871523
0.0805369  293 -9.0881e-08 0.000871523
0.085906  293 -5.74896e-08 0.000871523
0.0912752  293 -5.22672e-08 0.000871523
0.0966443  293 -1.60309e-07 0.000871523
0.102013  293 1.98083e-07 0.000871523
0.107383  293 -7.00592e-07 0.000871523
0.112752  293 1.1624e-06 0.000871524
0.118121  293 -1.82277e-06 0.000871522
0.12349  293 4.83169e-07 0.000871523
0.128859  293 7.47532e-06 0.000871527
0.134228  293 -3.48381e-05 0.000871506
0.139597  293 0.000102834 0.000871575
0.144966  293 -0.000236597 0.000871405
0.150336  293 0.000433099 0.00087174
0.15302  293 0.00012564 0.000871586
0.155705  293 0.000301661 0.000871674
0.158389  293 -2.32213e-05 0.000871512
0.161074  293 0.000196394 0.000871621
0.163758  293 -0.000101447 0.000871472
0.166443  293 0.000148739 0.000871598
0.169128  293 -0.000140073 0.000871453
0.171812  293 0.000146721 0.000871596
0.174497  293 -0.000157926 0.000871444
0.177181  293 0.000151218 0.000871599
0.179866  293 -0.00015632 0.000871445
0.18255  293 0.000150393 0.000871598
0.185235  293 -0.000156008 0.000871444
0.187919  293 0.000157893 0.000871601
0.190604  293.001 -0.000162318 0.00087144
0.193289  293.001 0.000161265 0.000871601
0.195973  293.001 -0.00015984 0.00087144
0.198658  293.002 0.000159138 0.000871597
0.201342  293.003 -0.000161749 0.000871435
0.204027  293.004 0.000164281 0.000871595
0.206711  293.005 -0.000164495 0.000871426
0.209396  293.007 0.000162469 0.000871584
0.212081  293.009 -0.000162017 0.000871414
0.214765  293.013 0.000163899 0.000871567
0.21745  293.018 -0.000165803 0.000871388
0.220134  293.024 0.000164848 0.000871535
0.222819  293.032 -0.000163251 0.000871346
0.225503  293.044 0.000163695 0.000871476
0.228188  293.059 -0.000165767 0.000871265
0.230872  293.081 0.000165709 0.000871366
0.233557  293.112 -0.000164097 0.000871109
0.236242  293.159 0.000163864 0.000871131
0.238926  293.236 -0.000165675 0.000870739
0.241611  293.368 0.00016579 0.000870514
0.244295  293.607 -0.000164357 0.000869639
0.24698  294.065 0.000164217 0.000868449
0.249664  294.97 -0.000165751 0.000865621
0.252349  296.797 0.000165389 0.000860456
0.255034  300.524 -0.00016434 0.000849623
0.257718  308.121 0.00016494 0.000828832
0.260403  323.384 -0.000165635 0.000789564
0.263087  353.021 0.000164509 0.000723415
0.265772  407.267 -0.000165103 0.000626941
0.268456  498.445 0.000165243 0.000512354
0.271141  637.414 -0.000164618 0.000400575
0.273826  830.645 0.000167916 0.000307449
0.27651  1080.06 -3.75603e-05 0.000236422
0.279195  1381.37 0.00241949 0.000185114
0.281879  1713.94 0.0161153 0.000150378
0.284564  2031.24 0.058584 0.000130088
0.287248  2282.35 0.121427 0.000120263
0.289933  2448.1 0.17723 0.000116118
0.292617  2543.25 0.213891 0.000114454
0.295302  2593.2 0.23435 0.000113772
0.297987  2618.13 0.244854 0.000113479
0.300671  2630.27 0.25003 0.000113347
0.303356  2636.1 0.25253 0.000113286
0.30604  2638.9 0.253727 0.000113257
0.308725  2640.23 0.254297 0.000113243
0.311409  2640.87 0.254568 0.000113236
0.314094  2641.19 0.254697 0.000113233
0.316779  2641.34 0.254758 0.000113231
0.319463  2641.42 0.254787 0.000113229
0.322148  2641.47 0.254801 0.000113228
0.324832  2641.5 0.254807 0.000113227
0.327517  2641.52 0.25481 0.000113227
0.330201  2641.54 0.254812 0.000113226
0.332886  2641.56 0.254812 0.000113225
0.33557  2641.58 0.254813 0.000113225
0.338255  2641.59 0.254813 0.000113224
0.34094  2641.61 0.254813 0.000113223
0.343624  2641.63 0.254813 0.000113222
0.346309  2641.65 0.254813 0.000113222
0.348993  2641.66 0.254813 0.000113221
0.351678  2641.68 0.254813 0.00011322
0.354362  2641.7 0.254813 0.000113219
0.357047  2641.72 0.254813 0.000113219
0.359732  2641.74 0.254813 0.000113218
0.362416  2641.76 0.254813 0.000113217
0.365101  2641.77 0.254813 0.000113216
0.367785  2641.79 0.254813 0.000113215
0.37047  2641.81 0.254813 0.000113215
0.373154  2641.83 0.254813 0.000113214
0.375839  2641.85 0.254813 0.000113213
0.378523  2641.87 0.254813 0.000113212
0.381208  2641.9 0.254813 0.000113211
0.383893  2641.92 0.254813 0.00011321
0.386577  2641.94 0.254813 0.000113209
0.389262  2641.96 0.254813 0.000113208
0.391946  2641.98 0.254813 0.000113207
0.394631  2642 0.254813 0.000113206
0.397315  2642.03 0.254813 0.000113205
0.4  2642.05 0.254813 0.000113204
0.402685  2642.07 0.254813 0.000113203
0.405369  2642.1 0.254813 0.000113202
0.408054  2642.12 0.254813 0.000113201
0.410738  2642.15 0.254813 0.0001132
0.413423  2642.17 0.254813 0.000113199
0.418792  2642.22 0.254813 0.000113197
0.424161  2642.28 0.254813 0.000113195
0.42953  2642.33 0.254813 0.000113192
0.434899  2642.39 0.254813 0.00011319
0.440268  2642.45 0.254813 0.000113187
0.445638  2642.5 0.254813 0.000113185
0.451007  2642.57 0.254813 0.000113182
0.456376  2642.63 0.254813 0.00011318
0.461745  2642.69 0.254813 0.000113177
0.467114  2642.76 0.254813 0.000113174
0.472483  2642.83 0.254813 0.000113171
0.477852  2642.9 0.254813 0.000113168
0.483221  2642.97 0.254813 0.000113165
0.488591  2643.05 0.254813 0.000113162
0.49396  2643.13 0.254813 0.000113158
0.499329  2643.21 0.254813 0.000113155
0.504698  2643.29 0.254813 0.000113151
0.510067  2643.37 0.254813 0.000113148
0.515436  2643.46 0.254813 0.000113144
0.520805  2643.55 0.254813 0.00011314
0.526174  2643.64 0.254813 0.000113136
0.531544  2643.73 0.254813 0.000113132
0.536913  2643.83 0.254813 0.000113128
0.542282  2643.93 0.254813 0.000113124
0.547651  2644.03 0.254813 0.00011312
0.55302  2644.14 0.254813 0.000113115
0.558389  2644.24 0.254813 0.000113111
0.563758  2644.35 0.254813 0.000113106
0.569128  2644.47 0.254813 0.000113101
0.574497  2644.58 0.254813 0.000113096
0.579866  2644.7 0.254813 0.000113091
0.585235  2644.82 0.254813 0.000113086
0.590604  2644.95 0.254813 0.00011308
0.595973  2645.08 0.254813 0.000113075
0.601342  2645.21 0.254813 0.000113069
0.606711  2645.34 0.254813 0.000113063
0.612081  2645.48 0.254813 0.000113058
0.61745  2645.62 0.254813 0.000113051
0.622819  2645.77 0.254813 0.000113045
0.628188  2645.92 0.254813 0.000113039
0.633557  2646.07 0.254813 0.000113032
0.638926  2646.23 0.254813 0.000113026
0.644295  2646.39 0.254813 0.000113019
0.649664  2646.55 0.254813 0.000113012
0.655034  2646.72 0.254813 0.000113005
0.660403  2646.89 0.254813 0.000112997
0.665772  2647.07 0.254813 0.00011299
0.671141  2647.25 0.254813 0.000112982
0.67651  2647.43 0.254813 0.000112974
0.681879  2647.62 0.254813 0.000112966
0.687248  2647.82 0.254813 0.000112958
0.692617  2648.02 0.254813 0.000112949
0.697987  2648.22 0.254813 0.000112941
0.703356  2648.42 0.254813 0.000112932
0.708725  2648.64 0.254813 0.000112923
0.714094  2648.85 0.254813 0.000112914
0.719463  2649.07 0.254813 0.000112904
0.724832  2649.3 0.254813 0.000112895
0.730201  2649.53 0.254813 0.000112885
0.73557  2649.77 0.254813 0.000112875
0.74094  2650.01 0.254813 0.000112864
0.746309  2650.26 0.254813 0.000112854
0.751678  2650.51 0.254813 0.000112843
0.757047  2650.76 0.254813 0.000112832
0.762416  2651.02 0.254813 0.000112821
0.767785  2651.28 0.254813 0.00011281
0.773154  2651.54 0.254813 0.000112799
0.778523  2651.8 0.254813 0.000112788
0.783893  2652.04 0.254813 0.000112778
0.789262  2652.24 0.254813 0.000112769
0.794631  2652.38 0.254813 0.000112764
0.8  2652.38 0.254813 0.000112764
