TITLE="Graphics"
VARIABLES= "x", "T", "Y fr", "rho"
-0.0219919  293 0 0.000871523
-0.013745  293 -2.38296e-09 0.000871523
-0.0085906  293 -1.45211e-09 0.000871523
-0.00536913  293 -1.81572e-09 0.000871523
0  293 -8.05693e-10 0.000871523
0.00536913  293 -1.81572e-09 0.000871523
0.0107383  293 -8.05691e-10 0.000871523
0.0161074  293 -1.81572e-09 0.000871523
0.0214765  293 -8.05689e-10 0.000871523
0.0268456  293 -1.81572e-09 0.000871523
0.0322148  293 -8.05688e-10 0.000871523
0.0375839  293 -1.81572e-09 0.000871523
0.042953  293 -8.05686e-10 0.000871523
0.0483221  293 -1.81572e-09 0.000871523
0.0536913  293 -8.05684e-10 0.000871523
0.0590604  293 -1.81571e-09 0.000871523
0.0644295  293 -8.05683e-10 0.000871523
0.0697987  293 -1.81571e-09 0.000871523
0.0751678  293 -8.05681e-10 0.000871523
0.0805369  293 -1.81571e-09 0.000871523
0.085906  293 -8.05679e-10 0.000871523
0.0912752  293 -1.81571e-09 0.000871523
0.0966443  293 -8.05678e-10 0.000871523
0.102013  293 -1.81571e-09 0.000871523
0.107383  293 -8.05676e-10 0.000871523
0.112752  293 -1.81571e-09 0.000871523
0.118121  293 -8.05674e-10 0.000871523
0.12349  293 -1.8157e-09 0.000871523
0.128859  293 -8.05673e-10 0.000871523
0.134228  293 -1.8157e-09 0.000871523
0.139597  293 -8.05671e-10 0.000871524
0.144966  293.012 -1.8157e-09 0.000871488
0.150336  292.722 -8.05668e-10 0.00087235
0.15302  293.674 -1.05818e-09 0.000869523
0.155705  295.898 -8.05668e-10 0.000862989
0.158389  299.914 -1.05818e-09 0.000851433
0.161074  306.059 -8.05666e-10 0.000834337
0.163758  314.4 -1.05816e-09 0.000812202
0.166443  324.755 -8.05576e-10 0.000786305
0.169128  336.793 -1.05795e-09 0.0007582
0.171812  350.137 -8.05305e-10 0.000729304
0.174497  364.437 -1.05687e-09 0.000700687
0.177181  379.402 -7.94441e-10 0.000673049
0.179866  394.812 -9.86965e-10 0.00064678
0.18255  410.506 -4.72909e-10 0.000622053
0.185235  426.373 1.95408e-10 0.000598903
0.187919  442.339 3.22555e-09 0.000577287
0.190604  458.354 1.04089e-08 0.000557116
0.193289  474.387 2.87411e-08 0.000538287
0.195973  490.418 6.90698e-08 0.000520691
0.198658  506.435 1.54433e-07 0.000504224
0.201342  522.43 3.22531e-07 0.000488785
0.204027  538.402 6.39188e-07 0.000474286
0.206711  554.347 1.20737e-06 0.000460643
0.209396  570.268 2.1887e-06 0.000447784
0.212081  586.165 3.82209e-06 0.00043564
0.214765  602.043 6.45604e-06 0.000424151
0.21745  617.906 1.05799e-05 0.000413263
0.220134  633.76 1.6869e-05 0.000402927
0.222819  649.613 2.62306e-05 0.000393095
0.225503  665.477 3.98642e-05 0.000383728
0.228188  681.362 5.93223e-05 0.000374786
0.230872  697.285 8.65879e-05 0.000366233
0.233557  713.264 0.000124154 0.000358036
0.236242  729.324 0.000175117 0.000350163
0.238926  745.494 0.000243281 0.000342581
0.241611  761.814 0.000333277 0.000335259
0.244295  778.335 0.000450697 0.000328165
0.24698  795.129 0.00060226 0.000321262
0.249664  812.304 0.000796007 0.000314504
0.252349  830.026 0.00104156 0.000307832
0.255034  848.566 0.00135047 0.00030116
0.257718  868.383 0.00173677 0.000294353
0.260403  890.259 0.00221789 0.000287199
0.263087  915.538 0.00281638 0.000279365
0.265772  946.488 0.0035637 0.000270346
0.268456  986.798 0.00450845 0.000259444
0.271141  1042.14 0.00573947 0.000245841
0.273826  1120.38 0.00744346 0.000228896
0.27651  1230.83 0.010078 0.000208673
0.279195  1381.37 0.0147874 0.000186439
0.281879  1573.18 0.0242296 0.000164607
0.284564  1794.94 0.0429361 0.000145859
0.287248  2022 0.0746441 0.000131941
0.289933  2225.56 0.116414 0.000122952
0.292617  2386.34 0.158722 0.000117731
0.295302  2500.75 0.193304 0.000114853
0.297987  2576.48 0.217604 0.000113253
0.300671  2624.81 0.233099 0.000112309
0.303356  2655.64 0.242413 0.000111694
0.30604  2676 0.247823 0.000111245
0.308725  2690.37 0.250903 0.00011088
0.311409  2701.43 0.252636 0.000110554
0.314094  2710.76 0.253605 0.000110245
0.316779  2719.25 0.254144 0.000109941
0.319463  2727.38 0.254444 0.000109635
0.322148  2735.45 0.254609 0.000109324
0.324832  2743.6 0.254701 0.000109006
0.327517  2751.91 0.254751 0.00010868
0.330201  2760.42 0.254779 0.000108348
0.332886  2769.13 0.254794 0.000108008
0.33557  2778.05 0.254803 0.000107662
0.338255  2787.15 0.254807 0.00010731
0.34094  2796.43 0.25481 0.000106955
0.343624  2805.85 0.254811 0.000106596
0.346309  2815.38 0.254812 0.000106235
0.348993  2824.99 0.254812 0.000105874
0.351678  2834.64 0.254813 0.000105513
0.354362  2844.3 0.254813 0.000105155
0.357047  2853.92 0.254813 0.0001048
0.359732  2863.46 0.254813 0.000104451
0.362416  2872.87 0.254813 0.000104109
0.365101  2882.09 0.254813 0.000103776
0.367785  2891.09 0.254813 0.000103453
0.37047  2899.79 0.254813 0.000103142
0.373154  2908.15 0.254813 0.000102846
0.375839  2916.1 0.254813 0.000102565
0.378523  2923.59 0.254813 0.000102303
0.381208  2930.54 0.254813 0.00010206
0.383893  2936.88 0.254813 0.00010184
0.386577  2942.56 0.254813 0.000101643
0.389262  2947.5 0.254813 0.000101473
0.391946  2951.62 0.254813 0.000101332
0.394631  2954.84 0.254813 0.000101221
0.397315  2957.1 0.254813 0.000101144
0.4  2958.31 0.254813 0.000101102
0.402685  2958.4 0.254813 0.000101099
0.405369  2957.28 0.254813 0.000101138
0.408054  2954.87 0.254813 0.00010122
0.410738  2951.11 0.254813 0.000101349
0.413423  2945.92 0.254813 0.000101528
0.418792  2931.01 0.254813 0.000102044
0.424161  2909.63 0.254813 0.000102794
0.42953  2881.49 0.254813 0.000103798
0.434899  2846.6 0.254813 0.00010507
0.440268  2805.34 0.254813 0.000106615
0.445638  2758.59 0.254813 0.000108422
0.451007  2707.77 0.254813 0.000110457
0.456376  2654.83 0.254813 0.000112659
0.461745  2602.18 0.254813 0.000114939
0.467114  2552.34 0.254813 0.000117183
0.472483  2507.67 0.254813 0.000119271
0.477852  2469.99 0.254813 0.00012109
0.483221  2440.35 0.254813 0.000122561
0.488591  2418.96 0.254813 0.000123645
0.49396  2405.34 0.254813 0.000124345
0.499329  2398.51 0.254813 0.000124699
0.504698  2397.27 0.254813 0.000124764
0.510067  2400.35 0.254813 0.000124604
0.515436  2406.57 0.254813 0.000124281
0.520805  2414.91 0.254813 0.000123852
0.526174  2424.52 0.254813 0.000123361
0.531544  2434.7 0.254813 0.000122845
0.536913  2444.94 0.254813 0.000122331
0.542282  2454.85 0.254813 0.000121837
0.547651  2464.14 0.254813 0.000121378
0.55302  2472.63 0.254813 0.000120961
0.558389  2480.22 0.254813 0.000120591
0.563758  2486.87 0.254813 0.000120268
0.569128  2492.58 0.254813 0.000119993
0.574497  2497.4 0.254813 0.000119761
0.579866  2501.39 0.254813 0.00011957
0.585235  2504.63 0.254813 0.000119415
0.590604  2507.23 0.254813 0.000119292
0.595973  2509.27 0.254813 0.000119195
0.601342  2510.84 0.254813 0.00011912
0.606711  2512.04 0.254813 0.000119063
0.612081  2512.93 0.254813 0.000119021
0.61745  2513.58 0.254813 0.00011899
0.622819  2514.05 0.254813 0.000118968
0.628188  2514.39 0.254813 0.000118952
0.633557  2514.62 0.254813 0.000118941
0.638926  2514.78 0.254813 0.000118933
0.644295  2514.89 0.254813 0.000118928
0.649664  2514.96 0.254813 0.000118925
0.655034  2515.01 0.254813 0.000118923
0.660403  2515.04 0.254813 0.000118921
0.665772  2515.06 0.254813 0.00011892
0.671141  2515.07 0.254813 0.00011892
0.67651  2515.08 0.254813 0.000118919
0.681879  2515.08 0.254813 0.000118919
0.687248  2515.09 0.254813 0.000118919
0.692617  2515.09 0.254813 0.000118919
0.697987  2515.09 0.254813 0.000118919
0.703356  2515.09 0.254813 0.000118919
0.708725  2515.09 0.254813 0.000118919
0.714094  2515.09 0.254813 0.000118919
0.719463  2515.09 0.254813 0.000118919
0.724832  2515.09 0.254813 0.000118919
0.730201  2515.09 0.254813 0.000118919
0.73557  2515.09 0.254813 0.000118919
0.74094  2515.09 0.254813 0.000118919
0.746309  2515.09 0.254813 0.000118919
0.751678  2515.09 0.254813 0.000118919
0.757047  2515.09 0.254813 0.000118919
0.762416  2515.09 0.254813 0.000118919
0.767785  2515.09 0.254813 0.000118919
0.773154  2515.09 0.254813 0.000118919
0.778523  2515.09 0.254813 0.000118919
0.783893  2515.09 0.254813 0.000118919
0.789262  2515.09 0.254813 0.000118919
0.794631  2515.09 0.254813 0.000118919
0.8  2515.09 0.254813 0.000118919
