TITLE="Graphics"
VARIABLES= "x", "T", "Y fr", "rho"
-0.0219919  293 0 0.000871523
-0.013745  293 -2.38296e-09 0.000871523
-0.0085906  293 -1.45211e-09 0.000871523
-0.00536913  293 -1.81572e-09 0.000871523
0  293 -8.05689e-10 0.000871523
0.00536913  293 -1.81572e-09 0.000871523
0.0107383  293 -8.05686e-10 0.000871523
0.0161074  293 -1.81571e-09 0.000871523
0.0214765  293 -8.05684e-10 0.000871523
0.0268456  293 -1.81571e-09 0.000871523
0.0322148  293 -8.05682e-10 0.000871523
0.0375839  293 -1.81571e-09 0.000871523
0.042953  293 -8.0568e-10 0.000871523
0.0483221  293 -1.81571e-09 0.000871523
0.0536913  293 -8.05679e-10 0.000871523
0.0590604  293 -1.81571e-09 0.000871523
0.0644295  293 -8.05677e-10 0.000871523
0.0697987  293 -1.81571e-09 0.000871523
0.0751678  293 -8.05675e-10 0.000871523
0.0805369  293 -1.8157e-09 0.000871523
0.085906  293 -8.05673e-10 0.000871523
0.0912752  293 -1.8157e-09 0.000871523
0.0966443  293 -8.05672e-10 0.000871523
0.102013  293 -1.8157e-09 0.000871523
0.107383  293 -8.0567e-10 0.000871523
0.112752  293 -1.8157e-09 0.000871523
0.118121  293 -8.05668e-10 0.000871523
0.12349  293 -1.8157e-09 0.000871523
0.128859  293 -8.05666e-10 0.000871523
0.134228  293.001 -1.8157e-09 0.000871521
0.139597  293.003 -8.05664e-10 0.000871515
0.144966  293.012 -1.8157e-09 0.000871488
0.150336  293.042 -8.05659e-10 0.000871397
0.15302  293.081 -1.05817e-09 0.000871281
0.155705  293.144 -8.05665e-10 0.000871095
0.158389  293.242 -1.05815e-09 0.000870804
0.161074  293.39 -8.05749e-10 0.000870365
0.163758  293.608 -1.05789e-09 0.000869719
0.166443  293.92 -8.06424e-10 0.000868796
0.169128  294.355 -1.05632e-09 0.00086751
0.171812  294.949 -8.09582e-10 0.000865763
0.174497  295.74 -1.05091e-09 0.000863448
0.177181  296.77 -8.17025e-10 0.000860452
0.179866  298.081 -1.04387e-09 0.000856666
0.18255  299.716 -8.18432e-10 0.000851993
0.185235  301.714 -1.0532e-09 0.000846352
0.187919  304.107 -8.0126e-10 0.000839692
0.190604  306.923 -1.05368e-09 0.000831989
0.193289  310.177 -8.79829e-10 0.000823259
0.195973  313.88 -7.553e-10 0.000813546
0.198658  318.031 -1.79161e-09 0.000802929
0.201342  322.62 1.94602e-09 0.000791508
0.204027  327.631 -9.52417e-09 0.000779401
0.206711  333.043 2.27513e-08 0.000766736
0.209396  338.829 -6.11684e-08 0.000753642
0.212081  344.961 1.40888e-07 0.000740246
0.214765  351.408 -3.09116e-07 0.000726665
0.21745  358.141 6.14784e-07 0.000713005
0.220134  365.13 -1.1265e-06 0.000699356
0.222819  372.35 1.86971e-06 0.000685798
0.225503  379.776 -2.81343e-06 0.000672386
0.228188  387.392 3.80427e-06 0.00065917
0.230872  395.186 -4.61757e-06 0.000646165
0.233557  403.162 5.06526e-06 0.000633386
0.236242  411.34 -5.08178e-06 0.00062079
0.238926  419.771 4.96234e-06 0.000608325
0.241611  428.557 -4.7305e-06 0.00059585
0.244295  437.881 4.90173e-06 0.000583166
0.24698  448.058 -4.46541e-06 0.000569916
0.249664  459.618 4.77512e-06 0.000555585
0.252349  473.421 -3.42705e-06 0.000539384
0.255034  490.828 4.77877e-06 0.000520258
0.257718  513.911 -2.09872e-06 0.000496887
0.260403  545.669 5.49826e-06 0.00046797
0.263087  590.137 4.17212e-07 0.000432707
0.265772  652.256 8.00169e-06 0.000391499
0.268456  737.384 8.26873e-06 0.000346302
0.271141  850.528 4.18522e-05 0.00030024
0.273826  995.447 0.000221566 0.000256557
0.27651  1173.51 0.00127402 0.000217759
0.279195  1381.37 0.0058854 0.000185484
0.281879  1607.05 0.0205728 0.000160796
0.284564  1828.09 0.0531412 0.000144078
0.287248  2018.07 0.102509 0.000134444
0.289933  2159.85 0.154257 0.000129711
0.292617  2253.08 0.194999 0.000127617
0.295302  2308.9 0.221563 0.000126707
0.297987  2340.52 0.237047 0.00012628
0.300671  2358.07 0.245528 0.000126051
0.303356  2367.91 0.250019 0.000125905
0.30604  2373.68 0.252354 0.000125795
0.308725  2377.33 0.253557 0.000125704
0.311409  2379.9 0.254173 0.00012562
0.314094  2381.92 0.254487 0.00012554
0.316779  2383.67 0.254648 0.000125462
0.319463  2385.27 0.254729 0.000125384
0.322148  2386.82 0.25477 0.000125306
0.324832  2388.33 0.254791 0.000125229
0.327517  2389.84 0.254802 0.000125151
0.330201  2391.34 0.254807 0.000125072
0.332886  2392.85 0.25481 0.000124994
0.33557  2394.37 0.254812 0.000124914
0.338255  2395.89 0.254812 0.000124835
0.34094  2397.43 0.254813 0.000124755
0.343624  2398.97 0.254813 0.000124675
0.346309  2400.53 0.254813 0.000124594
0.348993  2402.09 0.254813 0.000124513
0.351678  2403.67 0.254813 0.000124431
0.354362  2405.25 0.254813 0.00012435
0.357047  2406.84 0.254813 0.000124267
0.359732  2408.44 0.254813 0.000124185
0.362416  2410.06 0.254813 0.000124101
0.365101  2411.68 0.254813 0.000124018
0.367785  2413.31 0.254813 0.000123934
0.37047  2414.95 0.254813 0.00012385
0.373154  2416.61 0.254813 0.000123765
0.375839  2418.27 0.254813 0.00012368
0.378523  2419.94 0.254813 0.000123595
0.381208  2421.62 0.254813 0.000123509
0.383893  2423.31 0.254813 0.000123423
0.386577  2425.01 0.254813 0.000123336
0.389262  2426.72 0.254813 0.000123249
0.391946  2428.44 0.254813 0.000123162
0.394631  2430.17 0.254813 0.000123074
0.397315  2431.91 0.254813 0.000122986
0.4  2433.66 0.254813 0.000122898
0.402685  2435.42 0.254813 0.000122809
0.405369  2437.19 0.254813 0.00012272
0.408054  2438.96 0.254813 0.000122631
0.410738  2440.75 0.254813 0.000122541
0.413423  2442.55 0.254813 0.000122451
0.418792  2446.17 0.254813 0.000122269
0.424161  2449.83 0.254813 0.000122087
0.42953  2453.53 0.254813 0.000121903
0.434899  2457.27 0.254813 0.000121717
0.440268  2461.04 0.254813 0.00012153
0.445638  2464.86 0.254813 0.000121342
0.451007  2468.71 0.254813 0.000121153
0.456376  2472.6 0.254813 0.000120962
0.461745  2476.54 0.254813 0.00012077
0.467114  2480.51 0.254813 0.000120577
0.472483  2484.52 0.254813 0.000120382
0.477852  2488.57 0.254813 0.000120186
0.483221  2492.67 0.254813 0.000119989
0.488591  2496.81 0.254813 0.00011979
0.49396  2500.99 0.254813 0.000119589
0.499329  2505.22 0.254813 0.000119387
0.504698  2509.5 0.254813 0.000119184
0.510067  2513.83 0.254813 0.000118979
0.515436  2518.21 0.254813 0.000118772
0.520805  2522.64 0.254813 0.000118563
0.526174  2527.13 0.254813 0.000118352
0.531544  2531.67 0.254813 0.00011814
0.536913  2536.28 0.254813 0.000117925
0.542282  2540.95 0.254813 0.000117708
0.547651  2545.69 0.254813 0.000117489
0.55302  2550.5 0.254813 0.000117268
0.558389  2555.37 0.254813 0.000117044
0.563758  2560.32 0.254813 0.000116818
0.569128  2565.35 0.254813 0.000116589
0.574497  2570.45 0.254813 0.000116358
0.579866  2575.63 0.254813 0.000116124
0.585235  2580.9 0.254813 0.000115887
0.590604  2586.24 0.254813 0.000115647
0.595973  2591.66 0.254813 0.000115405
0.601342  2597.16 0.254813 0.000115161
0.606711  2602.74 0.254813 0.000114914
0.612081  2608.39 0.254813 0.000114665
0.61745  2614.11 0.254813 0.000114414
0.622819  2619.9 0.254813 0.000114161
0.628188  2625.75 0.254813 0.000113907
0.633557  2631.64 0.254813 0.000113652
0.638926  2637.58 0.254813 0.000113396
0.644295  2643.54 0.254813 0.00011314
0.649664  2649.53 0.254813 0.000112885
0.655034  2655.51 0.254813 0.000112631
0.660403  2661.48 0.254813 0.000112378
0.665772  2667.41 0.254813 0.000112128
0.671141  2673.29 0.254813 0.000111881
0.67651  2679.09 0.254813 0.000111639
0.681879  2684.79 0.254813 0.000111402
0.687248  2690.36 0.254813 0.000111172
0.692617  2695.77 0.254813 0.000110948
0.697987  2700.99 0.254813 0.000110734
0.703356  2705.99 0.254813 0.000110529
0.708725  2710.73 0.254813 0.000110336
0.714094  2715.18 0.254813 0.000110155
0.719463  2719.3 0.254813 0.000109988
0.724832  2723.06 0.254813 0.000109837
0.730201  2726.4 0.254813 0.000109702
0.73557  2729.31 0.254813 0.000109585
0.74094  2731.74 0.254813 0.000109488
0.746309  2733.66 0.254813 0.000109411
0.751678  2735.05 0.254813 0.000109355
0.757047  2735.88 0.254813 0.000109322
0.762416  2736.17 0.254813 0.00010931
0.767785  2735.92 0.254813 0.00010932
0.773154  2735.19 0.254813 0.000109349
0.778523  2734.09 0.254813 0.000109394
0.783893  2732.77 0.254813 0.000109446
0.789262  2731.49 0.254813 0.000109498
0.794631  2730.6 0.254813 0.000109533
0.8  2730.6 0.254813 0.000109533
