TITLE="Graphics"
VARIABLES= "x", "T", "Y fr", "rho"
-0.0219919  293 0 0.000871523
-0.013745  293 -2.38296e-09 0.000871523
-0.0085906  293 -1.45211e-09 0.000871523
-0.00536913  293 -1.81572e-09 0.000871523
0  293 -8.05686e-10 0.000871523
0.00536913  293 -1.81571e-09 0.000871523
0.0107383  293 -8.05681e-10 0.000871523
0.0161074  293 -1.81571e-09 0.000871523
0.0214765  293 -8.05676e-10 0.000871523
0.0268456  293 -1.8157e-09 0.000871523
0.0322148  293 -8.05671e-10 0.000871523
0.0375839  293 -1.8157e-09 0.000871523
0.042953  293 -8.05667e-10 0.000871523
0.0483221  293 -1.8157e-09 0.000871523
0.0536913  293 -8.05663e-10 0.000871523
0.0590604  293 -1.81569e-09 0.000871523
0.0644295  293 -8.05661e-10 0.000871523
0.0697987  293 -1.81569e-09 0.000871523
0.0751678  293 -8.05659e-10 0.000871523
0.0805369  293 -1.81569e-09 0.000871523
0.085906  293 -8.05666e-10 0.000871523
0.0912752  293 -1.81565e-09 0.000871523
0.0966443  293 -8.05778e-10 0.000871523
0.102013  293 -1.81528e-09 0.000871523
0.107383  293 -8.06929e-10 0.000871523
0.112752  293 -1.81178e-09 0.000871523
0.118121  293 -8.17813e-10 0.000871523
0.12349  293 -1.77518e-09 0.000871523
0.128859  293 -9.54785e-10 0.000871523
0.134228  293 -1.21873e-09 0.000871523
0.139597  293.001 -3.27706e-09 0.000871522
0.144966  293.001 8.28871e-09 0.00087152
0.150336  293.003 -4.04453e-08 0.000871515
0.15302  293.004 2.30297e-08 0.000871512
0.155705  293.006 -7.4816e-08 0.000871506
0.158389  293.008 1.32856e-07 0.000871499
0.161074  293.012 -2.54499e-07 0.000871488
0.163758  293.016 4.48722e-07 0.000871475
0.166443  293.023 -7.63166e-07 0.000871455
0.169128  293.031 1.22333e-06 0.00087143
0.171812  293.043 -1.85973e-06 0.000871395
0.174497  293.058 2.65467e-06 0.000871352
0.177181  293.078 -3.55495e-06 0.00087129
0.179866  293.103 4.43254e-06 0.000871218
0.18255  293.136 -5.13169e-06 0.000871115
0.185235  293.179 5.48857e-06 0.000870995
0.187919  293.232 -5.43348e-06 0.00087083
0.190604  293.3 5.01921e-06 0.000870635
0.193289  293.384 -4.44608e-06 0.00087038
0.195973  293.489 3.93841e-06 0.000870073
0.198658  293.618 -3.6311e-06 0.000869687
0.201342  293.776 3.45053e-06 0.000869223
0.204027  293.968 -3.20495e-06 0.000868653
0.206711  294.199 2.74409e-06 0.000867972
0.209396  294.477 -2.14044e-06 0.00086715
0.212081  294.809 1.59891e-06 0.000866176
0.214765  295.203 -1.24925e-06 0.000865018
0.21745  295.67 9.71493e-07 0.000863654
0.220134  296.222 -5.79085e-07 0.000862044
0.222819  296.875 6.43636e-08 0.000860148
0.225503  297.651 3.6666e-07 0.000857904
0.228188  298.582 -6.27667e-07 0.000855228
0.230872  299.715 8.70768e-07 0.000851996
0.233557  301.123 -1.24033e-06 0.000848014
0.236242  302.918 1.59738e-06 0.000842988
0.238926  305.285 -1.79709e-06 0.000836452
0.241611  308.513 1.95741e-06 0.0008277
0.244295  313.067 -2.22901e-06 0.000815659
0.24698  319.675 2.45663e-06 0.000798802
0.249664  329.456 -2.54908e-06 0.000775083
0.252349  344.078 2.6894e-06 0.000742148
0.255034  365.89 -2.87736e-06 0.000697903
0.257718  397.977 2.92293e-06 0.000641637
0.260403  443.99 -3.01114e-06 0.000575139
0.263087  507.729 3.12492e-06 0.000502939
0.265772  592.586 -3.07361e-06 0.000430918
0.268456  701.103 4.21086e-06 0.000364221
0.271141  834.82 1.41462e-05 0.000305884
0.273826  994.206 0.000203702 0.000256875
0.27651  1178.06 0.00148457 0.000216945
0.279195  1381.37 0.0073165 0.000185637
0.281879  1591.96 0.0249259 0.000162732
0.284564  1789.78 0.0612789 0.000147875
0.287248  1953.49 0.112604 0.000139748
0.289933  2071.58 0.163291 0.000136012
0.292617  2146.87 0.20146 0.000134492
0.295302  2190.67 0.225589 0.000133899
0.297987  2214.73 0.239364 0.000133659
0.300671  2227.53 0.246802 0.000133551
0.303356  2234.27 0.250701 0.000133497
0.30604  2237.82 0.252714 0.000133465
0.308725  2239.74 0.253744 0.000133443
0.311409  2240.81 0.25427 0.000133426
0.314094  2241.46 0.254537 0.000133411
0.316779  2241.9 0.254673 0.000133398
0.319463  2242.22 0.254742 0.000133384
0.322148  2242.49 0.254777 0.000133371
0.324832  2242.74 0.254795 0.000133358
0.327517  2242.97 0.254804 0.000133345
0.330201  2243.2 0.254808 0.000133332
0.332886  2243.43 0.254811 0.000133319
0.33557  2243.66 0.254812 0.000133305
0.338255  2243.89 0.254812 0.000133291
0.34094  2244.13 0.254813 0.000133277
0.343624  2244.36 0.254813 0.000133263
0.346309  2244.6 0.254813 0.000133249
0.348993  2244.84 0.254813 0.000133235
0.351678  2245.09 0.254813 0.000133221
0.354362  2245.33 0.254813 0.000133206
0.357047  2245.58 0.254813 0.000133191
0.359732  2245.84 0.254813 0.000133176
0.362416  2246.09 0.254813 0.000133161
0.365101  2246.35 0.254813 0.000133146
0.367785  2246.61 0.254813 0.00013313
0.37047  2246.88 0.254813 0.000133114
0.373154  2247.14 0.254813 0.000133099
0.375839  2247.41 0.254813 0.000133083
0.378523  2247.69 0.254813 0.000133066
0.381208  2247.96 0.254813 0.00013305
0.383893  2248.24 0.254813 0.000133033
0.386577  2248.53 0.254813 0.000133017
0.389262  2248.81 0.254813 0.000133
0.391946  2249.1 0.254813 0.000132983
0.394631  2249.4 0.254813 0.000132965
0.397315  2249.69 0.254813 0.000132948
0.4  2249.99 0.254813 0.00013293
0.402685  2250.29 0.254813 0.000132912
0.405369  2250.6 0.254813 0.000132894
0.408054  2250.91 0.254813 0.000132876
0.410738  2251.22 0.254813 0.000132858
0.413423  2251.53 0.254813 0.000132839
0.418792  2252.18 0.254813 0.000132801
0.424161  2252.83 0.254813 0.000132763
0.42953  2253.5 0.254813 0.000132723
0.434899  2254.18 0.254813 0.000132683
0.440268  2254.88 0.254813 0.000132642
0.445638  2255.59 0.254813 0.0001326
0.451007  2256.32 0.254813 0.000132557
0.456376  2257.06 0.254813 0.000132514
0.461745  2257.82 0.254813 0.000132469
0.467114  2258.59 0.254813 0.000132424
0.472483  2259.38 0.254813 0.000132378
0.477852  2260.18 0.254813 0.000132331
0.483221  2261 0.254813 0.000132283
0.488591  2261.84 0.254813 0.000132234
0.49396  2262.69 0.254813 0.000132184
0.499329  2263.56 0.254813 0.000132133
0.504698  2264.44 0.254813 0.000132082
0.510067  2265.34 0.254813 0.000132029
0.515436  2266.26 0.254813 0.000131976
0.520805  2267.2 0.254813 0.000131921
0.526174  2268.15 0.254813 0.000131866
0.531544  2269.12 0.254813 0.00013181
0.536913  2270.11 0.254813 0.000131752
0.542282  2271.11 0.254813 0.000131694
0.547651  2272.14 0.254813 0.000131635
0.55302  2273.18 0.254813 0.000131574
0.558389  2274.24 0.254813 0.000131513
0.563758  2275.32 0.254813 0.00013145
0.569128  2276.42 0.254813 0.000131387
0.574497  2277.53 0.254813 0.000131323
0.579866  2278.67 0.254813 0.000131257
0.585235  2279.82 0.254813 0.000131191
0.590604  2281 0.254813 0.000131123
0.595973  2282.19 0.254813 0.000131055
0.601342  2283.4 0.254813 0.000130985
0.606711  2284.63 0.254813 0.000130914
0.612081  2285.89 0.254813 0.000130843
0.61745  2287.16 0.254813 0.00013077
0.622819  2288.45 0.254813 0.000130696
0.628188  2289.77 0.254813 0.000130621
0.633557  2291.1 0.254813 0.000130545
0.638926  2292.46 0.254813 0.000130468
0.644295  2293.83 0.254813 0.00013039
0.649664  2295.23 0.254813 0.00013031
0.655034  2296.64 0.254813 0.00013023
0.660403  2298.08 0.254813 0.000130148
0.665772  2299.54 0.254813 0.000130066
0.671141  2301.02 0.254813 0.000129982
0.67651  2302.53 0.254813 0.000129897
0.681879  2304.05 0.254813 0.000129811
0.687248  2305.6 0.254813 0.000129724
0.692617  2307.17 0.254813 0.000129636
0.697987  2308.76 0.254813 0.000129547
0.703356  2310.37 0.254813 0.000129456
0.708725  2312 0.254813 0.000129365
0.714094  2313.66 0.254813 0.000129272
0.719463  2315.34 0.254813 0.000129178
0.724832  2317.04 0.254813 0.000129084
0.730201  2318.76 0.254813 0.000128988
0.73557  2320.5 0.254813 0.000128891
0.74094  2322.26 0.254813 0.000128794
0.746309  2324.03 0.254813 0.000128695
0.751678  2325.81 0.254813 0.000128597
0.757047  2327.6 0.254813 0.000128498
0.762416  2329.38 0.254813 0.000128399
0.767785  2331.14 0.254813 0.000128303
0.773154  2332.85 0.254813 0.000128209
0.778523  2334.46 0.254813 0.00012812
0.783893  2335.9 0.254813 0.000128041
0.789262  2337.07 0.254813 0.000127977
0.794631  2337.79 0.254813 0.000127938
0.8  2337.79 0.254813 0.000127938
