TITLE="Graphics"
VARIABLES= "x", "T", "Y fr", "rho"
-0.0219919  293 0 0.000871523
-0.013745  293 -2.38296e-09 0.000871523
-0.0085906  293 -1.45211e-09 0.000871523
-0.00536913  293 -1.81572e-09 0.000871523
0  293 -8.05686e-10 0.000871523
0.00536913  293 -1.81571e-09 0.000871523
0.0107383  293 -8.05682e-10 0.000871523
0.0161074  293 -1.81571e-09 0.000871523
0.0214765  293 -8.05677e-10 0.000871523
0.0268456  293 -1.81571e-09 0.000871523
0.0322148  293 -8.05674e-10 0.000871523
0.0375839  293 -1.8157e-09 0.000871523
0.042953  293 -8.05671e-10 0.000871523
0.0483221  293 -1.8157e-09 0.000871523
0.0536913  293 -8.05669e-10 0.000871523
0.0590604  293 -1.8157e-09 0.000871523
0.0644295  293 -8.05667e-10 0.000871523
0.0697987  293 -1.8157e-09 0.000871523
0.0751678  293 -8.05665e-10 0.000871523
0.0805369  293 -1.81569e-09 0.000871523
0.085906  293 -8.05663e-10 0.000871523
0.0912752  293 -1.81569e-09 0.000871523
0.0966443  293 -8.05661e-10 0.000871523
0.102013  293 -1.81569e-09 0.000871523
0.107383  293 -8.05665e-10 0.000871523
0.112752  293 -1.81567e-09 0.000871523
0.118121  293 -8.05759e-10 0.000871523
0.12349  293 -1.8153e-09 0.000871523
0.128859  293 -8.06985e-10 0.000871523
0.134228  293 -1.81151e-09 0.000871522
0.139597  293.001 -8.17497e-10 0.00087152
0.144966  293.003 -1.78523e-09 0.000871514
0.150336  293.007 -8.80764e-10 0.000871501
0.15302  293.011 -1.03881e-09 0.000871489
0.155705  293.017 -9.50552e-10 0.000871471
0.158389  293.026 -7.36189e-10 0.000871446
0.161074  293.038 -1.70292e-09 0.00087141
0.163758  293.055 1.2447e-09 0.000871361
0.166443  293.078 -6.53307e-09 0.000871293
0.169128  293.109 1.25419e-08 0.0008712
0.171812  293.151 -3.16895e-08 0.000871076
0.174497  293.206 6.5882e-08 0.000870911
0.177181  293.279 -1.38978e-07 0.000870694
0.179866  293.374 2.69706e-07 0.000870412
0.18255  293.496 -5.02731e-07 0.00087005
0.185235  293.652 8.75566e-07 0.000869589
0.187919  293.848 -1.43683e-06 0.000869007
0.190604  294.093 2.19429e-06 0.000868285
0.193289  294.396 -3.1156e-06 0.000867389
0.195973  294.767 4.07643e-06 0.000866301
0.198658  295.216 -4.89852e-06 0.000864978
0.201342  295.756 5.37787e-06 0.000863404
0.204027  296.398 -5.41407e-06 0.000861529
0.206711  297.155 5.06609e-06 0.00085934
0.209396  298.039 -4.5728e-06 0.000856786
0.212081  299.063 4.18062e-06 0.000853857
0.214765  300.239 -3.98044e-06 0.000850508
0.21745  301.58 3.8135e-06 0.000846729
0.220134  303.1 -3.4709e-06 0.00084248
0.222819  304.812 2.92182e-06 0.000837751
0.225503  306.735 -2.38183e-06 0.000832498
0.228188  308.891 2.01382e-06 0.000826688
0.230872  311.316 -1.72475e-06 0.000820248
0.233557  314.064 1.30165e-06 0.000813073
0.236242  317.223 -7.83564e-07 0.000804974
0.238926  320.938 3.8096e-07 0.000795655
0.241611  325.448 -1.14615e-07 0.000784629
0.244295  331.14 -2.29782e-07 0.000771143
0.24698  338.634 6.44445e-07 0.000754077
0.249664  348.907 -9.27151e-07 0.000731874
0.252349  363.443 1.12667e-06 0.000702604
0.255034  384.394 -1.4299e-06 0.000664308
0.257718  414.687 1.66189e-06 0.000615782
0.260403  457.949 -1.77858e-06 0.000557608
0.263087  518.181 1.99001e-06 0.000492794
0.265772  599.207 -2.03549e-06 0.000426156
0.268456  704.133 3.36288e-06 0.000362654
0.271141  835.042 1.57034e-05 0.000305803
0.273826  992.823 0.000197371 0.000257231
0.27651  1176.55 0.00141888 0.000217215
0.279195  1381.37 0.00700824 0.000185604
0.281879  1595.02 0.0241192 0.000162343
0.284564  1796.96 0.0599237 0.000147166
0.287248  1965 0.111067 0.000138799
0.289933  2086.77 0.162014 0.000134912
0.292617  2164.74 0.200603 0.000133308
0.295302  2210.3 0.225084 0.000132666
0.297987  2235.45 0.239089 0.000132396
0.300671  2248.96 0.246659 0.000132266
0.303356  2256.18 0.250629 0.000132194
0.30604  2260.11 0.252678 0.000132146
0.308725  2262.33 0.253727 0.000132108
0.311409  2263.7 0.254261 0.000132076
0.314094  2264.62 0.254533 0.000132047
0.316779  2265.32 0.254671 0.000132018
0.319463  2265.91 0.254741 0.00013199
0.322148  2266.44 0.254777 0.000131962
0.324832  2266.95 0.254795 0.000131934
0.327517  2267.46 0.254804 0.000131905
0.330201  2267.95 0.254808 0.000131877
0.332886  2268.45 0.254811 0.000131848
0.33557  2268.96 0.254812 0.000131819
0.338255  2269.46 0.254812 0.00013179
0.34094  2269.97 0.254813 0.00013176
0.343624  2270.49 0.254813 0.00013173
0.346309  2271.01 0.254813 0.0001317
0.348993  2271.53 0.254813 0.00013167
0.351678  2272.06 0.254813 0.000131639
0.354362  2272.59 0.254813 0.000131608
0.357047  2273.13 0.254813 0.000131577
0.359732  2273.68 0.254813 0.000131545
0.362416  2274.23 0.254813 0.000131514
0.365101  2274.78 0.254813 0.000131482
0.367785  2275.34 0.254813 0.000131449
0.37047  2275.9 0.254813 0.000131417
0.373154  2276.47 0.254813 0.000131384
0.375839  2277.04 0.254813 0.000131351
0.378523  2277.62 0.254813 0.000131317
0.381208  2278.21 0.254813 0.000131284
0.383893  2278.8 0.254813 0.00013125
0.386577  2279.39 0.254813 0.000131216
0.389262  2279.99 0.254813 0.000131181
0.391946  2280.6 0.254813 0.000131146
0.394631  2281.21 0.254813 0.000131111
0.397315  2281.82 0.254813 0.000131076
0.4  2282.44 0.254813 0.00013104
0.402685  2283.07 0.254813 0.000131004
0.405369  2283.7 0.254813 0.000130968
0.408054  2284.34 0.254813 0.000130931
0.410738  2284.98 0.254813 0.000130894
0.413423  2285.63 0.254813 0.000130857
0.418792  2286.94 0.254813 0.000130782
0.424161  2288.28 0.254813 0.000130706
0.42953  2289.63 0.254813 0.000130629
0.434899  2291.01 0.254813 0.00013055
0.440268  2292.42 0.254813 0.00013047
0.445638  2293.84 0.254813 0.000130389
0.451007  2295.29 0.254813 0.000130307
0.456376  2296.76 0.254813 0.000130223
0.461745  2298.25 0.254813 0.000130139
0.467114  2299.77 0.254813 0.000130053
0.472483  2301.31 0.254813 0.000129966
0.477852  2302.88 0.254813 0.000129877
0.483221  2304.47 0.254813 0.000129788
0.488591  2306.08 0.254813 0.000129697
0.49396  2307.72 0.254813 0.000129605
0.499329  2309.38 0.254813 0.000129512
0.504698  2311.07 0.254813 0.000129417
0.510067  2312.78 0.254813 0.000129321
0.515436  2314.52 0.254813 0.000129224
0.520805  2316.28 0.254813 0.000129126
0.526174  2318.07 0.254813 0.000129026
0.531544  2319.88 0.254813 0.000128925
0.536913  2321.72 0.254813 0.000128823
0.542282  2323.59 0.254813 0.00012872
0.547651  2325.48 0.254813 0.000128615
0.55302  2327.39 0.254813 0.000128509
0.558389  2329.34 0.254813 0.000128402
0.563758  2331.3 0.254813 0.000128294
0.569128  2333.3 0.254813 0.000128184
0.574497  2335.32 0.254813 0.000128073
0.579866  2337.37 0.254813 0.000127961
0.585235  2339.45 0.254813 0.000127847
0.590604  2341.55 0.254813 0.000127732
0.595973  2343.68 0.254813 0.000127616
0.601342  2345.84 0.254813 0.000127499
0.606711  2348.02 0.254813 0.00012738
0.612081  2350.23 0.254813 0.00012726
0.61745  2352.47 0.254813 0.000127139
0.622819  2354.74 0.254813 0.000127017
0.628188  2357.03 0.254813 0.000126893
0.633557  2359.35 0.254813 0.000126768
0.638926  2361.7 0.254813 0.000126642
0.644295  2364.08 0.254813 0.000126515
0.649664  2366.49 0.254813 0.000126386
0.655034  2368.92 0.254813 0.000126257
0.660403  2371.38 0.254813 0.000126125
0.665772  2373.87 0.254813 0.000125993
0.671141  2376.39 0.254813 0.00012586
0.67651  2378.93 0.254813 0.000125725
0.681879  2381.51 0.254813 0.000125589
0.687248  2384.11 0.254813 0.000125452
0.692617  2386.74 0.254813 0.000125314
0.697987  2389.4 0.254813 0.000125174
0.703356  2392.09 0.254813 0.000125034
0.708725  2394.81 0.254813 0.000124892
0.714094  2397.55 0.254813 0.000124749
0.719463  2400.32 0.254813 0.000124605
0.724832  2403.12 0.254813 0.00012446
0.730201  2405.94 0.254813 0.000124314
0.73557  2408.79 0.254813 0.000124167
0.74094  2411.66 0.254813 0.000124019
0.746309  2414.55 0.254813 0.000123871
0.751678  2417.44 0.254813 0.000123722
0.757047  2420.34 0.254813 0.000123574
0.762416  2423.22 0.254813 0.000123427
0.767785  2426.06 0.254813 0.000123283
0.773154  2428.81 0.254813 0.000123143
0.778523  2431.4 0.254813 0.000123012
0.783893  2433.72 0.254813 0.000122895
0.789262  2435.6 0.254813 0.0001228
0.794631  2436.76 0.254813 0.000122742
0.8  2436.76 0.254813 0.000122742
