TITLE="Graphics"
VARIABLES= "x", "T", "Y fr", "rho"
-0.0219919  293 0 0.000871523
-0.013745  293 -2.38296e-09 0.000871523
-0.0085906  293 -1.45211e-09 0.000871523
-0.00536913  293 -1.81572e-09 0.000871523
0  293 -8.05688e-10 0.000871523
0.00536913  293 -1.81572e-09 0.000871523
0.0107383  293 -8.05685e-10 0.000871523
0.0161074  293 -1.81571e-09 0.000871523
0.0214765  293 -8.05683e-10 0.000871523
0.0268456  293 -1.81571e-09 0.000871523
0.0322148  293 -8.05681e-10 0.000871523
0.0375839  293 -1.81571e-09 0.000871523
0.042953  293 -8.0568e-10 0.000871523
0.0483221  293 -1.81571e-09 0.000871523
0.0536913  293 -8.05678e-10 0.000871523
0.0590604  293 -1.81571e-09 0.000871523
0.0644295  293 -8.05676e-10 0.000871523
0.0697987  293 -1.81571e-09 0.000871523
0.0751678  293 -8.05674e-10 0.000871523
0.0805369  293 -1.8157e-09 0.000871523
0.085906  293 -8.05673e-10 0.000871523
0.0912752  293 -1.8157e-09 0.000871523
0.0966443  293 -8.05671e-10 0.000871523
0.102013  293 -1.8157e-09 0.000871523
0.107383  293 -8.05669e-10 0.000871523
0.112752  293 -1.8157e-09 0.000871523
0.118121  293 -8.05667e-10 0.000871523
0.12349  293 -1.8157e-09 0.000871523
0.128859  293 -8.05665e-10 0.000871523
0.134228  293.001 -1.8157e-09 0.000871521
0.139597  293.003 -8.05663e-10 0.000871515
0.144966  293.011 -1.8157e-09 0.000871491
0.150336  293.037 -8.05659e-10 0.000871414
0.15302  293.068 -1.05816e-09 0.00087132
0.155705  293.119 -8.0569e-10 0.00087117
0.158389  293.196 -1.05806e-09 0.00087094
0.161074  293.312 -8.05971e-10 0.000870595
0.163758  293.482 -1.05735e-09 0.000870091
0.166443  293.725 -8.07551e-10 0.000869373
0.169128  294.063 -1.05426e-09 0.000868374
0.171812  294.523 -8.12713e-10 0.000867015
0.174497  295.138 -1.04725e-09 0.000865209
0.177181  295.942 -8.19419e-10 0.000862859
0.179866  296.971 -1.04533e-09 0.00085987
0.18255  298.263 -8.12342e-10 0.000856146
0.185235  299.854 -1.05729e-09 0.000851603
0.187919  301.777 -8.22587e-10 0.000846175
0.190604  304.062 -9.48611e-10 0.000839815
0.193289  306.732 -1.2214e-09 0.000832505
0.195973  309.803 2.6755e-10 0.000824255
0.198658  313.282 -4.75264e-09 0.000815102
0.201342  317.17 1.00858e-08 0.000805109
0.204027  321.461 -3.03951e-08 0.000794361
0.206711  326.143 7.22093e-08 0.000782958
0.209396  331.197 -1.69174e-07 0.000771009
0.212081  336.603 3.56858e-07 0.000758628
0.214765  342.336 -7.01102e-07 0.000745923
0.21745  348.37 1.25339e-06 0.000733003
0.220134  354.681 -2.04582e-06 0.000719959
0.222819  361.245 3.01482e-06 0.00070688
0.225503  368.04 -4.00494e-06 0.000693826
0.228188  375.05 4.77315e-06 0.00068086
0.230872  382.268 -5.14287e-06 0.000668002
0.233557  389.695 5.11252e-06 0.000655273
0.236242  397.359 -4.89403e-06 0.000642632
0.238926  405.315 4.76037e-06 0.000630021
0.241611  413.676 -4.68386e-06 0.000617284
0.244295  422.642 4.64261e-06 0.000604192
0.24698  432.558 -4.17911e-06 0.000590338
0.249664  443.996 4.05353e-06 0.000575133
0.252349  457.881 -3.34556e-06 0.000557691
0.255034  475.663 3.86199e-06 0.000536844
0.257718  499.529 -2.30746e-06 0.000511194
0.260403  532.585 3.7991e-06 0.000479467
0.263087  578.932 -7.52311e-07 0.000441081
0.265772  643.457 5.03827e-06 0.000396851
0.268456  731.299 5.02107e-06 0.000349183
0.271141  847.088 3.43823e-05 0.000301458
0.273826  994.148 0.000210293 0.00025689
0.27651  1173.46 0.00127396 0.00021777
0.279195  1381.37 0.00599375 0.000185495
0.281879  1605.8 0.0209949 0.000160961
0.284564  1824.48 0.0540381 0.00014444
0.287248  2011.52 0.103726 0.000134982
0.289933  2150.48 0.155422 0.000130372
0.292617  2241.48 0.195876 0.00012835
0.295302  2295.76 0.222131 0.00012748
0.297987  2326.4 0.237386 0.000127076
0.300671  2343.33 0.24572 0.00012686
0.303356  2352.79 0.250125 0.000126723
0.30604  2358.29 0.252412 0.000126621
0.308725  2361.75 0.253588 0.000126536
0.311409  2364.16 0.254189 0.000126458
0.314094  2366.03 0.254496 0.000126384
0.316779  2367.65 0.254652 0.000126311
0.319463  2369.13 0.254731 0.000126239
0.322148  2370.54 0.254772 0.000126167
0.324832  2371.94 0.254792 0.000126094
0.327517  2373.32 0.254802 0.000126022
0.330201  2374.7 0.254808 0.000125949
0.332886  2376.09 0.25481 0.000125875
0.33557  2377.48 0.254812 0.000125802
0.338255  2378.88 0.254812 0.000125728
0.34094  2380.29 0.254813 0.000125653
0.343624  2381.71 0.254813 0.000125578
0.346309  2383.14 0.254813 0.000125503
0.348993  2384.58 0.254813 0.000125427
0.351678  2386.03 0.254813 0.000125351
0.354362  2387.48 0.254813 0.000125275
0.357047  2388.95 0.254813 0.000125198
0.359732  2390.42 0.254813 0.000125121
0.362416  2391.91 0.254813 0.000125043
0.365101  2393.4 0.254813 0.000124965
0.367785  2394.91 0.254813 0.000124886
0.37047  2396.42 0.254813 0.000124808
0.373154  2397.94 0.254813 0.000124728
0.375839  2399.48 0.254813 0.000124649
0.378523  2401.02 0.254813 0.000124569
0.381208  2402.57 0.254813 0.000124488
0.383893  2404.13 0.254813 0.000124407
0.386577  2405.7 0.254813 0.000124326
0.389262  2407.28 0.254813 0.000124245
0.391946  2408.87 0.254813 0.000124163
0.394631  2410.47 0.254813 0.00012408
0.397315  2412.07 0.254813 0.000123998
0.4  2413.69 0.254813 0.000123915
0.402685  2415.32 0.254813 0.000123831
0.405369  2416.96 0.254813 0.000123747
0.408054  2418.6 0.254813 0.000123663
0.410738  2420.26 0.254813 0.000123578
0.413423  2421.92 0.254813 0.000123494
0.418792  2425.28 0.254813 0.000123323
0.424161  2428.67 0.254813 0.00012315
0.42953  2432.11 0.254813 0.000122976
0.434899  2435.58 0.254813 0.000122801
0.440268  2439.09 0.254813 0.000122624
0.445638  2442.63 0.254813 0.000122446
0.451007  2446.22 0.254813 0.000122267
0.456376  2449.84 0.254813 0.000122086
0.461745  2453.5 0.254813 0.000121904
0.467114  2457.19 0.254813 0.000121721
0.472483  2460.93 0.254813 0.000121536
0.477852  2464.7 0.254813 0.00012135
0.483221  2468.51 0.254813 0.000121163
0.488591  2472.36 0.254813 0.000120974
0.49396  2476.25 0.254813 0.000120784
0.499329  2480.18 0.254813 0.000120593
0.504698  2484.15 0.254813 0.0001204
0.510067  2488.16 0.254813 0.000120206
0.515436  2492.21 0.254813 0.000120011
0.520805  2496.31 0.254813 0.000119814
0.526174  2500.45 0.254813 0.000119615
0.531544  2504.64 0.254813 0.000119415
0.536913  2508.87 0.254813 0.000119214
0.542282  2513.16 0.254813 0.00011901
0.547651  2517.49 0.254813 0.000118805
0.55302  2521.88 0.254813 0.000118599
0.558389  2526.32 0.254813 0.00011839
0.563758  2530.82 0.254813 0.00011818
0.569128  2535.38 0.254813 0.000117967
0.574497  2540 0.254813 0.000117753
0.579866  2544.68 0.254813 0.000117536
0.585235  2549.42 0.254813 0.000117318
0.590604  2554.23 0.254813 0.000117097
0.595973  2559.11 0.254813 0.000116873
0.601342  2564.05 0.254813 0.000116648
0.606711  2569.07 0.254813 0.00011642
0.612081  2574.15 0.254813 0.00011619
0.61745  2579.3 0.254813 0.000115958
0.622819  2584.53 0.254813 0.000115724
0.628188  2589.82 0.254813 0.000115488
0.633557  2595.17 0.254813 0.000115249
0.638926  2600.59 0.254813 0.000115009
0.644295  2606.07 0.254813 0.000114767
0.649664  2611.6 0.254813 0.000114524
0.655034  2617.19 0.254813 0.00011428
0.660403  2622.81 0.254813 0.000114035
0.665772  2628.47 0.254813 0.000113789
0.671141  2634.15 0.254813 0.000113544
0.67651  2639.85 0.254813 0.000113299
0.681879  2645.55 0.254813 0.000113055
0.687248  2651.23 0.254813 0.000112812
0.692617  2656.89 0.254813 0.000112572
0.697987  2662.5 0.254813 0.000112335
0.703356  2668.05 0.254813 0.000112101
0.708725  2673.51 0.254813 0.000111872
0.714094  2678.87 0.254813 0.000111648
0.719463  2684.1 0.254813 0.000111431
0.724832  2689.18 0.254813 0.000111221
0.730201  2694.07 0.254813 0.000111018
0.73557  2698.76 0.254813 0.000110826
0.74094  2703.22 0.254813 0.000110643
0.746309  2707.41 0.254813 0.000110471
0.751678  2711.32 0.254813 0.000110312
0.757047  2714.93 0.254813 0.000110166
0.762416  2718.2 0.254813 0.000110033
0.767785  2721.13 0.254813 0.000109915
0.773154  2723.69 0.254813 0.000109811
0.778523  2725.88 0.254813 0.000109723
0.783893  2727.68 0.254813 0.000109651
0.789262  2729.03 0.254813 0.000109596
0.794631  2729.84 0.254813 0.000109564
0.8  2729.84 0.254813 0.000109564
