TITLE="Graphics"
VARIABLES= "x", "T", "Y fr", "rho"
-0.0219919  293 0 0.000871523
-0.013745  293 -2.38296e-09 0.000871523
-0.0085906  293 -1.45211e-09 0.000871523
-0.00536913  293 -1.81572e-09 0.000871523
0  293 -8.05686e-10 0.000871523
0.00536913  293 -1.81571e-09 0.000871523
0.0107383  293 -8.05681e-10 0.000871523
0.0161074  293 -1.81571e-09 0.000871523
0.0214765  293 -8.05677e-10 0.000871523
0.0268456  293 -1.8157e-09 0.000871523
0.0322148  293 -8.05673e-10 0.000871523
0.0375839  293 -1.8157e-09 0.000871523
0.042953  293 -8.0567e-10 0.000871523
0.0483221  293 -1.8157e-09 0.000871523
0.0536913  293 -8.05668e-10 0.000871523
0.0590604  293 -1.8157e-09 0.000871523
0.0644295  293 -8.05666e-10 0.000871523
0.0697987  293 -1.8157e-09 0.000871523
0.0751678  293 -8.05664e-10 0.000871523
0.0805369  293 -1.81569e-09 0.000871523
0.085906  293 -8.05662e-10 0.000871523
0.0912752  293 -1.81569e-09 0.000871523
0.0966443  293 -8.05661e-10 0.000871523
0.102013  293 -1.81569e-09 0.000871523
0.107383  293 -8.05677e-10 0.000871523
0.112752  293 -1.81561e-09 0.000871523
0.118121  293 -8.05947e-10 0.000871523
0.12349  293 -1.8147e-09 0.000871523
0.128859  293 -8.08761e-10 0.000871523
0.134228  293 -1.80678e-09 0.000871522
0.139597  293.001 -8.2947e-10 0.00087152
0.144966  293.003 -1.75221e-09 0.000871516
0.150336  293.006 -1.00084e-09 0.000871505
0.15302  293.009 -9.2268e-10 0.000871495
0.155705  293.014 -1.36315e-09 0.000871481
0.158389  293.021 2.65703e-10 0.000871461
0.161074  293.03 -4.18849e-09 0.000871433
0.163758  293.043 7.02651e-09 0.000871395
0.166443  293.061 -1.94325e-08 0.000871341
0.169128  293.085 3.9951e-08 0.000871269
0.171812  293.118 -8.70851e-08 0.000871173
0.174497  293.161 1.71916e-07 0.000871045
0.177181  293.217 -3.30286e-07 0.000870877
0.179866  293.291 5.93131e-07 0.000870659
0.18255  293.386 -1.01137e-06 0.000870377
0.185235  293.506 1.61267e-06 0.00087002
0.187919  293.659 -2.40846e-06 0.000869566
0.190604  293.85 3.33711e-06 0.000869005
0.193289  294.086 -4.27751e-06 0.000868302
0.195973  294.377 5.03533e-06 0.00086745
0.198658  294.73 -5.43585e-06 0.000866404
0.201342  295.157 5.3894e-06 0.000865158
0.204027  295.666 -4.9934e-06 0.000863661
0.206711  296.27 4.47775e-06 0.000861906
0.209396  296.98 -4.0897e-06 0.000859842
0.212081  297.807 3.8853e-06 0.000857457
0.214765  298.764 -3.71298e-06 0.000854707
0.21745  299.864 3.35478e-06 0.000851576
0.220134  301.119 -2.79966e-06 0.000848022
0.222819  302.547 2.24571e-06 0.000844023
0.225503  304.166 -1.8727e-06 0.000839528
0.228188  306.003 1.58285e-06 0.00083449
0.230872  308.096 -1.17511e-06 0.00082882
0.233557  310.504 6.51363e-07 0.000822393
0.236242  313.322 -2.34647e-07 0.000814995
0.238926  316.705 -3.53213e-08 0.00080629
0.241611  320.903 3.5123e-07 0.000795744
0.244295  326.32 -7.69211e-07 0.000782533
0.24698  333.604 1.07691e-06 0.000765448
0.249664  343.764 -1.2689e-06 0.000742824
0.252349  358.328 1.54233e-06 0.000712633
0.255034  379.499 -1.81846e-06 0.000672876
0.257718  410.245 1.93814e-06 0.00062245
0.260403  454.204 -2.116e-06 0.000562206
0.263087  515.334 2.2919e-06 0.000495517
0.265772  597.353 -2.27533e-06 0.000427479
0.268456  703.225 3.61162e-06 0.000363123
0.271141  834.888 1.52774e-05 0.00030586
0.273826  993.117 0.000198715 0.000257155
0.27651  1176.91 0.00143455 0.00021715
0.279195  1381.37 0.00708482 0.000185612
0.281879  1594.25 0.024324 0.000162441
0.284564  1795.13 0.0602737 0.000147346
0.287248  1962.06 0.11147 0.000139041
0.289933  2082.87 0.162353 0.000135194
0.292617  2160.14 0.200833 0.000133612
0.295302  2205.24 0.225221 0.000132983
0.297987  2230.1 0.239165 0.00013272
0.300671  2243.43 0.246699 0.000132596
0.303356  2250.53 0.250649 0.000132528
0.30604  2254.36 0.252688 0.000132483
0.308725  2256.51 0.253732 0.00013245
0.311409  2257.8 0.254264 0.000132421
0.314094  2258.66 0.254534 0.000132395
0.316779  2259.29 0.254672 0.00013237
0.319463  2259.82 0.254741 0.000132346
0.322148  2260.29 0.254777 0.000132321
0.324832  2260.74 0.254795 0.000132296
0.327517  2261.18 0.254804 0.000132272
0.330201  2261.61 0.254808 0.000132247
0.332886  2262.05 0.254811 0.000132221
0.33557  2262.49 0.254812 0.000132196
0.338255  2262.93 0.254812 0.00013217
0.34094  2263.37 0.254813 0.000132144
0.343624  2263.82 0.254813 0.000132118
0.346309  2264.27 0.254813 0.000132092
0.348993  2264.73 0.254813 0.000132065
0.351678  2265.19 0.254813 0.000132038
0.354362  2265.66 0.254813 0.000132011
0.357047  2266.13 0.254813 0.000131983
0.359732  2266.6 0.254813 0.000131956
0.362416  2267.08 0.254813 0.000131928
0.365101  2267.57 0.254813 0.0001319
0.367785  2268.06 0.254813 0.000131871
0.37047  2268.55 0.254813 0.000131843
0.373154  2269.05 0.254813 0.000131814
0.375839  2269.55 0.254813 0.000131784
0.378523  2270.06 0.254813 0.000131755
0.381208  2270.57 0.254813 0.000131725
0.383893  2271.09 0.254813 0.000131695
0.386577  2271.61 0.254813 0.000131665
0.389262  2272.14 0.254813 0.000131634
0.391946  2272.67 0.254813 0.000131604
0.394631  2273.21 0.254813 0.000131573
0.397315  2273.75 0.254813 0.000131541
0.4  2274.29 0.254813 0.00013151
0.402685  2274.84 0.254813 0.000131478
0.405369  2275.4 0.254813 0.000131446
0.408054  2275.96 0.254813 0.000131413
0.410738  2276.53 0.254813 0.000131381
0.413423  2277.1 0.254813 0.000131348
0.418792  2278.26 0.254813 0.000131281
0.424161  2279.43 0.254813 0.000131213
0.42953  2280.63 0.254813 0.000131144
0.434899  2281.85 0.254813 0.000131074
0.440268  2283.09 0.254813 0.000131003
0.445638  2284.35 0.254813 0.000130931
0.451007  2285.64 0.254813 0.000130857
0.456376  2286.94 0.254813 0.000130782
0.461745  2288.27 0.254813 0.000130707
0.467114  2289.61 0.254813 0.00013063
0.472483  2290.98 0.254813 0.000130552
0.477852  2292.38 0.254813 0.000130472
0.483221  2293.79 0.254813 0.000130392
0.488591  2295.23 0.254813 0.00013031
0.49396  2296.69 0.254813 0.000130227
0.499329  2298.17 0.254813 0.000130143
0.504698  2299.68 0.254813 0.000130058
0.510067  2301.2 0.254813 0.000129972
0.515436  2302.76 0.254813 0.000129884
0.520805  2304.33 0.254813 0.000129795
0.526174  2305.93 0.254813 0.000129705
0.531544  2307.56 0.254813 0.000129614
0.536913  2309.2 0.254813 0.000129522
0.542282  2310.88 0.254813 0.000129428
0.547651  2312.57 0.254813 0.000129333
0.55302  2314.29 0.254813 0.000129237
0.558389  2316.04 0.254813 0.000129139
0.563758  2317.81 0.254813 0.000129041
0.569128  2319.6 0.254813 0.000128941
0.574497  2321.42 0.254813 0.00012884
0.579866  2323.27 0.254813 0.000128737
0.585235  2325.14 0.254813 0.000128634
0.590604  2327.03 0.254813 0.000128529
0.595973  2328.96 0.254813 0.000128423
0.601342  2330.9 0.254813 0.000128316
0.606711  2332.88 0.254813 0.000128207
0.612081  2334.88 0.254813 0.000128097
0.61745  2336.9 0.254813 0.000127986
0.622819  2338.95 0.254813 0.000127874
0.628188  2341.03 0.254813 0.000127761
0.633557  2343.13 0.254813 0.000127646
0.638926  2345.26 0.254813 0.00012753
0.644295  2347.42 0.254813 0.000127413
0.649664  2349.61 0.254813 0.000127294
0.655034  2351.81 0.254813 0.000127175
0.660403  2354.05 0.254813 0.000127054
0.665772  2356.32 0.254813 0.000126932
0.671141  2358.61 0.254813 0.000126809
0.67651  2360.93 0.254813 0.000126684
0.681879  2363.27 0.254813 0.000126558
0.687248  2365.64 0.254813 0.000126431
0.692617  2368.04 0.254813 0.000126304
0.697987  2370.47 0.254813 0.000126174
0.703356  2372.92 0.254813 0.000126044
0.708725  2375.4 0.254813 0.000125912
0.714094  2377.91 0.254813 0.000125779
0.719463  2380.44 0.254813 0.000125645
0.724832  2383 0.254813 0.000125511
0.730201  2385.58 0.254813 0.000125375
0.73557  2388.19 0.254813 0.000125238
0.74094  2390.82 0.254813 0.0001251
0.746309  2393.47 0.254813 0.000124962
0.751678  2396.12 0.254813 0.000124823
0.757047  2398.78 0.254813 0.000124685
0.762416  2401.42 0.254813 0.000124548
0.767785  2404.02 0.254813 0.000124413
0.773154  2406.54 0.254813 0.000124283
0.778523  2408.92 0.254813 0.00012416
0.783893  2411.05 0.254813 0.00012405
0.789262  2412.77 0.254813 0.000123962
0.794631  2413.84 0.254813 0.000123907
0.8  2413.84 0.254813 0.000123907
