TITLE="Graphics"
VARIABLES= "x", "T", "Y fr", "rho"
-0.0219919  293 0 0.000871523
-0.013745  293 -1.25674e-07 0.000871523
-0.0085906  293 -7.65827e-08 0.000871523
-0.00536913  293 -9.5759e-08 0.000871523
0  293 -4.24914e-08 0.000871523
0.00536913  293 -9.5759e-08 0.000871523
0.0107383  293 -4.24914e-08 0.000871523
0.0161074  293 -9.5759e-08 0.000871523
0.0214765  293 -4.24914e-08 0.000871523
0.0268456  293 -9.5759e-08 0.000871523
0.0322148  293 -4.24914e-08 0.000871523
0.0375839  293 -9.5759e-08 0.000871523
0.042953  293 -4.24913e-08 0.000871523
0.0483221  293 -9.5759e-08 0.000871523
0.0536913  293 -4.24914e-08 0.000871523
0.0590604  293 -9.57587e-08 0.000871523
0.0644295  293 -4.24927e-08 0.000871523
0.0697987  293 -9.57527e-08 0.000871523
0.0751678  293 -4.2518e-08 0.000871523
0.0805369  293 -9.56516e-08 0.000871523
0.085906  293 -4.29036e-08 0.000871523
0.0912752  293 -9.42492e-08 0.000871523
0.0966443  293 -4.77553e-08 0.000871523
0.102013  293 -7.83506e-08 0.000871523
0.107383  293 -9.67655e-08 0.000871523
0.112752  293 6.23522e-08 0.000871523
0.118121  293 -4.67145e-07 0.000871523
0.12349  293 9.3274e-07 0.000871524
0.128859  293 -2.19573e-06 0.000871522
0.134228  293 3.40855e-06 0.000871525
0.139597  293 -2.6576e-06 0.000871522
0.144966  293 -9.41199e-06 0.000871518
0.150336  293 5.429e-05 0.00087155
0.15302  293 -2.23747e-05 0.000871512
0.155705  293 5.36726e-05 0.00087155
0.158389  293 -7.69663e-05 0.000871485
0.161074  293 8.86142e-05 0.000871567
0.163758  293 -0.000115512 0.000871465
0.166443  293 0.000119628 0.000871583
0.169128  293 -0.000131259 0.000871457
0.171812  293 0.000128815 0.000871587
0.174497  293 -0.000131553 0.000871457
0.177181  293 0.000132589 0.000871589
0.179866  293 -0.000139266 0.000871452
0.18255  293.001 0.000146065 0.000871594
0.185235  293.001 -0.00015181 0.000871444
0.187919  293.002 0.000153086 0.000871595
0.190604  293.002 -0.000151962 0.000871441
0.193289  293.003 0.000151258 0.000871589
0.195973  293.005 -0.000153861 0.000871433
0.198658  293.006 0.000158079 0.000871583
0.201342  293.009 -0.000160872 0.000871416
0.204027  293.013 0.000160142 0.000871565
0.206711  293.018 -0.000158566 0.000871391
0.209396  293.024 0.000159094 0.000871531
0.212081  293.033 -0.000162177 0.000871343
0.214765  293.045 0.000164012 0.000871472
0.21745  293.06 -0.000163097 0.000871262
0.220134  293.081 0.000161454 0.000871364
0.222819  293.107 -0.000162582 0.000871123
0.225503  293.142 0.00016484 0.000871184
0.228188  293.186 -0.000165147 0.000870887
0.230872  293.244 0.000163291 0.000870878
0.233557  293.321 -0.000163274 0.000870488
0.236242  293.424 0.000165123 0.000870346
0.238926  293.568 -0.000165756 0.000869753
0.241611  293.781 0.000164057 0.000869288
0.244295  294.117 -0.000163914 0.000868132
0.24698  294.686 0.000165446 0.000866618
0.249664  295.718 -0.000165646 0.000863432
0.252349  297.683 0.00016415 0.000857895
0.255034  301.551 -0.00016469 0.000846729
0.257718  309.275 0.000165654 0.000825739
0.260403  324.62 -0.00016483 0.000786557
0.263087  354.249 0.000164556 0.000720907
0.265772  408.356 -0.000165612 0.000625269
0.268456  499.265 0.000164546 0.000511512
0.271141  637.906 -0.000165219 0.000400266
0.273826  830.847 0.000167499 0.000307374
0.27651  1080.09 -3.76226e-05 0.000236417
0.279195  1381.37 0.00241645 0.000185114
0.281879  1714.08 0.0160906 0.000150364
0.284564  2031.63 0.0585201 0.000130058
0.287248  2283.04 0.121345 0.000120221
0.289933  2449.04 0.17716 0.000116068
0.292617  2544.37 0.213844 0.0001144
0.295302  2594.43 0.234322 0.000113716
0.297987  2619.45 0.244838 0.000113421
0.300671  2631.63 0.250022 0.000113288
0.303356  2637.5 0.252526 0.000113226
0.30604  2640.32 0.253725 0.000113196
0.308725  2641.68 0.254296 0.000113181
0.311409  2642.35 0.254568 0.000113173
0.314094  2642.68 0.254697 0.000113168
0.316779  2642.86 0.254758 0.000113165
0.319463  2642.97 0.254787 0.000113163
0.322148  2643.04 0.254801 0.000113161
0.324832  2643.09 0.254807 0.000113159
0.327517  2643.14 0.25481 0.000113158
0.330201  2643.18 0.254812 0.000113156
0.332886  2643.23 0.254812 0.000113154
0.33557  2643.27 0.254813 0.000113152
0.338255  2643.31 0.254813 0.00011315
0.34094  2643.35 0.254813 0.000113149
0.343624  2643.4 0.254813 0.000113147
0.346309  2643.44 0.254813 0.000113145
0.348993  2643.48 0.254813 0.000113143
0.351678  2643.53 0.254813 0.000113141
0.354362  2643.57 0.254813 0.000113139
0.357047  2643.62 0.254813 0.000113137
0.359732  2643.67 0.254813 0.000113135
0.362416  2643.72 0.254813 0.000113133
0.365101  2643.76 0.254813 0.000113131
0.367785  2643.81 0.254813 0.000113129
0.37047  2643.86 0.254813 0.000113127
0.373154  2643.91 0.254813 0.000113125
0.375839  2643.96 0.254813 0.000113122
0.378523  2644.01 0.254813 0.00011312
0.381208  2644.07 0.254813 0.000113118
0.383893  2644.12 0.254813 0.000113116
0.386577  2644.17 0.254813 0.000113113
0.389262  2644.23 0.254813 0.000113111
0.391946  2644.28 0.254813 0.000113109
0.394631  2644.34 0.254813 0.000113106
0.397315  2644.39 0.254813 0.000113104
0.4  2644.45 0.254813 0.000113102
0.402685  2644.51 0.254813 0.000113099
0.405369  2644.57 0.254813 0.000113097
0.408054  2644.63 0.254813 0.000113094
0.410738  2644.69 0.254813 0.000113091
0.413423  2644.75 0.254813 0.000113089
0.418792  2644.87 0.254813 0.000113084
0.424161  2645 0.254813 0.000113078
0.42953  2645.13 0.254813 0.000113072
0.434899  2645.27 0.254813 0.000113067
0.440268  2645.4 0.254813 0.000113061
0.445638  2645.54 0.254813 0.000113055
0.451007  2645.69 0.254813 0.000113049
0.456376  2645.84 0.254813 0.000113042
0.461745  2645.99 0.254813 0.000113036
0.467114  2646.15 0.254813 0.000113029
0.472483  2646.31 0.254813 0.000113022
0.477852  2646.47 0.254813 0.000113015
0.483221  2646.64 0.254813 0.000113008
0.488591  2646.81 0.254813 0.000113001
0.49396  2646.98 0.254813 0.000112993
0.499329  2647.16 0.254813 0.000112986
0.504698  2647.35 0.254813 0.000112978
0.510067  2647.54 0.254813 0.00011297
0.515436  2647.73 0.254813 0.000112961
0.520805  2647.93 0.254813 0.000112953
0.526174  2648.13 0.254813 0.000112944
0.531544  2648.34 0.254813 0.000112936
0.536913  2648.55 0.254813 0.000112926
0.542282  2648.77 0.254813 0.000112917
0.547651  2648.99 0.254813 0.000112908
0.55302  2649.22 0.254813 0.000112898
0.558389  2649.45 0.254813 0.000112888
0.563758  2649.69 0.254813 0.000112878
0.569128  2649.93 0.254813 0.000112868
0.574497  2650.18 0.254813 0.000112857
0.579866  2650.43 0.254813 0.000112846
0.585235  2650.69 0.254813 0.000112835
0.590604  2650.96 0.254813 0.000112824
0.595973  2651.23 0.254813 0.000112813
0.601342  2651.5 0.254813 0.000112801
0.606711  2651.78 0.254813 0.000112789
0.612081  2652.07 0.254813 0.000112777
0.61745  2652.36 0.254813 0.000112764
0.622819  2652.66 0.254813 0.000112751
0.628188  2652.97 0.254813 0.000112738
0.633557  2653.28 0.254813 0.000112725
0.638926  2653.6 0.254813 0.000112712
0.644295  2653.92 0.254813 0.000112698
0.649664  2654.25 0.254813 0.000112684
0.655034  2654.59 0.254813 0.00011267
0.660403  2654.93 0.254813 0.000112655
0.665772  2655.28 0.254813 0.00011264
0.671141  2655.64 0.254813 0.000112625
0.67651  2656 0.254813 0.00011261
0.681879  2656.38 0.254813 0.000112594
0.687248  2656.75 0.254813 0.000112578
0.692617  2657.14 0.254813 0.000112562
0.697987  2657.53 0.254813 0.000112545
0.703356  2657.93 0.254813 0.000112528
0.708725  2658.33 0.254813 0.000112511
0.714094  2658.75 0.254813 0.000112493
0.719463  2659.17 0.254813 0.000112476
0.724832  2659.6 0.254813 0.000112457
0.730201  2660.03 0.254813 0.000112439
0.73557  2660.48 0.254813 0.00011242
0.74094  2660.93 0.254813 0.000112401
0.746309  2661.39 0.254813 0.000112382
0.751678  2661.85 0.254813 0.000112362
0.757047  2662.32 0.254813 0.000112342
0.762416  2662.8 0.254813 0.000112322
0.767785  2663.28 0.254813 0.000112302
0.773154  2663.75 0.254813 0.000112282
0.778523  2664.22 0.254813 0.000112262
0.783893  2664.65 0.254813 0.000112244
0.789262  2665.02 0.254813 0.000112229
0.794631  2665.27 0.254813 0.000112218
0.8  2665.27 0.254813 0.000112218
