TITLE="Graphics"
VARIABLES= "x", "T", "Y fr", "rho"
-0.0219919  293 0 0.000871523
-0.013745  293 -2.38296e-09 0.000871523
-0.0085906  293 -1.45211e-09 0.000871523
-0.00536913  293 -1.81572e-09 0.000871523
0  293 -8.05687e-10 0.000871523
0.00536913  293 -1.81571e-09 0.000871523
0.0107383  293 -8.05682e-10 0.000871523
0.0161074  293 -1.81571e-09 0.000871523
0.0214765  293 -8.05678e-10 0.000871523
0.0268456  293 -1.81571e-09 0.000871523
0.0322148  293 -8.05675e-10 0.000871523
0.0375839  293 -1.8157e-09 0.000871523
0.042953  293 -8.05673e-10 0.000871523
0.0483221  293 -1.8157e-09 0.000871523
0.0536913  293 -8.05671e-10 0.000871523
0.0590604  293 -1.8157e-09 0.000871523
0.0644295  293 -8.05669e-10 0.000871523
0.0697987  293 -1.8157e-09 0.000871523
0.0751678  293 -8.05667e-10 0.000871523
0.0805369  293 -1.8157e-09 0.000871523
0.085906  293 -8.05665e-10 0.000871523
0.0912752  293 -1.8157e-09 0.000871523
0.0966443  293 -8.05663e-10 0.000871523
0.102013  293 -1.81569e-09 0.000871523
0.107383  293 -8.05662e-10 0.000871523
0.112752  293 -1.81569e-09 0.000871523
0.118121  293 -8.05672e-10 0.000871523
0.12349  293 -1.81563e-09 0.000871523
0.128859  293 -8.05899e-10 0.000871523
0.134228  293.001 -1.81476e-09 0.000871522
0.139597  293.002 -8.08854e-10 0.000871519
0.144966  293.004 -1.80587e-09 0.000871511
0.150336  293.01 -8.3196e-10 0.000871493
0.15302  293.016 -1.05649e-09 0.000871475
0.155705  293.025 -8.29651e-10 0.000871449
0.158389  293.038 -1.02849e-09 0.000871411
0.161074  293.056 -8.81631e-10 0.000871356
0.163758  293.082 -8.56232e-10 0.000871281
0.166443  293.117 -1.37482e-09 0.000871176
0.169128  293.165 4.94086e-10 0.000871033
0.171812  293.229 -4.84987e-09 0.000870841
0.174497  293.316 8.98348e-09 0.000870585
0.177181  293.429 -2.45775e-08 0.000870249
0.179866  293.576 5.25444e-08 0.000869812
0.18255  293.766 -1.15649e-07 0.000869251
0.185235  294.007 2.31932e-07 0.000868539
0.187919  294.309 -4.46641e-07 0.000867645
0.190604  294.685 8.00101e-07 0.000866539
0.193289  295.148 -1.34627e-06 0.000865181
0.195973  295.71 2.0993e-06 0.000863539
0.198658  296.385 -3.03056e-06 0.000861567
0.201342  297.19 4.01239e-06 0.000859238
0.204027  298.138 -4.85559e-06 0.000856502
0.206711  299.243 5.34487e-06 0.000853342
0.209396  300.52 -5.38081e-06 0.000849711
0.212081  301.982 5.04132e-06 0.000845603
0.214765  303.64 -4.58665e-06 0.000840982
0.21745  305.505 4.25694e-06 0.000835852
0.220134  307.588 -4.09959e-06 0.000830188
0.222819  309.899 3.91683e-06 0.000824
0.225503  312.451 -3.52499e-06 0.000817266
0.228188  315.262 2.97123e-06 0.000809983
0.230872  318.358 -2.49875e-06 0.000802104
0.233557  321.784 2.18798e-06 0.000793566
0.236242  325.616 -1.86553e-06 0.000784225
0.238926  329.982 1.38452e-06 0.000773851
0.241611  335.096 -9.0354e-07 0.000762039
0.244295  341.313 5.81944e-07 0.000748159
0.24698  349.207 -2.91664e-07 0.000731246
0.249664  359.688 -1.19214e-07 0.000709938
0.252349  374.155 4.69421e-07 0.000682488
0.255034  394.663 -6.79779e-07 0.000647023
0.257718  424.05 9.52103e-07 0.000602184
0.260403  465.913 -1.22806e-06 0.000548077
0.263087  524.323 1.35102e-06 0.000487021
0.265772  603.306 -1.45976e-06 0.000423261
0.268456  706.257 3.00974e-06 0.000361563
0.271141  835.56 1.6845e-05 0.000305614
0.273826  992.351 0.000195376 0.000257354
0.27651  1175.88 0.00138941 0.000217336
0.279195  1381.37 0.00685724 0.000185587
0.281879  1596.55 0.0237058 0.000162148
0.284564  1800.63 0.0592054 0.000146803
0.287248  1970.96 0.110228 0.000138308
0.289933  2094.73 0.1613 0.000134339
0.292617  2174.16 0.200113 0.000132688
0.295302  2220.68 0.224789 0.000132021
0.297987  2246.43 0.238925 0.000131734
0.300671  2260.32 0.246572 0.000131594
0.303356  2267.79 0.250583 0.000131513
0.30604  2271.91 0.252655 0.000131457
0.308725  2274.29 0.253715 0.000131413
0.311409  2275.79 0.254256 0.000131374
0.314094  2276.84 0.25453 0.000131338
0.316779  2277.66 0.25467 0.000131303
0.319463  2278.37 0.254741 0.000131268
0.322148  2279.03 0.254776 0.000131233
0.324832  2279.67 0.254794 0.000131198
0.327517  2280.29 0.254804 0.000131163
0.330201  2280.91 0.254808 0.000131128
0.332886  2281.54 0.254811 0.000131092
0.33557  2282.17 0.254812 0.000131056
0.338255  2282.8 0.254812 0.00013102
0.34094  2283.43 0.254813 0.000130983
0.343624  2284.08 0.254813 0.000130946
0.346309  2284.72 0.254813 0.000130909
0.348993  2285.38 0.254813 0.000130872
0.351678  2286.04 0.254813 0.000130834
0.354362  2286.7 0.254813 0.000130796
0.357047  2287.37 0.254813 0.000130758
0.359732  2288.04 0.254813 0.000130719
0.362416  2288.73 0.254813 0.00013068
0.365101  2289.41 0.254813 0.000130641
0.367785  2290.11 0.254813 0.000130602
0.37047  2290.8 0.254813 0.000130562
0.373154  2291.51 0.254813 0.000130522
0.375839  2292.22 0.254813 0.000130481
0.378523  2292.94 0.254813 0.000130441
0.381208  2293.66 0.254813 0.000130399
0.383893  2294.38 0.254813 0.000130358
0.386577  2295.12 0.254813 0.000130316
0.389262  2295.86 0.254813 0.000130274
0.391946  2296.6 0.254813 0.000130232
0.394631  2297.36 0.254813 0.000130189
0.397315  2298.11 0.254813 0.000130147
0.4  2298.88 0.254813 0.000130103
0.402685  2299.65 0.254813 0.00013006
0.405369  2300.42 0.254813 0.000130016
0.408054  2301.21 0.254813 0.000129972
0.410738  2301.99 0.254813 0.000129927
0.413423  2302.79 0.254813 0.000129882
0.418792  2304.4 0.254813 0.000129792
0.424161  2306.03 0.254813 0.0001297
0.42953  2307.69 0.254813 0.000129607
0.434899  2309.37 0.254813 0.000129512
0.440268  2311.08 0.254813 0.000129416
0.445638  2312.82 0.254813 0.000129319
0.451007  2314.58 0.254813 0.000129221
0.456376  2316.36 0.254813 0.000129121
0.461745  2318.18 0.254813 0.00012902
0.467114  2320.02 0.254813 0.000128918
0.472483  2321.88 0.254813 0.000128814
0.477852  2323.78 0.254813 0.000128709
0.483221  2325.7 0.254813 0.000128603
0.488591  2327.64 0.254813 0.000128496
0.49396  2329.62 0.254813 0.000128387
0.499329  2331.62 0.254813 0.000128276
0.504698  2333.65 0.254813 0.000128165
0.510067  2335.7 0.254813 0.000128052
0.515436  2337.79 0.254813 0.000127938
0.520805  2339.9 0.254813 0.000127822
0.526174  2342.04 0.254813 0.000127705
0.531544  2344.21 0.254813 0.000127587
0.536913  2346.41 0.254813 0.000127468
0.542282  2348.64 0.254813 0.000127347
0.547651  2350.89 0.254813 0.000127225
0.55302  2353.18 0.254813 0.000127101
0.558389  2355.49 0.254813 0.000126977
0.563758  2357.83 0.254813 0.00012685
0.569128  2360.2 0.254813 0.000126723
0.574497  2362.6 0.254813 0.000126594
0.579866  2365.03 0.254813 0.000126464
0.585235  2367.49 0.254813 0.000126333
0.590604  2369.97 0.254813 0.0001262
0.595973  2372.49 0.254813 0.000126066
0.601342  2375.04 0.254813 0.000125931
0.606711  2377.62 0.254813 0.000125795
0.612081  2380.22 0.254813 0.000125657
0.61745  2382.86 0.254813 0.000125518
0.622819  2385.52 0.254813 0.000125378
0.628188  2388.22 0.254813 0.000125236
0.633557  2390.94 0.254813 0.000125094
0.638926  2393.7 0.254813 0.00012495
0.644295  2396.49 0.254813 0.000124804
0.649664  2399.3 0.254813 0.000124658
0.655034  2402.14 0.254813 0.00012451
0.660403  2405.03 0.254813 0.000124361
0.665772  2407.92 0.254813 0.000124211
0.671141  2410.87 0.254813 0.00012406
0.67651  2413.83 0.254813 0.000123907
0.681879  2416.83 0.254813 0.000123754
0.687248  2419.86 0.254813 0.000123599
0.692617  2422.92 0.254813 0.000123443
0.697987  2426 0.254813 0.000123286
0.703356  2429.13 0.254813 0.000123127
0.708725  2432.28 0.254813 0.000122968
0.714094  2435.45 0.254813 0.000122807
0.719463  2438.67 0.254813 0.000122645
0.724832  2441.91 0.254813 0.000122483
0.730201  2445.17 0.254813 0.000122319
0.73557  2448.47 0.254813 0.000122154
0.74094  2451.79 0.254813 0.000121989
0.746309  2455.12 0.254813 0.000121823
0.751678  2458.48 0.254813 0.000121657
0.757047  2461.82 0.254813 0.000121492
0.762416  2465.15 0.254813 0.000121328
0.767785  2468.43 0.254813 0.000121167
0.773154  2471.6 0.254813 0.000121011
0.778523  2474.6 0.254813 0.000120865
0.783893  2477.28 0.254813 0.000120734
0.789262  2479.46 0.254813 0.000120628
0.794631  2480.8 0.254813 0.000120562
0.8  2480.8 0.254813 0.000120562
