TITLE="Graphics"
VARIABLES= "x", "T", "Y fr", "rho"
-0.0219919  293 0 0.000871523
-0.013745  293 -2.38296e-09 0.000871523
-0.0085906  293 -1.45211e-09 0.000871523
-0.00536913  293 -1.81572e-09 0.000871523
0  293 -8.05685e-10 0.000871523
0.00536913  293 -1.81571e-09 0.000871523
0.0107383  293 -8.0568e-10 0.000871523
0.0161074  293 -1.81571e-09 0.000871523
0.0214765  293 -8.05674e-10 0.000871523
0.0268456  293 -1.8157e-09 0.000871523
0.0322148  293 -8.05669e-10 0.000871523
0.0375839  293 -1.8157e-09 0.000871523
0.042953  293 -8.05665e-10 0.000871523
0.0483221  293 -1.81569e-09 0.000871523
0.0536913  293 -8.0567e-10 0.000871523
0.0590604  293 -1.81565e-09 0.000871523
0.0644295  293 -8.05788e-10 0.000871523
0.0697987  293 -1.81523e-09 0.000871523
0.0751678  293 -8.07247e-10 0.000871523
0.0805369  293 -1.80996e-09 0.000871523
0.085906  293 -8.26614e-10 0.000871523
0.0912752  293 -1.73779e-09 0.000871523
0.0966443  293 -1.09426e-09 0.000871523
0.102013  293 -7.64751e-10 0.000871523
0.107383  293 -4.52065e-09 0.000871523
0.112752  293 1.0814e-08 0.000871523
0.118121  293 -4.17871e-08 0.000871523
0.12349  293 1.24252e-07 0.000871523
0.128859  293 -3.659e-07 0.000871523
0.134228  293 9.85438e-07 0.000871523
0.139597  293 -2.46735e-06 0.000871522
0.144966  293 5.60917e-06 0.000871525
0.150336  293.001 -1.13727e-05 0.000871516
0.15302  293.001 -1.80089e-06 0.00087152
0.155705  293.001 -8.55667e-06 0.000871516
0.158389  293.002 2.86814e-06 0.00087152
0.161074  293.002 -7.02699e-06 0.000871513
0.163758  293.003 4.55272e-06 0.000871517
0.166443  293.004 -5.45011e-06 0.000871509
0.169128  293.005 4.05944e-06 0.000871509
0.171812  293.007 -3.84617e-06 0.000871499
0.174497  293.01 3.18478e-06 0.000871496
0.177181  293.013 -3.03324e-06 0.000871483
0.179866  293.017 2.79115e-06 0.000871473
0.18255  293.023 -2.5228e-06 0.000871455
0.185235  293.03 2.01657e-06 0.000871436
0.187919  293.038 -1.40599e-06 0.000871408
0.190604  293.05 8.42997e-07 0.000871376
0.193289  293.064 -4.72168e-07 0.000871333
0.195973  293.082 2.28705e-07 0.000871281
0.198658  293.104 5.22358e-08 0.000871214
0.201342  293.132 -4.79222e-07 0.000871131
0.204027  293.167 9.50113e-07 0.000871027
0.206711  293.211 -1.29637e-06 0.000870896
0.209396  293.266 1.47687e-06 0.000870734
0.212081  293.335 -1.65309e-06 0.000870528
0.214765  293.422 1.94404e-06 0.000870271
0.21745  293.533 -2.27227e-06 0.000869938
0.220134  293.678 2.46368e-06 0.000869513
0.222819  293.869 -2.54142e-06 0.000868945
0.225503  294.126 2.67178e-06 0.000868188
0.228188  294.481 -2.90099e-06 0.000867139
0.230872  294.984 3.0603e-06 0.000865664
0.233557  295.713 -3.0938e-06 0.000863525
0.236242  296.796 3.15035e-06 0.000860378
0.238926  298.434 -3.30697e-06 0.000855652
0.241611  300.95 3.40003e-06 0.000848502
0.244295  304.852 -3.39296e-06 0.000837637
0.24698  310.935 3.44712e-06 0.000821256
0.249664  320.403 -3.55566e-06 0.000796983
0.252349  335.028 3.55104e-06 0.000762194
0.255034  357.269 -3.56044e-06 0.000714745
0.257718  390.279 3.64173e-06 0.000654293
0.260403  437.7 -3.6206e-06 0.000583404
0.263087  503.199 3.64207e-06 0.000507467
0.265772  589.926 -3.64796e-06 0.000432861
0.268456  700.138 4.57304e-06 0.000364724
0.271141  835.121 1.35439e-05 0.000305774
0.273826  995.157 0.00020815 0.00025663
0.27651  1178.93 0.00152273 0.000216789
0.279195  1381.37 0.00748207 0.000185654
0.281879  1590.35 0.0253398 0.000162935
0.284564  1786.08 0.0619487 0.000148241
0.287248  1947.65 0.113339 0.000140231
0.289933  2063.93 0.163882 0.000136567
0.292617  2137.92 0.201845 0.000135089
0.295302  2180.88 0.225809 0.00013452
0.297987  2204.4 0.23948 0.000134296
0.300671  2216.85 0.24686 0.0001342
0.303356  2223.33 0.250729 0.000134156
0.30604  2226.68 0.252727 0.000134134
0.308725  2228.42 0.25375 0.000134121
0.311409  2229.33 0.254272 0.000134114
0.314094  2229.82 0.254538 0.000134108
0.316779  2230.09 0.254673 0.000134104
0.319463  2230.25 0.254742 0.0001341
0.322148  2230.36 0.254777 0.000134097
0.324832  2230.44 0.254795 0.000134093
0.327517  2230.51 0.254804 0.00013409
0.330201  2230.58 0.254808 0.000134087
0.332886  2230.64 0.254811 0.000134083
0.33557  2230.69 0.254812 0.00013408
0.338255  2230.75 0.254812 0.000134077
0.34094  2230.81 0.254813 0.000134073
0.343624  2230.87 0.254813 0.00013407
0.346309  2230.93 0.254813 0.000134066
0.348993  2230.99 0.254813 0.000134062
0.351678  2231.05 0.254813 0.000134059
0.354362  2231.11 0.254813 0.000134055
0.357047  2231.18 0.254813 0.000134051
0.359732  2231.24 0.254813 0.000134047
0.362416  2231.31 0.254813 0.000134043
0.365101  2231.37 0.254813 0.000134039
0.367785  2231.44 0.254813 0.000134035
0.37047  2231.51 0.254813 0.000134031
0.373154  2231.58 0.254813 0.000134027
0.375839  2231.65 0.254813 0.000134023
0.378523  2231.72 0.254813 0.000134019
0.381208  2231.79 0.254813 0.000134014
0.383893  2231.86 0.254813 0.00013401
0.386577  2231.94 0.254813 0.000134005
0.389262  2232.01 0.254813 0.000134001
0.391946  2232.09 0.254813 0.000133996
0.394631  2232.17 0.254813 0.000133992
0.397315  2232.24 0.254813 0.000133987
0.4  2232.32 0.254813 0.000133982
0.402685  2232.4 0.254813 0.000133977
0.405369  2232.49 0.254813 0.000133972
0.408054  2232.57 0.254813 0.000133968
0.410738  2232.65 0.254813 0.000133962
0.413423  2232.74 0.254813 0.000133957
0.418792  2232.91 0.254813 0.000133947
0.424161  2233.09 0.254813 0.000133936
0.42953  2233.28 0.254813 0.000133925
0.434899  2233.46 0.254813 0.000133914
0.440268  2233.66 0.254813 0.000133902
0.445638  2233.86 0.254813 0.00013389
0.451007  2234.06 0.254813 0.000133878
0.456376  2234.28 0.254813 0.000133865
0.461745  2234.49 0.254813 0.000133852
0.467114  2234.71 0.254813 0.000133839
0.472483  2234.94 0.254813 0.000133825
0.477852  2235.18 0.254813 0.000133811
0.483221  2235.42 0.254813 0.000133797
0.488591  2235.67 0.254813 0.000133782
0.49396  2235.92 0.254813 0.000133767
0.499329  2236.18 0.254813 0.000133751
0.504698  2236.45 0.254813 0.000133735
0.510067  2236.72 0.254813 0.000133719
0.515436  2237 0.254813 0.000133702
0.520805  2237.29 0.254813 0.000133685
0.526174  2237.59 0.254813 0.000133667
0.531544  2237.89 0.254813 0.000133649
0.536913  2238.2 0.254813 0.00013363
0.542282  2238.52 0.254813 0.000133611
0.547651  2238.85 0.254813 0.000133592
0.55302  2239.18 0.254813 0.000133572
0.558389  2239.53 0.254813 0.000133551
0.563758  2239.88 0.254813 0.00013353
0.569128  2240.24 0.254813 0.000133509
0.574497  2240.61 0.254813 0.000133487
0.579866  2240.99 0.254813 0.000133464
0.585235  2241.37 0.254813 0.000133441
0.590604  2241.77 0.254813 0.000133418
0.595973  2242.18 0.254813 0.000133393
0.601342  2242.59 0.254813 0.000133369
0.606711  2243.02 0.254813 0.000133343
0.612081  2243.45 0.254813 0.000133318
0.61745  2243.9 0.254813 0.000133291
0.622819  2244.35 0.254813 0.000133264
0.628188  2244.82 0.254813 0.000133237
0.633557  2245.29 0.254813 0.000133208
0.638926  2245.78 0.254813 0.00013318
0.644295  2246.27 0.254813 0.00013315
0.649664  2246.78 0.254813 0.00013312
0.655034  2247.3 0.254813 0.000133089
0.660403  2247.83 0.254813 0.000133058
0.665772  2248.37 0.254813 0.000133026
0.671141  2248.93 0.254813 0.000132993
0.67651  2249.49 0.254813 0.00013296
0.681879  2250.07 0.254813 0.000132925
0.687248  2250.66 0.254813 0.000132891
0.692617  2251.26 0.254813 0.000132855
0.697987  2251.88 0.254813 0.000132819
0.703356  2252.5 0.254813 0.000132782
0.708725  2253.14 0.254813 0.000132744
0.714094  2253.79 0.254813 0.000132706
0.719463  2254.46 0.254813 0.000132667
0.724832  2255.13 0.254813 0.000132627
0.730201  2255.82 0.254813 0.000132586
0.73557  2256.53 0.254813 0.000132545
0.74094  2257.24 0.254813 0.000132503
0.746309  2257.96 0.254813 0.000132461
0.751678  2258.69 0.254813 0.000132418
0.757047  2259.43 0.254813 0.000132375
0.762416  2260.17 0.254813 0.000132331
0.767785  2260.9 0.254813 0.000132288
0.773154  2261.62 0.254813 0.000132247
0.778523  2262.3 0.254813 0.000132207
0.783893  2262.91 0.254813 0.000132171
0.789262  2263.4 0.254813 0.000132143
0.794631  2263.71 0.254813 0.000132125
0.8  2263.71 0.254813 0.000132125
