TITLE="Graphics"
VARIABLES= "x", "T", "Y fr", "rho"
-0.0219919  293 0 0.000871523
-0.013745  293 -1.25674e-07 0.000871523
-0.0085906  293 -7.65827e-08 0.000871523
-0.00536913  293 -9.5759e-08 0.000871523
0  293 -4.24914e-08 0.000871523
0.00536913  293 -9.5759e-08 0.000871523
0.0107383  293 -4.24914e-08 0.000871523
0.0161074  293 -9.5759e-08 0.000871523
0.0214765  293 -4.24914e-08 0.000871523
0.0268456  293 -9.5759e-08 0.000871523
0.0322148  293 -4.24914e-08 0.000871523
0.0375839  293 -9.5759e-08 0.000871523
0.042953  293 -4.24914e-08 0.000871523
0.0483221  293 -9.5759e-08 0.000871523
0.0536913  293 -4.24914e-08 0.000871523
0.0590604  293 -9.5759e-08 0.000871523
0.0644295  293 -4.24914e-08 0.000871523
0.0697987  293 -9.5759e-08 0.000871523
0.0751678  293 -4.24914e-08 0.000871523
0.0805369  293 -9.5759e-08 0.000871523
0.085906  293 -4.24914e-08 0.000871523
0.0912752  293 -9.5759e-08 0.000871523
0.0966443  293 -4.24914e-08 0.000871523
0.102013  293 -9.5759e-08 0.000871523
0.107383  293 -4.24914e-08 0.000871523
0.112752  293 -9.5759e-08 0.000871523
0.118121  293 -4.24914e-08 0.000871523
0.12349  293 -9.5759e-08 0.000871523
0.128859  293 -4.24914e-08 0.000871523
0.134228  293 -9.5759e-08 0.000871523
0.139597  292.999 -4.24914e-08 0.000871527
0.144966  293.005 -9.5759e-08 0.000871508
0.150336  292.995 -4.24913e-08 0.000871538
0.15302  293.01 -5.58083e-08 0.000871495
0.155705  293.061 -4.24913e-08 0.000871341
0.158389  293.196 -5.58083e-08 0.00087094
0.161074  293.489 -4.24913e-08 0.00087007
0.163758  294.05 -5.58083e-08 0.000868412
0.166443  295.015 -4.24913e-08 0.000865572
0.169128  296.54 -5.58084e-08 0.000861119
0.171812  298.781 -4.24911e-08 0.000854661
0.174497  301.867 -5.58087e-08 0.000845922
0.177181  305.889 -4.24906e-08 0.0008348
0.179866  310.884 -5.58095e-08 0.000821387
0.18255  316.838 -4.24895e-08 0.000805953
0.185235  323.694 -5.58091e-08 0.000788881
0.187919  331.367 -4.24884e-08 0.000770615
0.190604  339.754 -5.58043e-08 0.000751591
0.193289  348.749 -4.2496e-08 0.000732206
0.195973  358.25 -5.58184e-08 0.000712789
0.198658  368.161 -4.25053e-08 0.0006936
0.201342  378.401 -5.58628e-08 0.00067483
0.204027  388.899 -4.22915e-08 0.000656613
0.206711  399.597 -5.51303e-08 0.000639034
0.209396  410.447 -4.00771e-08 0.000622143
0.212081  421.409 -4.87726e-08 0.000605959
0.214765  432.452 -2.75157e-08 0.000590484
0.21745  443.553 -1.49849e-08 0.000575706
0.220134  454.691 1.47819e-08 0.000561603
0.222819  465.853 1.40788e-07 0.000548148
0.225503  477.025 7.48328e-08 0.00053531
0.228188  488.2 8.14786e-07 0.000523057
0.230872  499.372 -1.64643e-07 0.000511355
0.233557  510.536 3.33628e-06 0.000500173
0.236242  521.692 -1.72939e-06 0.000489477
0.238926  532.838 9.9721e-06 0.00047924
0.241611  543.982 -3.98366e-06 0.000469419
0.244295  555.137 1.85381e-05 0.000459992
0.24698  566.334 4.49452e-06 0.000450895
0.249664  577.636 1.55323e-05 0.000442075
0.252349  589.181 4.20923e-05 0.000433419
0.255034  601.253 6.19554e-07 0.000424707
0.257718  614.438 9.7783e-05 0.000415617
0.260403  629.923 7.63389e-06 0.000405379
0.263087  650.065 0.000159113 0.000392852
0.265772  679.358 4.08679e-05 0.000375887
0.268456  725.833 0.000249692 0.000351862
0.271141  802.367 0.000118777 0.000318275
0.273826  926.342 0.000413096 0.000275726
0.27651  1115.81 0.000558659 0.000228925
0.279195  1381.37 0.00277794 0.000185152
0.281879  1712.49 0.0125799 0.000150198
0.284564  2063.98 0.0444564 0.000126959
0.287248  2371.7 0.0994551 0.000114185
0.289933  2595.99 0.156208 0.000108052
0.292617  2737.6 0.19852 0.00010527
0.295302  2818.92 0.224645 0.000103993
0.297987  2863.28 0.239198 0.000103373
0.300671  2887.1 0.246876 0.000103046
0.303356  2900.09 0.250817 0.000102856
0.30604  2907.51 0.25281 0.00010273
0.308725  2912.13 0.253812 0.000102636
0.311409  2915.34 0.254313 0.000102558
0.314094  2917.84 0.254564 0.000102487
0.316779  2920 0.254689 0.00010242
0.319463  2921.99 0.254751 0.000102355
0.322148  2923.9 0.254782 0.00010229
0.324832  2925.77 0.254798 0.000102226
0.327517  2927.63 0.254805 0.000102161
0.330201  2929.48 0.254809 0.000102097
0.332886  2931.33 0.254811 0.000102032
0.33557  2933.19 0.254812 0.000101968
0.338255  2935.06 0.254813 0.000101903
0.34094  2936.93 0.254813 0.000101838
0.343624  2938.81 0.254813 0.000101773
0.346309  2940.69 0.254813 0.000101708
0.348993  2942.58 0.254813 0.000101643
0.351678  2944.48 0.254813 0.000101577
0.354362  2946.39 0.254813 0.000101511
0.357047  2948.3 0.254813 0.000101445
0.359732  2950.22 0.254813 0.000101379
0.362416  2952.15 0.254813 0.000101313
0.365101  2954.08 0.254813 0.000101247
0.367785  2956.03 0.254813 0.00010118
0.37047  2957.98 0.254813 0.000101114
0.373154  2959.94 0.254813 0.000101047
0.375839  2961.91 0.254813 0.000100979
0.378523  2963.88 0.254813 0.000100912
0.381208  2965.87 0.254813 0.000100845
0.383893  2967.86 0.254813 0.000100777
0.386577  2969.86 0.254813 0.000100709
0.389262  2971.88 0.254813 0.000100641
0.391946  2973.9 0.254813 0.000100572
0.394631  2975.94 0.254813 0.000100503
0.397315  2977.98 0.254813 0.000100434
0.4  2980.04 0.254813 0.000100365
0.402685  2982.11 0.254813 0.000100295
0.405369  2984.2 0.254813 0.000100225
0.408054  2986.3 0.254813 0.000100155
0.410738  2988.41 0.254813 0.000100084
0.413423  2990.54 0.254813 0.000100013
0.418792  2994.85 0.254813 9.98686e-05
0.424161  2999.24 0.254813 9.97224e-05
0.42953  3003.72 0.254813 9.95738e-05
0.434899  3008.29 0.254813 9.94224e-05
0.440268  3012.98 0.254813 9.92678e-05
0.445638  3017.79 0.254813 9.91096e-05
0.451007  3022.74 0.254813 9.89473e-05
0.456376  3027.84 0.254813 9.87805e-05
0.461745  3033.12 0.254813 9.86086e-05
0.467114  3038.59 0.254813 9.84312e-05
0.472483  3044.26 0.254813 9.82477e-05
0.477852  3050.16 0.254813 9.80577e-05
0.483221  3056.3 0.254813 9.78607e-05
0.488591  3062.7 0.254813 9.76562e-05
0.49396  3069.37 0.254813 9.7444e-05
0.499329  3076.33 0.254813 9.72236e-05
0.504698  3083.58 0.254813 9.6995e-05
0.510067  3091.13 0.254813 9.67581e-05
0.515436  3098.98 0.254813 9.65129e-05
0.520805  3107.14 0.254813 9.62596e-05
0.526174  3115.58 0.254813 9.59987e-05
0.531544  3124.3 0.254813 9.57307e-05
0.536913  3133.28 0.254813 9.54564e-05
0.542282  3142.48 0.254813 9.5177e-05
0.547651  3151.86 0.254813 9.48937e-05
0.55302  3161.38 0.254813 9.4608e-05
0.558389  3170.96 0.254813 9.4322e-05
0.563758  3180.55 0.254813 9.40377e-05
0.569128  3190.05 0.254813 9.37578e-05
0.574497  3199.35 0.254813 9.34851e-05
0.579866  3208.34 0.254813 9.32231e-05
0.585235  3216.88 0.254813 9.29755e-05
0.590604  3224.82 0.254813 9.27466e-05
0.595973  3231.98 0.254813 9.25412e-05
0.601342  3238.16 0.254813 9.23646e-05
0.606711  3243.14 0.254813 9.22229e-05
0.612081  3246.67 0.254813 9.21226e-05
0.61745  3248.49 0.254813 9.2071e-05
0.622819  3248.3 0.254813 9.20764e-05
0.628188  3245.79 0.254813 9.21475e-05
0.633557  3240.64 0.254813 9.22939e-05
0.638926  3232.51 0.254813 9.2526e-05
0.644295  3221.07 0.254813 9.28547e-05
0.649664  3206 0.254813 9.32913e-05
0.655034  3187.01 0.254813 9.38472e-05
0.660403  3163.88 0.254813 9.45333e-05
0.665772  3136.47 0.254813 9.53594e-05
0.671141  3104.77 0.254813 9.63331e-05
0.67651  3068.91 0.254813 9.74586e-05
0.681879  3029.23 0.254813 9.87352e-05
0.687248  2986.27 0.254813 0.000100156
0.692617  2940.81 0.254813 0.000101704
0.697987  2893.81 0.254813 0.000103356
0.703356  2846.42 0.254813 0.000105076
0.708725  2799.87 0.254813 0.000106824
0.714094  2755.34 0.254813 0.00010855
0.719463  2713.91 0.254813 0.000110207
0.724832  2676.4 0.254813 0.000111751
0.730201  2643.37 0.254813 0.000113148
0.73557  2615.03 0.254813 0.000114374
0.74094  2591.33 0.254813 0.00011542
0.746309  2571.98 0.254813 0.000116288
0.751678  2556.55 0.254813 0.000116991
0.757047  2544.5 0.254813 0.000117544
0.762416  2535.31 0.254813 0.000117971
0.767785  2528.44 0.254813 0.000118291
0.773154  2523.43 0.254813 0.000118526
0.778523  2519.87 0.254813 0.000118693
0.783893  2517.41 0.254813 0.000118809
0.789262  2515.8 0.254813 0.000118885
0.794631  2514.89 0.254813 0.000118928
0.8  2514.89 0.254813 0.000118928
