TITLE="Graphics"
VARIABLES= "x", "T", "Y fr", "rho"
-0.0219919  293 0 0.000871523
-0.013745  293 -1.25674e-07 0.000871523
-0.0085906  293 -7.65827e-08 0.000871523
-0.00536913  293 -9.5759e-08 0.000871523
0  293 -4.24914e-08 0.000871523
0.00536913  293 -9.5759e-08 0.000871523
0.0107383  293 -4.24914e-08 0.000871523
0.0161074  293 -9.5759e-08 0.000871523
0.0214765  293 -4.24914e-08 0.000871523
0.0268456  293 -9.5759e-08 0.000871523
0.0322148  293 -4.24914e-08 0.000871523
0.0375839  293 -9.5759e-08 0.000871523
0.042953  293 -4.24914e-08 0.000871523
0.0483221  293 -9.5759e-08 0.000871523
0.0536913  293 -4.24913e-08 0.000871523
0.0590604  293 -9.5759e-08 0.000871523
0.0644295  293 -4.24914e-08 0.000871523
0.0697987  293 -9.57586e-08 0.000871523
0.0751678  293 -4.24936e-08 0.000871523
0.0805369  293 -9.57485e-08 0.000871523
0.085906  293 -4.25372e-08 0.000871523
0.0912752  293 -9.55698e-08 0.000871523
0.0966443  293 -4.32333e-08 0.000871523
0.102013  293 -9.29891e-08 0.000871523
0.107383  293 -5.23138e-08 0.000871523
0.112752  293 -6.28203e-08 0.000871523
0.118121  293 -1.46214e-07 0.000871523
0.12349  293 2.07776e-07 0.000871523
0.128859  293 -8.54801e-07 0.000871523
0.134228  293 1.83796e-06 0.000871524
0.139597  293 -3.91049e-06 0.000871521
0.144966  293 5.40612e-06 0.000871526
0.150336  293 -6.43036e-07 0.000871523
0.15302  293 -1.26352e-05 0.000871517
0.155705  293 1.03492e-05 0.000871528
0.158389  293 -3.27559e-05 0.000871507
0.161074  293 4.24335e-05 0.000871544
0.163758  293 -6.75834e-05 0.000871489
0.166443  293 8.53774e-05 0.000871566
0.169128  293 -0.00010602 0.00087147
0.171812  293 0.00011853 0.000871582
0.174497  293 -0.00012652 0.000871459
0.177181  293.001 0.000128424 0.000871586
0.179866  293.001 -0.000129217 0.000871456
0.18255  293.001 0.000131433 0.000871585
0.185235  293.002 -0.00013731 0.000871449
0.187919  293.003 0.000144657 0.000871587
0.190604  293.004 -0.000150476 0.000871435
0.193289  293.006 0.000152067 0.000871581
0.195973  293.009 -0.000151046 0.000871422
0.198658  293.012 0.000150594 0.000871562
0.201342  293.017 -0.000153477 0.000871395
0.204027  293.024 0.000157774 0.00087153
0.206711  293.033 -0.000160283 0.000871343
0.209396  293.046 0.000159293 0.000871466
0.212081  293.062 -0.000158006 0.000871259
0.214765  293.084 0.000159189 0.000871353
0.21745  293.112 -0.000162415 0.000871108
0.220134  293.149 0.000163592 0.000871162
0.222819  293.196 -0.000162224 0.000870859
0.225503  293.257 0.000161217 0.00087084
0.228188  293.334 -0.00016317 0.000870449
0.230872  293.432 0.000165009 0.000870321
0.233557  293.558 -0.000164312 0.000869784
0.236242  293.721 0.000162767 0.000869466
0.238926  293.936 -0.000163939 0.000868667
0.241611  294.232 0.000165563 0.000867957
0.244295  294.665 -0.000164928 0.000866517
0.24698  295.346 0.000163561 0.000864683
0.249664  296.501 -0.000164756 0.000861152
0.252349  298.599 0.000165696 0.000855263
0.255034  302.602 -0.00016465 0.000843789
0.257718  310.444 0.000164255 0.000822629
0.260403  325.862 -0.000165596 0.000783558
0.263087  355.477 0.00016488 0.000718416
0.265772  409.442 -0.000164608 0.000623611
0.268456  500.084 0.000165472 0.000510675
0.271141  638.397 -0.000164558 0.000399958
0.273826  831.05 0.00016782 0.000307299
0.27651  1080.11 -3.73891e-05 0.000236411
0.279195  1381.37 0.00241339 0.000185114
0.281879  1714.21 0.0160659 0.000150351
0.284564  2032.02 0.0584563 0.000130028
0.287248  2283.71 0.121262 0.000120179
0.289933  2449.97 0.17709 0.000116019
0.292617  2545.47 0.213797 0.000114347
0.295302  2595.65 0.234294 0.00011366
0.297987  2620.74 0.244823 0.000113364
0.300671  2632.97 0.250014 0.000113229
0.303356  2638.87 0.252522 0.000113166
0.30604  2641.72 0.253723 0.000113136
0.308725  2643.1 0.254295 0.00011312
0.311409  2643.79 0.254567 0.000113111
0.314094  2644.15 0.254696 0.000113106
0.316779  2644.35 0.254758 0.000113102
0.319463  2644.47 0.254787 0.000113099
0.322148  2644.57 0.254801 0.000113096
0.324832  2644.64 0.254807 0.000113093
0.327517  2644.71 0.25481 0.00011309
0.330201  2644.77 0.254812 0.000113088
0.332886  2644.84 0.254812 0.000113085
0.33557  2644.9 0.254813 0.000113082
0.338255  2644.97 0.254813 0.00011308
0.34094  2645.03 0.254813 0.000113077
0.343624  2645.1 0.254813 0.000113074
0.346309  2645.16 0.254813 0.000113071
0.348993  2645.23 0.254813 0.000113068
0.351678  2645.3 0.254813 0.000113065
0.354362  2645.37 0.254813 0.000113062
0.357047  2645.44 0.254813 0.000113059
0.359732  2645.51 0.254813 0.000113056
0.362416  2645.58 0.254813 0.000113053
0.365101  2645.65 0.254813 0.00011305
0.367785  2645.73 0.254813 0.000113047
0.37047  2645.8 0.254813 0.000113044
0.373154  2645.87 0.254813 0.000113041
0.375839  2645.95 0.254813 0.000113037
0.378523  2646.03 0.254813 0.000113034
0.381208  2646.11 0.254813 0.000113031
0.383893  2646.19 0.254813 0.000113027
0.386577  2646.27 0.254813 0.000113024
0.389262  2646.35 0.254813 0.000113021
0.391946  2646.43 0.254813 0.000113017
0.394631  2646.51 0.254813 0.000113013
0.397315  2646.6 0.254813 0.00011301
0.4  2646.68 0.254813 0.000113006
0.402685  2646.77 0.254813 0.000113003
0.405369  2646.86 0.254813 0.000112999
0.408054  2646.94 0.254813 0.000112995
0.410738  2647.03 0.254813 0.000112991
0.413423  2647.12 0.254813 0.000112987
0.418792  2647.31 0.254813 0.000112979
0.424161  2647.5 0.254813 0.000112971
0.42953  2647.69 0.254813 0.000112963
0.434899  2647.89 0.254813 0.000112955
0.440268  2648.09 0.254813 0.000112946
0.445638  2648.3 0.254813 0.000112937
0.451007  2648.51 0.254813 0.000112928
0.456376  2648.73 0.254813 0.000112919
0.461745  2648.95 0.254813 0.000112909
0.467114  2649.18 0.254813 0.0001129
0.472483  2649.41 0.254813 0.00011289
0.477852  2649.65 0.254813 0.00011288
0.483221  2649.9 0.254813 0.000112869
0.488591  2650.14 0.254813 0.000112859
0.49396  2650.4 0.254813 0.000112848
0.499329  2650.66 0.254813 0.000112837
0.504698  2650.92 0.254813 0.000112825
0.510067  2651.19 0.254813 0.000112814
0.515436  2651.47 0.254813 0.000112802
0.520805  2651.75 0.254813 0.00011279
0.526174  2652.04 0.254813 0.000112778
0.531544  2652.34 0.254813 0.000112765
0.536913  2652.64 0.254813 0.000112753
0.542282  2652.94 0.254813 0.00011274
0.547651  2653.26 0.254813 0.000112726
0.55302  2653.58 0.254813 0.000112713
0.558389  2653.9 0.254813 0.000112699
0.563758  2654.23 0.254813 0.000112685
0.569128  2654.57 0.254813 0.00011267
0.574497  2654.92 0.254813 0.000112656
0.579866  2655.27 0.254813 0.000112641
0.585235  2655.63 0.254813 0.000112626
0.590604  2655.99 0.254813 0.00011261
0.595973  2656.37 0.254813 0.000112594
0.601342  2656.75 0.254813 0.000112578
0.606711  2657.13 0.254813 0.000112562
0.612081  2657.53 0.254813 0.000112545
0.61745  2657.93 0.254813 0.000112528
0.622819  2658.34 0.254813 0.000112511
0.628188  2658.75 0.254813 0.000112493
0.633557  2659.18 0.254813 0.000112475
0.638926  2659.61 0.254813 0.000112457
0.644295  2660.05 0.254813 0.000112438
0.649664  2660.5 0.254813 0.000112419
0.655034  2660.95 0.254813 0.0001124
0.660403  2661.41 0.254813 0.000112381
0.665772  2661.88 0.254813 0.000112361
0.671141  2662.36 0.254813 0.000112341
0.67651  2662.85 0.254813 0.00011232
0.681879  2663.35 0.254813 0.000112299
0.687248  2663.85 0.254813 0.000112278
0.692617  2664.36 0.254813 0.000112256
0.697987  2664.88 0.254813 0.000112235
0.703356  2665.41 0.254813 0.000112212
0.708725  2665.95 0.254813 0.00011219
0.714094  2666.49 0.254813 0.000112167
0.719463  2667.05 0.254813 0.000112143
0.724832  2667.61 0.254813 0.00011212
0.730201  2668.18 0.254813 0.000112096
0.73557  2668.76 0.254813 0.000112071
0.74094  2669.35 0.254813 0.000112047
0.746309  2669.95 0.254813 0.000112021
0.751678  2670.56 0.254813 0.000111996
0.757047  2671.17 0.254813 0.00011197
0.762416  2671.79 0.254813 0.000111944
0.767785  2672.41 0.254813 0.000111918
0.773154  2673.02 0.254813 0.000111893
0.778523  2673.62 0.254813 0.000111868
0.783893  2674.18 0.254813 0.000111844
0.789262  2674.66 0.254813 0.000111824
0.794631  2674.97 0.254813 0.000111811
0.8  2674.97 0.254813 0.000111811
