TITLE="Graphics"
VARIABLES= "x", "T", "Y fr", "rho"
-0.0219919  293 0 0.000871523
-0.013745  293 -1.25674e-07 0.000871523
-0.0085906  293 -7.65827e-08 0.000871523
-0.00536913  293 -9.5759e-08 0.000871523
0  293 -4.24914e-08 0.000871523
0.00536913  293 -9.5759e-08 0.000871523
0.0107383  293 -4.24914e-08 0.000871523
0.0161074  293 -9.5759e-08 0.000871523
0.0214765  293 -4.24914e-08 0.000871523
0.0268456  293 -9.5759e-08 0.000871523
0.0322148  293 -4.24914e-08 0.000871523
0.0375839  293 -9.5759e-08 0.000871523
0.042953  293 -4.24914e-08 0.000871523
0.0483221  293 -9.5759e-08 0.000871523
0.0536913  293 -4.24914e-08 0.000871523
0.0590604  293 -9.5759e-08 0.000871523
0.0644295  293 -4.24914e-08 0.000871523
0.0697987  293 -9.5759e-08 0.000871523
0.0751678  293 -4.24914e-08 0.000871523
0.0805369  293 -9.5759e-08 0.000871523
0.085906  293 -4.24913e-08 0.000871523
0.0912752  293 -9.5759e-08 0.000871523
0.0966443  293 -4.24913e-08 0.000871523
0.102013  293 -9.5759e-08 0.000871523
0.107383  293 -4.24913e-08 0.000871523
0.112752  293 -9.5759e-08 0.000871523
0.118121  293 -4.24912e-08 0.000871523
0.12349  293 -9.57595e-08 0.000871523
0.128859  293 -4.24903e-08 0.000871523
0.134228  293 -9.5761e-08 0.000871523
0.139597  293 -4.24895e-08 0.000871523
0.144966  293 -9.57492e-08 0.000871523
0.150336  293 -4.25835e-08 0.000871523
0.15302  293 -5.56632e-08 0.000871522
0.155705  293.001 -4.29511e-08 0.000871521
0.158389  293.002 -5.44897e-08 0.000871519
0.161074  293.003 -4.60775e-08 0.000871515
0.163758  293.005 -4.64532e-08 0.000871509
0.166443  293.008 -6.57269e-08 0.000871499
0.169128  293.013 -8.77265e-10 0.000871483
0.171812  293.022 -1.65647e-07 0.000871458
0.174497  293.034 2.04932e-07 0.000871421
0.177181  293.054 -5.60558e-07 0.000871363
0.179866  293.082 9.01775e-07 0.00087128
0.18255  293.123 -1.66741e-06 0.000871157
0.185235  293.181 2.42032e-06 0.000870985
0.187919  293.263 -3.28761e-06 0.000870739
0.190604  293.377 3.20956e-06 0.000870405
0.193289  293.531 -1.37124e-06 0.000869946
0.195973  293.737 -4.30305e-06 0.000869335
0.198658  294.008 1.50947e-05 0.000868543
0.201342  294.359 -3.21078e-05 0.000867483
0.204027  294.807 5.36152e-05 0.000866208
0.206711  295.37 -7.62776e-05 0.000864494
0.209396  296.066 9.4822e-05 0.000862546
0.212081  296.915 -0.000106442 0.00085998
0.214765  297.936 0.000111709 0.000857141
0.21745  299.146 -0.000115725 0.000853561
0.220134  300.562 0.000122357 0.000849655
0.222819  302.198 -0.00013158 0.000844932
0.225503  304.065 0.000138527 0.000839874
0.228188  306.172 -0.000140981 0.000833962
0.230872  308.524 0.0001415 0.000827739
0.233557  311.123 -0.000144911 0.000820687
0.236242  313.974 0.000149982 0.000813374
0.238926  317.079 -0.000152637 0.00080527
0.241611  320.449 0.000152168 0.000796939
0.244295  324.116 -0.000153412 0.000787786
0.24698  328.151 0.000156734 0.000778237
0.249664  332.719 -0.000158385 0.000767413
0.252349  338.178 0.000157564 0.000755162
0.255034  345.279 -0.000158781 0.000739498
0.257718  355.556 0.000160947 0.000718254
0.260403  372.021 -0.000160881 0.000686339
0.263087  400.178 0.000160665 0.000638165
0.265772  449.002 -0.000162498 0.000568667
0.268456  530.622 0.000162 0.000481284
0.271141  657.747 -0.000162248 0.000388192
0.273826  840.027 0.000167103 0.000304015
0.27651  1082.14 -2.3285e-05 0.000235969
0.279195  1381.37 0.00234138 0.000185106
0.281879  1717.57 0.0152877 0.000149989
0.284564  2043.14 0.056258 0.000129152
0.287248  2304.32 0.118306 0.000118888
0.289933  2479.04 0.174512 0.00011447
0.292617  2580.67 0.212035 0.000112658
0.295302  2634.76 0.233239 0.000111895
0.297987  2662.22 0.244234 0.000111554
0.300671  2675.9 0.249698 0.000111389
0.303356  2682.75 0.252357 0.000111303
0.30604  2686.28 0.253638 0.000111253
0.308725  2688.2 0.254251 0.000111219
0.311409  2689.37 0.254545 0.000111193
0.314094  2690.17 0.254685 0.00011117
0.316779  2690.79 0.254752 0.000111149
0.319463  2691.34 0.254784 0.000111129
0.322148  2691.85 0.254799 0.000111109
0.324832  2692.34 0.254806 0.000111089
0.327517  2692.83 0.25481 0.000111069
0.330201  2693.32 0.254812 0.000111049
0.332886  2693.81 0.254812 0.000111029
0.33557  2694.3 0.254813 0.000111009
0.338255  2694.79 0.254813 0.000110989
0.34094  2695.28 0.254813 0.000110968
0.343624  2695.78 0.254813 0.000110948
0.346309  2696.28 0.254813 0.000110927
0.348993  2696.79 0.254813 0.000110907
0.351678  2697.3 0.254813 0.000110886
0.354362  2697.81 0.254813 0.000110865
0.357047  2698.32 0.254813 0.000110844
0.359732  2698.84 0.254813 0.000110822
0.362416  2699.36 0.254813 0.000110801
0.365101  2699.89 0.254813 0.000110779
0.367785  2700.41 0.254813 0.000110758
0.37047  2700.94 0.254813 0.000110736
0.373154  2701.48 0.254813 0.000110714
0.375839  2702.02 0.254813 0.000110692
0.378523  2702.56 0.254813 0.00011067
0.381208  2703.1 0.254813 0.000110648
0.383893  2703.65 0.254813 0.000110625
0.386577  2704.2 0.254813 0.000110603
0.389262  2704.75 0.254813 0.00011058
0.391946  2705.31 0.254813 0.000110557
0.394631  2705.87 0.254813 0.000110534
0.397315  2706.43 0.254813 0.000110511
0.4  2707 0.254813 0.000110488
0.402685  2707.57 0.254813 0.000110465
0.405369  2708.15 0.254813 0.000110441
0.408054  2708.73 0.254813 0.000110418
0.410738  2709.31 0.254813 0.000110394
0.413423  2709.89 0.254813 0.00011037
0.418792  2711.07 0.254813 0.000110322
0.424161  2712.27 0.254813 0.000110274
0.42953  2713.47 0.254813 0.000110225
0.434899  2714.7 0.254813 0.000110175
0.440268  2715.93 0.254813 0.000110125
0.445638  2717.19 0.254813 0.000110074
0.451007  2718.45 0.254813 0.000110023
0.456376  2719.73 0.254813 0.000109971
0.461745  2721.03 0.254813 0.000109919
0.467114  2722.34 0.254813 0.000109866
0.472483  2723.66 0.254813 0.000109812
0.477852  2725 0.254813 0.000109758
0.483221  2726.35 0.254813 0.000109704
0.488591  2727.72 0.254813 0.000109649
0.49396  2729.11 0.254813 0.000109593
0.499329  2730.51 0.254813 0.000109537
0.504698  2731.92 0.254813 0.00010948
0.510067  2733.35 0.254813 0.000109423
0.515436  2734.8 0.254813 0.000109365
0.520805  2736.26 0.254813 0.000109307
0.526174  2737.74 0.254813 0.000109248
0.531544  2739.24 0.254813 0.000109188
0.536913  2740.75 0.254813 0.000109128
0.542282  2742.27 0.254813 0.000109067
0.547651  2743.81 0.254813 0.000109006
0.55302  2745.37 0.254813 0.000108944
0.558389  2746.95 0.254813 0.000108881
0.563758  2748.54 0.254813 0.000108818
0.569128  2750.15 0.254813 0.000108755
0.574497  2751.77 0.254813 0.000108691
0.579866  2753.41 0.254813 0.000108626
0.585235  2755.07 0.254813 0.00010856
0.590604  2756.75 0.254813 0.000108494
0.595973  2758.44 0.254813 0.000108428
0.601342  2760.15 0.254813 0.00010836
0.606711  2761.88 0.254813 0.000108293
0.612081  2763.63 0.254813 0.000108224
0.61745  2765.39 0.254813 0.000108155
0.622819  2767.17 0.254813 0.000108086
0.628188  2768.97 0.254813 0.000108015
0.633557  2770.79 0.254813 0.000107944
0.638926  2772.63 0.254813 0.000107873
0.644295  2774.48 0.254813 0.000107801
0.649664  2776.35 0.254813 0.000107728
0.655034  2778.25 0.254813 0.000107655
0.660403  2780.16 0.254813 0.000107581
0.665772  2782.08 0.254813 0.000107506
0.671141  2784.03 0.254813 0.000107431
0.67651  2786 0.254813 0.000107355
0.681879  2787.98 0.254813 0.000107279
0.687248  2789.99 0.254813 0.000107202
0.692617  2792.01 0.254813 0.000107124
0.697987  2794.06 0.254813 0.000107046
0.703356  2796.12 0.254813 0.000106967
0.708725  2798.2 0.254813 0.000106887
0.714094  2800.31 0.254813 0.000106807
0.719463  2802.43 0.254813 0.000106726
0.724832  2804.57 0.254813 0.000106644
0.730201  2806.73 0.254813 0.000106562
0.73557  2808.92 0.254813 0.000106479
0.74094  2811.12 0.254813 0.000106396
0.746309  2813.34 0.254813 0.000106312
0.751678  2815.57 0.254813 0.000106228
0.757047  2817.83 0.254813 0.000106143
0.762416  2820.08 0.254813 0.000106058
0.767785  2822.34 0.254813 0.000105973
0.773154  2824.57 0.254813 0.000105889
0.778523  2826.73 0.254813 0.000105808
0.783893  2828.75 0.254813 0.000105733
0.789262  2830.46 0.254813 0.000105669
0.794631  2831.6 0.254813 0.000105626
0.8  2831.6 0.254813 0.000105626
