TITLE="Graphics"
VARIABLES= "x", "T", "Y fr", "rho"
-0.0219919  293 0 0.000871523
-0.013745  293 -2.38296e-09 0.000871523
-0.0085906  293 -1.45211e-09 0.000871523
-0.00536913  293 -1.81572e-09 0.000871523
0  293 -8.05685e-10 0.000871523
0.00536913  293 -1.81571e-09 0.000871523
0.0107383  293 -8.0568e-10 0.000871523
0.0161074  293 -1.81571e-09 0.000871523
0.0214765  293 -8.05674e-10 0.000871523
0.0268456  293 -1.8157e-09 0.000871523
0.0322148  293 -8.05669e-10 0.000871523
0.0375839  293 -1.8157e-09 0.000871523
0.042953  293 -8.05664e-10 0.000871523
0.0483221  293 -1.81569e-09 0.000871523
0.0536913  293 -8.05665e-10 0.000871523
0.0590604  293 -1.81567e-09 0.000871523
0.0644295  293 -8.05726e-10 0.000871523
0.0697987  293 -1.81544e-09 0.000871523
0.0751678  293 -8.0648e-10 0.000871523
0.0805369  293 -1.81278e-09 0.000871523
0.085906  293 -8.16144e-10 0.000871523
0.0912752  293 -1.77683e-09 0.000871523
0.0966443  293 -9.50893e-10 0.000871523
0.102013  293 -1.2763e-09 0.000871523
0.107383  293 -2.76518e-09 0.000871523
0.112752  293 5.06661e-09 0.000871523
0.118121  293 -2.39632e-08 0.000871523
0.12349  293 7.22806e-08 0.000871523
0.128859  293 -2.24676e-07 0.000871523
0.134228  293 6.31977e-07 0.000871523
0.139597  293 -1.66619e-06 0.000871522
0.144966  293 4.00803e-06 0.000871524
0.150336  293.001 -8.68456e-06 0.000871517
0.15302  293.001 -8.56319e-07 0.00087152
0.155705  293.001 -6.78607e-06 0.000871516
0.158389  293.002 3.25796e-06 0.00087152
0.161074  293.002 -6.33755e-06 0.000871513
0.163758  293.003 5.01202e-06 0.000871516
0.166443  293.005 -5.62803e-06 0.000871507
0.169128  293.006 4.66465e-06 0.000871507
0.171812  293.008 -4.25178e-06 0.000871496
0.174497  293.011 3.5545e-06 0.000871491
0.177181  293.015 -3.22498e-06 0.000871477
0.179866  293.02 2.97643e-06 0.000871465
0.18255  293.026 -2.78758e-06 0.000871444
0.185235  293.034 2.42662e-06 0.000871423
0.187919  293.044 -1.88264e-06 0.00087139
0.190604  293.057 1.26027e-06 0.000871353
0.193289  293.074 -7.58603e-07 0.000871304
0.195973  293.094 4.41314e-07 0.000871243
0.198658  293.12 -2.04444e-07 0.000871166
0.201342  293.152 -1.33631e-07 0.000871071
0.204027  293.192 5.97946e-07 0.000870952
0.206711  293.242 -1.04484e-06 0.000870803
0.209396  293.305 1.3204e-06 0.000870619
0.212081  293.382 -1.48345e-06 0.000870387
0.214765  293.48 1.7046e-06 0.000870099
0.21745  293.604 -2.03917e-06 0.00086973
0.220134  293.763 2.32595e-06 0.000869262
0.222819  293.97 -2.45878e-06 0.000868646
0.225503  294.246 2.54288e-06 0.000867833
0.228188  294.623 -2.73573e-06 0.000866722
0.230872  295.149 2.95668e-06 0.000865179
0.233557  295.905 -3.05364e-06 0.000862967
0.236242  297.015 3.07748e-06 0.000859744
0.238926  298.682 -3.19843e-06 0.000854942
0.241611  301.226 3.34573e-06 0.000847724
0.244295  305.155 -3.3767e-06 0.000836807
0.24698  311.259 3.38573e-06 0.0008204
0.249664  320.741 -3.49657e-06 0.000796144
0.252349  335.367 3.54513e-06 0.000761426
0.255034  357.591 -3.52465e-06 0.000714101
0.257718  390.565 3.59861e-06 0.000653814
0.260403  437.931 -3.62176e-06 0.000583095
0.263087  503.363 3.60179e-06 0.000507301
0.265772  590.019 -3.63573e-06 0.000432793
0.268456  700.167 4.56077e-06 0.000364708
0.271141  835.103 1.35744e-05 0.000305781
0.273826  995.117 0.000207975 0.00025664
0.27651  1178.89 0.0015212 0.000216796
0.279195  1381.37 0.00747554 0.000185654
0.281879  1590.41 0.0253237 0.000162927
0.284564  1786.22 0.0619231 0.000148226
0.287248  1947.88 0.113311 0.000140212
0.289933  2064.23 0.16386 0.000136545
0.292617  2138.27 0.201831 0.000135066
0.295302  2181.26 0.225801 0.000134496
0.297987  2204.8 0.239476 0.000134271
0.300671  2217.26 0.246858 0.000134175
0.303356  2223.75 0.250728 0.00013413
0.30604  2227.11 0.252726 0.000134108
0.308725  2228.86 0.25375 0.000134095
0.311409  2229.77 0.254272 0.000134087
0.314094  2230.27 0.254538 0.000134081
0.316779  2230.55 0.254673 0.000134076
0.319463  2230.72 0.254742 0.000134072
0.322148  2230.84 0.254777 0.000134068
0.324832  2230.93 0.254795 0.000134065
0.327517  2231 0.254804 0.000134061
0.330201  2231.07 0.254808 0.000134057
0.332886  2231.14 0.254811 0.000134053
0.33557  2231.2 0.254812 0.000134049
0.338255  2231.27 0.254812 0.000134045
0.34094  2231.34 0.254813 0.000134042
0.343624  2231.4 0.254813 0.000134038
0.346309  2231.47 0.254813 0.000134033
0.348993  2231.54 0.254813 0.000134029
0.351678  2231.61 0.254813 0.000134025
0.354362  2231.68 0.254813 0.000134021
0.357047  2231.75 0.254813 0.000134017
0.359732  2231.82 0.254813 0.000134012
0.362416  2231.9 0.254813 0.000134008
0.365101  2231.97 0.254813 0.000134003
0.367785  2232.05 0.254813 0.000133999
0.37047  2232.12 0.254813 0.000133994
0.373154  2232.2 0.254813 0.00013399
0.375839  2232.28 0.254813 0.000133985
0.378523  2232.36 0.254813 0.00013398
0.381208  2232.44 0.254813 0.000133975
0.383893  2232.52 0.254813 0.00013397
0.386577  2232.61 0.254813 0.000133965
0.389262  2232.69 0.254813 0.00013396
0.391946  2232.78 0.254813 0.000133955
0.394631  2232.87 0.254813 0.00013395
0.397315  2232.95 0.254813 0.000133944
0.4  2233.04 0.254813 0.000133939
0.402685  2233.14 0.254813 0.000133934
0.405369  2233.23 0.254813 0.000133928
0.408054  2233.32 0.254813 0.000133922
0.410738  2233.42 0.254813 0.000133917
0.413423  2233.51 0.254813 0.000133911
0.418792  2233.71 0.254813 0.000133899
0.424161  2233.91 0.254813 0.000133887
0.42953  2234.12 0.254813 0.000133875
0.434899  2234.33 0.254813 0.000133862
0.440268  2234.55 0.254813 0.000133849
0.445638  2234.77 0.254813 0.000133835
0.451007  2235 0.254813 0.000133822
0.456376  2235.24 0.254813 0.000133807
0.461745  2235.48 0.254813 0.000133793
0.467114  2235.73 0.254813 0.000133778
0.472483  2235.99 0.254813 0.000133763
0.477852  2236.25 0.254813 0.000133747
0.483221  2236.52 0.254813 0.000133731
0.488591  2236.8 0.254813 0.000133714
0.49396  2237.08 0.254813 0.000133697
0.499329  2237.37 0.254813 0.00013368
0.504698  2237.67 0.254813 0.000133662
0.510067  2237.98 0.254813 0.000133644
0.515436  2238.29 0.254813 0.000133625
0.520805  2238.61 0.254813 0.000133606
0.526174  2238.94 0.254813 0.000133586
0.531544  2239.28 0.254813 0.000133566
0.536913  2239.63 0.254813 0.000133545
0.542282  2239.98 0.254813 0.000133524
0.547651  2240.35 0.254813 0.000133502
0.55302  2240.72 0.254813 0.00013348
0.558389  2241.1 0.254813 0.000133457
0.563758  2241.49 0.254813 0.000133434
0.569128  2241.89 0.254813 0.00013341
0.574497  2242.3 0.254813 0.000133386
0.579866  2242.72 0.254813 0.000133361
0.585235  2243.15 0.254813 0.000133336
0.590604  2243.59 0.254813 0.00013331
0.595973  2244.04 0.254813 0.000133283
0.601342  2244.5 0.254813 0.000133256
0.606711  2244.97 0.254813 0.000133228
0.612081  2245.45 0.254813 0.000133199
0.61745  2245.94 0.254813 0.00013317
0.622819  2246.44 0.254813 0.00013314
0.628188  2246.95 0.254813 0.00013311
0.633557  2247.48 0.254813 0.000133079
0.638926  2248.01 0.254813 0.000133047
0.644295  2248.56 0.254813 0.000133015
0.649664  2249.12 0.254813 0.000132982
0.655034  2249.69 0.254813 0.000132948
0.660403  2250.27 0.254813 0.000132914
0.665772  2250.87 0.254813 0.000132878
0.671141  2251.47 0.254813 0.000132843
0.67651  2252.09 0.254813 0.000132806
0.681879  2252.73 0.254813 0.000132769
0.687248  2253.37 0.254813 0.000132731
0.692617  2254.03 0.254813 0.000132692
0.697987  2254.7 0.254813 0.000132652
0.703356  2255.39 0.254813 0.000132612
0.708725  2256.09 0.254813 0.000132571
0.714094  2256.8 0.254813 0.000132529
0.719463  2257.52 0.254813 0.000132487
0.724832  2258.26 0.254813 0.000132443
0.730201  2259.02 0.254813 0.000132399
0.73557  2259.78 0.254813 0.000132354
0.74094  2260.56 0.254813 0.000132309
0.746309  2261.35 0.254813 0.000132263
0.751678  2262.14 0.254813 0.000132216
0.757047  2262.95 0.254813 0.000132169
0.762416  2263.75 0.254813 0.000132122
0.767785  2264.55 0.254813 0.000132076
0.773154  2265.32 0.254813 0.000132031
0.778523  2266.06 0.254813 0.000131988
0.783893  2266.72 0.254813 0.000131949
0.789262  2267.26 0.254813 0.000131918
0.794631  2267.59 0.254813 0.000131899
0.8  2267.59 0.254813 0.000131899
