TITLE="Graphics"
VARIABLES= "x", "T", "Y fr", "rho"
-0.0219919  293 0 0.000871523
-0.013745  293 -2.38296e-09 0.000871523
-0.0085906  293 -1.45211e-09 0.000871523
-0.00536913  293 -1.81572e-09 0.000871523
0  293 -8.05685e-10 0.000871523
0.00536913  293 -1.81571e-09 0.000871523
0.0107383  293 -8.0568e-10 0.000871523
0.0161074  293 -1.81571e-09 0.000871523
0.0214765  293 -8.05674e-10 0.000871523
0.0268456  293 -1.8157e-09 0.000871523
0.0322148  293 -8.05669e-10 0.000871523
0.0375839  293 -1.8157e-09 0.000871523
0.042953  293 -8.05664e-10 0.000871523
0.0483221  293 -1.81569e-09 0.000871523
0.0536913  293 -8.05662e-10 0.000871523
0.0590604  293 -1.81568e-09 0.000871523
0.0644295  293 -8.05693e-10 0.000871523
0.0697987  293 -1.81555e-09 0.000871523
0.0751678  293 -8.0609e-10 0.000871523
0.0805369  293 -1.81418e-09 0.000871523
0.085906  293 -8.10941e-10 0.000871523
0.0912752  293 -1.79637e-09 0.000871523
0.0966443  293 -8.77804e-10 0.000871523
0.102013  293 -1.5443e-09 0.000871523
0.107383  293 -1.8146e-09 0.000871523
0.112752  293 1.83689e-09 0.000871523
0.118121  293 -1.35346e-08 0.000871523
0.12349  293 4.05155e-08 0.000871523
0.128859  293 -1.34149e-07 0.000871523
0.134228  293 3.93082e-07 0.000871523
0.139597  293 -1.09079e-06 0.000871522
0.144966  293 2.77055e-06 0.000871524
0.150336  293.001 -6.3956e-06 0.000871518
0.15302  293.001 -2.49035e-07 0.00087152
0.155705  293.001 -5.24822e-06 0.000871516
0.158389  293.002 3.26615e-06 0.000871519
0.161074  293.003 -5.60814e-06 0.000871512
0.163758  293.004 5.13291e-06 0.000871514
0.166443  293.005 -5.70092e-06 0.000871504
0.169128  293.007 5.14634e-06 0.000871504
0.171812  293.01 -4.71266e-06 0.000871492
0.174497  293.013 4.00691e-06 0.000871486
0.177181  293.017 -3.5097e-06 0.00087147
0.179866  293.023 3.16612e-06 0.000871456
0.18255  293.03 -2.97946e-06 0.000871432
0.185235  293.04 2.74033e-06 0.000871407
0.187919  293.051 -2.32519e-06 0.000871369
0.190604  293.066 1.73191e-06 0.000871327
0.193289  293.085 -1.13429e-06 0.000871269
0.195973  293.109 6.92658e-07 0.000871199
0.198658  293.139 -4.23438e-07 0.00087111
0.201342  293.176 1.60542e-07 0.000871001
0.204027  293.222 2.32717e-07 0.000870864
0.206711  293.279 -7.19346e-07 0.000870694
0.209396  293.35 1.11063e-06 0.000870485
0.212081  293.438 -1.33096e-06 0.000870223
0.214765  293.547 1.501e-06 0.000869899
0.21745  293.685 -1.78429e-06 0.000869489
0.220134  293.861 2.12487e-06 0.000868972
0.222819  294.087 -2.35324e-06 0.000868301
0.225503  294.385 2.4438e-06 0.000867425
0.228188  294.785 -2.57628e-06 0.000866243
0.230872  295.339 2.80689e-06 0.000864623
0.233557  296.124 -2.98591e-06 0.000862328
0.236242  297.266 3.02758e-06 0.000859018
0.238926  298.965 -3.09508e-06 0.000854132
0.241611  301.542 3.2544e-06 0.000846837
0.244295  305.501 -3.35106e-06 0.00083586
0.24698  311.629 3.34558e-06 0.000819426
0.249664  321.126 -3.42118e-06 0.00079519
0.252349  335.752 3.51975e-06 0.000760551
0.255034  357.958 -3.50679e-06 0.000713368
0.257718  390.892 3.54253e-06 0.000653267
0.260403  438.196 -3.61274e-06 0.000582743
0.263087  503.551 3.57558e-06 0.000507112
0.265772  590.125 -3.60162e-06 0.000432714
0.268456  700.201 4.56234e-06 0.000364691
0.271141  835.084 1.36184e-05 0.000305788
0.273826  995.071 0.000207781 0.000256652
0.27651  1178.85 0.00151947 0.000216803
0.279195  1381.37 0.00746813 0.000185653
0.281879  1590.49 0.0253054 0.000162918
0.284564  1786.38 0.0618939 0.00014821
0.287248  1948.13 0.11328 0.000140191
0.289933  2064.56 0.163835 0.000136521
0.292617  2138.66 0.201815 0.000135039
0.295302  2181.69 0.225792 0.000134469
0.297987  2205.25 0.239472 0.000134243
0.300671  2217.73 0.246856 0.000134146
0.303356  2224.23 0.250727 0.000134101
0.30604  2227.6 0.252726 0.000134078
0.308725  2229.36 0.25375 0.000134065
0.311409  2230.28 0.254272 0.000134056
0.314094  2230.78 0.254538 0.00013405
0.316779  2231.07 0.254673 0.000134045
0.319463  2231.25 0.254742 0.00013404
0.322148  2231.37 0.254777 0.000134036
0.324832  2231.47 0.254795 0.000134032
0.327517  2231.55 0.254804 0.000134028
0.330201  2231.63 0.254808 0.000134023
0.332886  2231.71 0.254811 0.000134019
0.33557  2231.78 0.254812 0.000134015
0.338255  2231.86 0.254812 0.00013401
0.34094  2231.93 0.254813 0.000134006
0.343624  2232.01 0.254813 0.000134001
0.346309  2232.08 0.254813 0.000133997
0.348993  2232.16 0.254813 0.000133992
0.351678  2232.24 0.254813 0.000133987
0.354362  2232.32 0.254813 0.000133983
0.357047  2232.4 0.254813 0.000133978
0.359732  2232.48 0.254813 0.000133973
0.362416  2232.56 0.254813 0.000133968
0.365101  2232.65 0.254813 0.000133963
0.367785  2232.73 0.254813 0.000133958
0.37047  2232.82 0.254813 0.000133952
0.373154  2232.91 0.254813 0.000133947
0.375839  2233 0.254813 0.000133942
0.378523  2233.09 0.254813 0.000133936
0.381208  2233.18 0.254813 0.000133931
0.383893  2233.27 0.254813 0.000133925
0.386577  2233.37 0.254813 0.00013392
0.389262  2233.46 0.254813 0.000133914
0.391946  2233.56 0.254813 0.000133908
0.394631  2233.66 0.254813 0.000133902
0.397315  2233.76 0.254813 0.000133896
0.4  2233.86 0.254813 0.00013389
0.402685  2233.96 0.254813 0.000133884
0.405369  2234.06 0.254813 0.000133878
0.408054  2234.17 0.254813 0.000133872
0.410738  2234.28 0.254813 0.000133865
0.413423  2234.38 0.254813 0.000133859
0.418792  2234.6 0.254813 0.000133845
0.424161  2234.83 0.254813 0.000133832
0.42953  2235.06 0.254813 0.000133818
0.434899  2235.3 0.254813 0.000133804
0.440268  2235.55 0.254813 0.000133789
0.445638  2235.8 0.254813 0.000133774
0.451007  2236.06 0.254813 0.000133758
0.456376  2236.32 0.254813 0.000133743
0.461745  2236.59 0.254813 0.000133726
0.467114  2236.87 0.254813 0.00013371
0.472483  2237.16 0.254813 0.000133693
0.477852  2237.45 0.254813 0.000133675
0.483221  2237.76 0.254813 0.000133657
0.488591  2238.06 0.254813 0.000133639
0.49396  2238.38 0.254813 0.00013362
0.499329  2238.71 0.254813 0.0001336
0.504698  2239.04 0.254813 0.00013358
0.510067  2239.38 0.254813 0.00013356
0.515436  2239.73 0.254813 0.000133539
0.520805  2240.09 0.254813 0.000133518
0.526174  2240.46 0.254813 0.000133496
0.531544  2240.83 0.254813 0.000133474
0.536913  2241.22 0.254813 0.000133451
0.542282  2241.61 0.254813 0.000133427
0.547651  2242.01 0.254813 0.000133403
0.55302  2242.43 0.254813 0.000133378
0.558389  2242.85 0.254813 0.000133353
0.563758  2243.28 0.254813 0.000133328
0.569128  2243.73 0.254813 0.000133301
0.574497  2244.18 0.254813 0.000133274
0.579866  2244.64 0.254813 0.000133247
0.585235  2245.12 0.254813 0.000133219
0.590604  2245.6 0.254813 0.00013319
0.595973  2246.1 0.254813 0.000133161
0.601342  2246.61 0.254813 0.00013313
0.606711  2247.12 0.254813 0.0001331
0.612081  2247.65 0.254813 0.000133068
0.61745  2248.19 0.254813 0.000133036
0.622819  2248.75 0.254813 0.000133004
0.628188  2249.31 0.254813 0.00013297
0.633557  2249.89 0.254813 0.000132936
0.638926  2250.48 0.254813 0.000132901
0.644295  2251.08 0.254813 0.000132866
0.649664  2251.69 0.254813 0.00013283
0.655034  2252.32 0.254813 0.000132793
0.660403  2252.96 0.254813 0.000132755
0.665772  2253.61 0.254813 0.000132717
0.671141  2254.27 0.254813 0.000132678
0.67651  2254.95 0.254813 0.000132638
0.681879  2255.65 0.254813 0.000132597
0.687248  2256.35 0.254813 0.000132555
0.692617  2257.07 0.254813 0.000132513
0.697987  2257.81 0.254813 0.00013247
0.703356  2258.55 0.254813 0.000132426
0.708725  2259.32 0.254813 0.000132382
0.714094  2260.09 0.254813 0.000132336
0.719463  2260.88 0.254813 0.00013229
0.724832  2261.69 0.254813 0.000132243
0.730201  2262.5 0.254813 0.000132195
0.73557  2263.34 0.254813 0.000132146
0.74094  2264.18 0.254813 0.000132097
0.746309  2265.04 0.254813 0.000132047
0.751678  2265.9 0.254813 0.000131997
0.757047  2266.77 0.254813 0.000131946
0.762416  2267.65 0.254813 0.000131895
0.767785  2268.51 0.254813 0.000131845
0.773154  2269.35 0.254813 0.000131796
0.778523  2270.15 0.254813 0.00013175
0.783893  2270.86 0.254813 0.000131708
0.789262  2271.45 0.254813 0.000131675
0.794631  2271.81 0.254813 0.000131654
0.8  2271.81 0.254813 0.000131654
