TITLE="Graphics"
VARIABLES= "x", "T", "Y fr", "rho"
-0.0219919  293 0 0.000871523
-0.013745  293 -1.25674e-07 0.000871523
-0.0085906  293 -7.65827e-08 0.000871523
-0.00536913  293 -9.5759e-08 0.000871523
0  293 -4.24914e-08 0.000871523
0.00536913  293 -9.5759e-08 0.000871523
0.0107383  293 -4.24914e-08 0.000871523
0.0161074  293 -9.57589e-08 0.000871523
0.0214765  293 -4.24917e-08 0.000871523
0.0268456  293 -9.57578e-08 0.000871523
0.0322148  293 -4.2496e-08 0.000871523
0.0375839  293 -9.5742e-08 0.000871523
0.042953  293 -4.25513e-08 0.000871523
0.0483221  293 -9.55556e-08 0.000871523
0.0536913  293 -4.31536e-08 0.000871523
0.0590604  293 -9.36946e-08 0.000871523
0.0644295  293 -4.86255e-08 0.000871523
0.0697987  293 -7.84798e-08 0.000871523
0.0751678  293 -8.8269e-08 0.000871523
0.0805369  293 1.69556e-08 0.000871523
0.085906  293 -2.95427e-07 0.000871523
0.0912752  293 4.02663e-07 0.000871523
0.0966443  293 -8.29932e-07 0.000871523
0.102013  293 5.72722e-07 0.000871523
0.107383  293 1.39818e-06 0.000871524
0.112752  293 -9.80807e-06 0.000871518
0.118121  293 3.29423e-05 0.00087154
0.12349  293 -8.60816e-05 0.00087148
0.128859  293 0.000185563 0.000871616
0.134228  293 -0.000336481 0.000871355
0.139597  293 0.00050499 0.000871776
0.144966  293 -0.000608224 0.000871219
0.150336  293 0.000566145 0.000871806
0.15302  293 0.000329856 0.000871688
0.155705  293 0.000622868 0.000871835
0.158389  293 0.000313303 0.00087168
0.161074  293 0.000569931 0.000871808
0.163758  293 0.000190338 0.000871618
0.166443  293 0.000426018 0.000871736
0.169128  293 4.23637e-05 0.000871544
0.171812  293 0.000286154 0.000871666
0.174497  293 -7.57447e-05 0.000871485
0.177181  293 0.000207224 0.000871627
0.179866  293 -0.000140869 0.000871453
0.18255  293 0.000170145 0.000871608
0.185235  293 -0.000158899 0.000871444
0.187919  293 0.000157974 0.000871602
0.190604  293 -0.000165954 0.00087144
0.193289  293 0.000162326 0.000871604
0.195973  293 -0.000167074 0.000871439
0.198658  293 0.000161159 0.000871603
0.201342  293.001 -0.000163321 0.00087144
0.204027  293.001 0.000163483 0.000871602
0.206711  293.001 -0.000166481 0.000871436
0.209396  293.002 0.000165126 0.000871601
0.212081  293.002 -0.000163685 0.000871434
0.214765  293.003 0.000163383 0.000871595
0.21745  293.004 -0.000165518 0.000871427
0.220134  293.006 0.000166159 0.000871588
0.222819  293.009 -0.000164773 0.000871415
0.225503  293.012 0.000163566 0.000871568
0.228188  293.018 -0.000164941 0.000871387
0.230872  293.027 0.000166149 0.000871525
0.233557  293.043 -0.00016527 0.000871313
0.236242  293.071 0.000163832 0.000871395
0.238926  293.123 -0.000164803 0.000871076
0.241611  293.224 0.000165976 0.000870939
0.244295  293.428 -0.000165253 0.00087017
0.24698  293.843 0.000164043 0.000869105
0.249664  294.698 -0.000165045 0.000866419
0.252349  296.47 0.000165734 0.000861404
0.255034  300.141 -0.000164831 0.000850708
0.257718  307.685 0.000164451 0.000830005
0.260403  322.913 -0.000165553 0.000790714
0.263087  352.551 0.000164947 0.000724379
0.265772  406.85 -0.000164706 0.000627584
0.268456  498.131 0.000165403 0.000512677
0.271141  637.227 -0.000164664 0.000400693
0.273826  830.57 0.0001677 0.000307477
0.27651  1080.05 -3.79218e-05 0.000236424
0.279195  1381.37 0.00242031 0.000185114
0.281879  1713.89 0.0161246 0.000150384
0.284564  2031.09 0.0586084 0.000130099
0.287248  2282.08 0.121458 0.00012028
0.289933  2447.73 0.177257 0.000116137
0.292617  2542.81 0.213909 0.000114475
0.295302  2592.71 0.23436 0.000113794
0.297987  2617.62 0.244859 0.000113502
0.300671  2629.74 0.250033 0.00011337
0.303356  2635.55 0.252532 0.00011331
0.30604  2638.33 0.253728 0.000113281
0.308725  2639.66 0.254298 0.000113268
0.311409  2640.29 0.254568 0.000113261
0.314094  2640.59 0.254697 0.000113258
0.316779  2640.74 0.254758 0.000113256
0.319463  2640.81 0.254787 0.000113256
0.322148  2640.85 0.254801 0.000113255
0.324832  2640.87 0.254807 0.000113255
0.327517  2640.88 0.25481 0.000113254
0.330201  2640.89 0.254812 0.000113254
0.332886  2640.89 0.254812 0.000113254
0.33557  2640.9 0.254813 0.000113254
0.338255  2640.9 0.254813 0.000113254
0.34094  2640.91 0.254813 0.000113253
0.343624  2640.91 0.254813 0.000113253
0.346309  2640.92 0.254813 0.000113253
0.348993  2640.92 0.254813 0.000113253
0.351678  2640.93 0.254813 0.000113252
0.354362  2640.94 0.254813 0.000113252
0.357047  2640.94 0.254813 0.000113252
0.359732  2640.95 0.254813 0.000113252
0.362416  2640.95 0.254813 0.000113251
0.365101  2640.96 0.254813 0.000113251
0.367785  2640.97 0.254813 0.000113251
0.37047  2640.97 0.254813 0.000113251
0.373154  2640.98 0.254813 0.00011325
0.375839  2640.98 0.254813 0.00011325
0.378523  2640.99 0.254813 0.00011325
0.381208  2641 0.254813 0.000113249
0.383893  2641 0.254813 0.000113249
0.386577  2641.01 0.254813 0.000113249
0.389262  2641.02 0.254813 0.000113249
0.391946  2641.03 0.254813 0.000113248
0.394631  2641.03 0.254813 0.000113248
0.397315  2641.04 0.254813 0.000113248
0.4  2641.05 0.254813 0.000113247
0.402685  2641.06 0.254813 0.000113247
0.405369  2641.06 0.254813 0.000113247
0.408054  2641.07 0.254813 0.000113246
0.410738  2641.08 0.254813 0.000113246
0.413423  2641.09 0.254813 0.000113246
0.418792  2641.1 0.254813 0.000113245
0.424161  2641.12 0.254813 0.000113244
0.42953  2641.14 0.254813 0.000113243
0.434899  2641.16 0.254813 0.000113243
0.440268  2641.18 0.254813 0.000113242
0.445638  2641.2 0.254813 0.000113241
0.451007  2641.22 0.254813 0.00011324
0.456376  2641.24 0.254813 0.000113239
0.461745  2641.26 0.254813 0.000113238
0.467114  2641.29 0.254813 0.000113237
0.472483  2641.31 0.254813 0.000113236
0.477852  2641.33 0.254813 0.000113235
0.483221  2641.36 0.254813 0.000113234
0.488591  2641.39 0.254813 0.000113233
0.49396  2641.41 0.254813 0.000113232
0.499329  2641.44 0.254813 0.00011323
0.504698  2641.47 0.254813 0.000113229
0.510067  2641.5 0.254813 0.000113228
0.515436  2641.53 0.254813 0.000113227
0.520805  2641.56 0.254813 0.000113225
0.526174  2641.6 0.254813 0.000113224
0.531544  2641.63 0.254813 0.000113222
0.536913  2641.66 0.254813 0.000113221
0.542282  2641.7 0.254813 0.000113219
0.547651  2641.74 0.254813 0.000113218
0.55302  2641.77 0.254813 0.000113216
0.558389  2641.81 0.254813 0.000113215
0.563758  2641.85 0.254813 0.000113213
0.569128  2641.9 0.254813 0.000113211
0.574497  2641.94 0.254813 0.000113209
0.579866  2641.98 0.254813 0.000113207
0.585235  2642.03 0.254813 0.000113205
0.590604  2642.07 0.254813 0.000113203
0.595973  2642.12 0.254813 0.000113201
0.601342  2642.17 0.254813 0.000113199
0.606711  2642.22 0.254813 0.000113197
0.612081  2642.28 0.254813 0.000113195
0.61745  2642.33 0.254813 0.000113192
0.622819  2642.39 0.254813 0.00011319
0.628188  2642.44 0.254813 0.000113188
0.633557  2642.5 0.254813 0.000113185
0.638926  2642.56 0.254813 0.000113182
0.644295  2642.63 0.254813 0.00011318
0.649664  2642.69 0.254813 0.000113177
0.655034  2642.76 0.254813 0.000113174
0.660403  2642.82 0.254813 0.000113171
0.665772  2642.9 0.254813 0.000113168
0.671141  2642.97 0.254813 0.000113165
0.67651  2643.04 0.254813 0.000113162
0.681879  2643.12 0.254813 0.000113159
0.687248  2643.2 0.254813 0.000113155
0.692617  2643.28 0.254813 0.000113152
0.697987  2643.36 0.254813 0.000113148
0.703356  2643.45 0.254813 0.000113145
0.708725  2643.53 0.254813 0.000113141
0.714094  2643.62 0.254813 0.000113137
0.719463  2643.72 0.254813 0.000113133
0.724832  2643.81 0.254813 0.000113129
0.730201  2643.91 0.254813 0.000113125
0.73557  2644.01 0.254813 0.000113121
0.74094  2644.11 0.254813 0.000113116
0.746309  2644.22 0.254813 0.000113112
0.751678  2644.32 0.254813 0.000113107
0.757047  2644.43 0.254813 0.000113102
0.762416  2644.55 0.254813 0.000113098
0.767785  2644.66 0.254813 0.000113093
0.773154  2644.77 0.254813 0.000113088
0.778523  2644.89 0.254813 0.000113083
0.783893  2644.99 0.254813 0.000113079
0.789262  2645.08 0.254813 0.000113075
0.794631  2645.14 0.254813 0.000113072
0.8  2645.14 0.254813 0.000113072
