TITLE="Graphics"
VARIABLES= "x", "T", "Y fr", "rho"
-0.0219919  293 0 0.000871523
-0.013745  293 -2.38296e-09 0.000871523
-0.0085906  293 -1.45211e-09 0.000871523
-0.00536913  293 -1.81572e-09 0.000871523
0  293 -8.05686e-10 0.000871523
0.00536913  293 -1.81571e-09 0.000871523
0.0107383  293 -8.05681e-10 0.000871523
0.0161074  293 -1.81571e-09 0.000871523
0.0214765  293 -8.05676e-10 0.000871523
0.0268456  293 -1.8157e-09 0.000871523
0.0322148  293 -8.05671e-10 0.000871523
0.0375839  293 -1.8157e-09 0.000871523
0.042953  293 -8.05667e-10 0.000871523
0.0483221  293 -1.8157e-09 0.000871523
0.0536913  293 -8.05664e-10 0.000871523
0.0590604  293 -1.81569e-09 0.000871523
0.0644295  293 -8.05661e-10 0.000871523
0.0697987  293 -1.81569e-09 0.000871523
0.0751678  293 -8.05659e-10 0.000871523
0.0805369  293 -1.81569e-09 0.000871523
0.085906  293 -8.05664e-10 0.000871523
0.0912752  293 -1.81566e-09 0.000871523
0.0966443  293 -8.05746e-10 0.000871523
0.102013  293 -1.81538e-09 0.000871523
0.107383  293 -8.06617e-10 0.000871523
0.112752  293 -1.81274e-09 0.000871523
0.118121  293 -8.1465e-10 0.000871523
0.12349  293 -1.78681e-09 0.000871523
0.128859  293 -9.07913e-10 0.000871523
0.134228  293 -1.41486e-09 0.000871522
0.139597  293.001 -2.46708e-09 0.000871522
0.144966  293.001 5.08564e-09 0.000871519
0.150336  293.003 -2.85067e-08 0.000871515
0.15302  293.004 1.68114e-08 0.000871511
0.155705  293.006 -5.51585e-08 0.000871505
0.158389  293.009 1.00143e-07 0.000871497
0.161074  293.013 -1.96391e-07 0.000871486
0.163758  293.018 3.53855e-07 0.000871471
0.166443  293.025 -6.16649e-07 0.00087145
0.169128  293.034 1.01261e-06 0.000871423
0.171812  293.046 -1.57971e-06 0.000871385
0.174497  293.063 2.31592e-06 0.000871338
0.177181  293.084 -3.19004e-06 0.000871272
0.179866  293.112 4.0963e-06 0.000871193
0.18255  293.147 -4.88999e-06 0.000871083
0.185235  293.193 5.39493e-06 0.000870952
0.187919  293.251 -5.50137e-06 0.000870774
0.190604  293.324 5.20659e-06 0.000870563
0.193289  293.415 -4.66936e-06 0.000870287
0.195973  293.528 4.11747e-06 0.000869956
0.198658  293.668 -3.74039e-06 0.00086954
0.201342  293.838 3.53488e-06 0.00086904
0.204027  294.044 -3.33698e-06 0.000868426
0.206711  294.293 2.95248e-06 0.000867695
0.209396  294.592 -2.37821e-06 0.000866813
0.212081  294.947 1.79319e-06 0.00086577
0.214765  295.369 -1.38441e-06 0.000864533
0.21745  295.867 1.10473e-06 0.000863079
0.220134  296.454 -7.60227e-07 0.000861368
0.222819  297.147 2.63988e-07 0.00085936
0.225503  297.967 2.13159e-07 0.000856994
0.228188  298.947 -5.19842e-07 0.000854187
0.230872  300.131 7.47296e-07 0.000850816
0.233557  301.593 -1.08719e-06 0.000846691
0.236242  303.445 1.47163e-06 0.000841524
0.238926  305.869 -1.71681e-06 0.000834854
0.241611  309.153 1.86765e-06 0.000825989
0.244295  313.756 -2.11808e-06 0.000813868
0.24698  320.403 2.3787e-06 0.000796985
0.249664  330.208 -2.49574e-06 0.000773319
0.252349  344.827 2.61162e-06 0.000740535
0.255034  366.605 -2.81239e-06 0.000696542
0.257718  398.618 2.8855e-06 0.000640605
0.260403  444.518 -2.94952e-06 0.000574455
0.263087  508.116 3.08294e-06 0.000502556
0.265772  592.821 -3.03738e-06 0.000430747
0.268456  701.198 4.16575e-06 0.000364172
0.271141  834.809 1.41846e-05 0.000305888
0.273826  994.137 0.000203371 0.000256892
0.27651  1177.99 0.00148165 0.000216957
0.279195  1381.37 0.00730353 0.000185635
0.281879  1592.09 0.0248929 0.000162715
0.284564  1790.07 0.0612247 0.000147846
0.287248  1953.96 0.112544 0.00013971
0.289933  2072.19 0.163242 0.000135967
0.292617  2147.59 0.201428 0.000134444
0.295302  2191.46 0.22557 0.00013385
0.297987  2215.56 0.239354 0.000133608
0.300671  2228.39 0.246797 0.000133499
0.303356  2235.14 0.250699 0.000133444
0.30604  2238.72 0.252712 0.000133411
0.308725  2240.64 0.253744 0.000133389
0.311409  2241.73 0.254269 0.000133371
0.314094  2242.39 0.254537 0.000133356
0.316779  2242.84 0.254673 0.000133341
0.319463  2243.18 0.254742 0.000133328
0.322148  2243.46 0.254777 0.000133314
0.324832  2243.72 0.254795 0.0001333
0.327517  2243.97 0.254804 0.000133286
0.330201  2244.21 0.254808 0.000133272
0.332886  2244.45 0.254811 0.000133258
0.33557  2244.69 0.254812 0.000133244
0.338255  2244.93 0.254812 0.00013323
0.34094  2245.18 0.254813 0.000133215
0.343624  2245.43 0.254813 0.0001332
0.346309  2245.68 0.254813 0.000133185
0.348993  2245.93 0.254813 0.00013317
0.351678  2246.19 0.254813 0.000133155
0.354362  2246.45 0.254813 0.00013314
0.357047  2246.71 0.254813 0.000133124
0.359732  2246.98 0.254813 0.000133108
0.362416  2247.25 0.254813 0.000133092
0.365101  2247.52 0.254813 0.000133076
0.367785  2247.8 0.254813 0.00013306
0.37047  2248.08 0.254813 0.000133043
0.373154  2248.36 0.254813 0.000133027
0.375839  2248.64 0.254813 0.00013301
0.378523  2248.93 0.254813 0.000132993
0.381208  2249.22 0.254813 0.000132976
0.383893  2249.51 0.254813 0.000132958
0.386577  2249.81 0.254813 0.000132941
0.389262  2250.11 0.254813 0.000132923
0.391946  2250.42 0.254813 0.000132905
0.394631  2250.72 0.254813 0.000132887
0.397315  2251.03 0.254813 0.000132869
0.4  2251.35 0.254813 0.00013285
0.402685  2251.67 0.254813 0.000132831
0.405369  2251.99 0.254813 0.000132812
0.408054  2252.31 0.254813 0.000132793
0.410738  2252.64 0.254813 0.000132774
0.413423  2252.97 0.254813 0.000132754
0.418792  2253.64 0.254813 0.000132715
0.424161  2254.33 0.254813 0.000132674
0.42953  2255.03 0.254813 0.000132633
0.434899  2255.75 0.254813 0.000132591
0.440268  2256.48 0.254813 0.000132548
0.445638  2257.23 0.254813 0.000132504
0.451007  2257.99 0.254813 0.000132459
0.456376  2258.76 0.254813 0.000132414
0.461745  2259.56 0.254813 0.000132367
0.467114  2260.37 0.254813 0.00013232
0.472483  2261.19 0.254813 0.000132272
0.477852  2262.03 0.254813 0.000132223
0.483221  2262.89 0.254813 0.000132173
0.488591  2263.76 0.254813 0.000132122
0.49396  2264.65 0.254813 0.00013207
0.499329  2265.56 0.254813 0.000132017
0.504698  2266.48 0.254813 0.000131963
0.510067  2267.42 0.254813 0.000131908
0.515436  2268.38 0.254813 0.000131852
0.520805  2269.36 0.254813 0.000131796
0.526174  2270.35 0.254813 0.000131738
0.531544  2271.36 0.254813 0.000131679
0.536913  2272.39 0.254813 0.00013162
0.542282  2273.44 0.254813 0.000131559
0.547651  2274.51 0.254813 0.000131497
0.55302  2275.59 0.254813 0.000131435
0.558389  2276.7 0.254813 0.000131371
0.563758  2277.82 0.254813 0.000131306
0.569128  2278.96 0.254813 0.00013124
0.574497  2280.13 0.254813 0.000131173
0.579866  2281.31 0.254813 0.000131105
0.585235  2282.51 0.254813 0.000131036
0.590604  2283.73 0.254813 0.000130966
0.595973  2284.97 0.254813 0.000130895
0.601342  2286.23 0.254813 0.000130823
0.606711  2287.51 0.254813 0.00013075
0.612081  2288.81 0.254813 0.000130675
0.61745  2290.13 0.254813 0.0001306
0.622819  2291.48 0.254813 0.000130523
0.628188  2292.84 0.254813 0.000130446
0.633557  2294.23 0.254813 0.000130367
0.638926  2295.63 0.254813 0.000130287
0.644295  2297.06 0.254813 0.000130206
0.649664  2298.51 0.254813 0.000130124
0.655034  2299.97 0.254813 0.000130041
0.660403  2301.47 0.254813 0.000129957
0.665772  2302.98 0.254813 0.000129872
0.671141  2304.51 0.254813 0.000129785
0.67651  2306.07 0.254813 0.000129698
0.681879  2307.65 0.254813 0.000129609
0.687248  2309.25 0.254813 0.000129519
0.692617  2310.87 0.254813 0.000129428
0.697987  2312.52 0.254813 0.000129336
0.703356  2314.19 0.254813 0.000129243
0.708725  2315.88 0.254813 0.000129148
0.714094  2317.59 0.254813 0.000129053
0.719463  2319.33 0.254813 0.000128956
0.724832  2321.08 0.254813 0.000128859
0.730201  2322.86 0.254813 0.00012876
0.73557  2324.66 0.254813 0.00012866
0.74094  2326.48 0.254813 0.00012856
0.746309  2328.31 0.254813 0.000128459
0.751678  2330.15 0.254813 0.000128357
0.757047  2332 0.254813 0.000128256
0.762416  2333.84 0.254813 0.000128154
0.767785  2335.65 0.254813 0.000128055
0.773154  2337.41 0.254813 0.000127959
0.778523  2339.07 0.254813 0.000127868
0.783893  2340.56 0.254813 0.000127786
0.789262  2341.77 0.254813 0.00012772
0.794631  2342.51 0.254813 0.00012768
0.8  2342.51 0.254813 0.00012768
