TITLE="Graphics"
VARIABLES= "x", "T", "Y fr", "rho"
-0.0219919  293 0 0.000871523
-0.013745  293 -2.38296e-09 0.000871523
-0.0085906  293 -1.45211e-09 0.000871523
-0.00536913  293 -1.81572e-09 0.000871523
0  293 -8.05689e-10 0.000871523
0.00536913  293 -1.81572e-09 0.000871523
0.0107383  293 -8.05687e-10 0.000871523
0.0161074  293 -1.81572e-09 0.000871523
0.0214765  293 -8.05685e-10 0.000871523
0.0268456  293 -1.81571e-09 0.000871523
0.0322148  293 -8.05683e-10 0.000871523
0.0375839  293 -1.81571e-09 0.000871523
0.042953  293 -8.05682e-10 0.000871523
0.0483221  293 -1.81571e-09 0.000871523
0.0536913  293 -8.0568e-10 0.000871523
0.0590604  293 -1.81571e-09 0.000871523
0.0644295  293 -8.05678e-10 0.000871523
0.0697987  293 -1.81571e-09 0.000871523
0.0751678  293 -8.05677e-10 0.000871523
0.0805369  293 -1.81571e-09 0.000871523
0.085906  293 -8.05675e-10 0.000871523
0.0912752  293 -1.8157e-09 0.000871523
0.0966443  293 -8.05673e-10 0.000871523
0.102013  293 -1.8157e-09 0.000871523
0.107383  293 -8.05672e-10 0.000871523
0.112752  293 -1.8157e-09 0.000871523
0.118121  293 -8.0567e-10 0.000871523
0.12349  293 -1.8157e-09 0.000871523
0.128859  293 -8.05667e-10 0.000871523
0.134228  293 -1.8157e-09 0.000871522
0.139597  293.003 -8.05665e-10 0.000871515
0.144966  293.013 -1.8157e-09 0.000871484
0.150336  293.056 -8.05663e-10 0.000871357
0.15302  293.117 -1.05817e-09 0.000871175
0.155705  293.219 -8.05662e-10 0.000870871
0.158389  293.383 -1.05817e-09 0.000870385
0.161074  293.636 -8.05661e-10 0.000869636
0.163758  294.013 -1.05816e-09 0.000868522
0.166443  294.556 -8.05705e-10 0.000866919
0.169128  295.317 -1.05798e-09 0.000864687
0.171812  296.349 -8.06251e-10 0.000861673
0.174497  297.713 -1.05658e-09 0.000857726
0.177181  299.466 -8.09337e-10 0.000852706
0.179866  301.662 -1.0508e-09 0.000846499
0.18255  304.346 -8.17679e-10 0.000839034
0.185235  307.553 -1.04261e-09 0.000830284
0.187919  311.304 -8.1948e-10 0.000820278
0.190604  315.608 -1.05544e-09 0.000809094
0.193289  320.456 -7.93697e-10 0.000796853
0.195973  325.832 -1.06969e-09 0.000783706
0.198658  331.707 -8.20644e-10 0.000769825
0.201342  338.046 -9.29614e-10 0.000755389
0.204027  344.811 -1.18227e-09 0.000740569
0.206711  351.958 1.52263e-10 0.00072553
0.209396  359.447 -4.6438e-09 0.000710414
0.212081  367.237 1.00462e-08 0.000695345
0.214765  375.288 -3.1242e-08 0.000680428
0.21745  383.565 7.51797e-08 0.000665744
0.220134  392.037 -1.76771e-07 0.000651357
0.222819  400.676 3.792e-07 0.000637314
0.225503  409.459 -7.31189e-07 0.000623643
0.228188  418.367 1.33061e-06 0.000610364
0.230872  427.392 -2.08206e-06 0.000597475
0.233557  436.532 3.15242e-06 0.000584966
0.236242  445.805 -3.87093e-06 0.000572797
0.238926  455.249 4.9432e-06 0.000560917
0.241611  464.946 -4.54958e-06 0.000549216
0.244295  475.044 5.69384e-06 0.000537544
0.24698  485.801 -3.69958e-06 0.000525639
0.249664  497.652 6.73514e-06 0.000513124
0.252349  511.32 -2.03243e-06 0.000499406
0.255034  527.967 9.01175e-06 0.000483662
0.257718  549.411 1.89654e-06 0.000464783
0.260403  578.369 1.33569e-05 0.000441514
0.263087  618.671 8.97136e-06 0.000412752
0.265772  675.278 2.27491e-05 0.000378155
0.268456  753.96 2.7296e-05 0.000338692
0.271141  860.545 7.51963e-05 0.000296751
0.273826  999.86 0.000271768 0.000255432
0.27651  1174.32 0.00131279 0.000217615
0.279195  1381.37 0.0056936 0.000185463
0.281879  1609.46 0.0196457 0.000160468
0.284564  1835.83 0.0510242 0.000143292
0.287248  2032.77 0.0995045 0.000133227
0.289933  2181.48 0.151292 0.000128186
0.292617  2280.32 0.192717 0.000125907
0.295302  2340.08 0.220055 0.000124895
0.297987  2374.24 0.236137 0.000124412
0.300671  2393.37 0.245005 0.000124148
0.303356  2404.22 0.249727 0.000123979
0.30604  2410.66 0.252194 0.000123852
0.308725  2414.81 0.25347 0.000123746
0.311409  2417.77 0.254126 0.000123649
0.314094  2420.13 0.254462 0.000123556
0.316779  2422.18 0.254634 0.000123466
0.319463  2424.08 0.254722 0.000123376
0.322148  2425.91 0.254767 0.000123287
0.324832  2427.71 0.25479 0.000123197
0.327517  2429.5 0.254801 0.000123107
0.330201  2431.29 0.254807 0.000123017
0.332886  2433.08 0.25481 0.000122927
0.33557  2434.88 0.254811 0.000122836
0.338255  2436.69 0.254812 0.000122745
0.34094  2438.51 0.254813 0.000122653
0.343624  2440.34 0.254813 0.000122561
0.346309  2442.18 0.254813 0.000122469
0.348993  2444.03 0.254813 0.000122376
0.351678  2445.89 0.254813 0.000122283
0.354362  2447.76 0.254813 0.00012219
0.357047  2449.64 0.254813 0.000122096
0.359732  2451.53 0.254813 0.000122002
0.362416  2453.43 0.254813 0.000121908
0.365101  2455.34 0.254813 0.000121813
0.367785  2457.26 0.254813 0.000121718
0.37047  2459.19 0.254813 0.000121622
0.373154  2461.12 0.254813 0.000121526
0.375839  2463.07 0.254813 0.00012143
0.378523  2465.03 0.254813 0.000121334
0.381208  2467 0.254813 0.000121237
0.383893  2468.98 0.254813 0.00012114
0.386577  2470.97 0.254813 0.000121042
0.389262  2472.97 0.254813 0.000120944
0.391946  2474.98 0.254813 0.000120846
0.394631  2476.99 0.254813 0.000120748
0.397315  2479.02 0.254813 0.000120649
0.4  2481.06 0.254813 0.00012055
0.402685  2483.11 0.254813 0.000120451
0.405369  2485.16 0.254813 0.000120351
0.408054  2487.23 0.254813 0.000120251
0.410738  2489.31 0.254813 0.00012015
0.413423  2491.4 0.254813 0.00012005
0.418792  2495.61 0.254813 0.000119847
0.424161  2499.86 0.254813 0.000119643
0.42953  2504.15 0.254813 0.000119438
0.434899  2508.49 0.254813 0.000119232
0.440268  2512.88 0.254813 0.000119023
0.445638  2517.32 0.254813 0.000118814
0.451007  2521.8 0.254813 0.000118602
0.456376  2526.35 0.254813 0.000118389
0.461745  2530.95 0.254813 0.000118174
0.467114  2535.61 0.254813 0.000117957
0.472483  2540.33 0.254813 0.000117737
0.477852  2545.13 0.254813 0.000117515
0.483221  2550 0.254813 0.000117291
0.488591  2554.95 0.254813 0.000117064
0.49396  2559.98 0.254813 0.000116834
0.499329  2565.09 0.254813 0.000116601
0.504698  2570.3 0.254813 0.000116364
0.510067  2575.61 0.254813 0.000116125
0.515436  2581.02 0.254813 0.000115881
0.520805  2586.53 0.254813 0.000115634
0.526174  2592.15 0.254813 0.000115384
0.531544  2597.88 0.254813 0.000115129
0.536913  2603.72 0.254813 0.000114871
0.542282  2609.67 0.254813 0.000114609
0.547651  2615.74 0.254813 0.000114343
0.55302  2621.92 0.254813 0.000114074
0.558389  2628.2 0.254813 0.000113801
0.563758  2634.58 0.254813 0.000113525
0.569128  2641.06 0.254813 0.000113247
0.574497  2647.62 0.254813 0.000112966
0.579866  2654.25 0.254813 0.000112684
0.585235  2660.94 0.254813 0.000112401
0.590604  2667.66 0.254813 0.000112118
0.595973  2674.4 0.254813 0.000111835
0.601342  2681.14 0.254813 0.000111554
0.606711  2687.83 0.254813 0.000111276
0.612081  2694.47 0.254813 0.000111002
0.61745  2701.01 0.254813 0.000110733
0.622819  2707.41 0.254813 0.000110471
0.628188  2713.64 0.254813 0.000110218
0.633557  2719.65 0.254813 0.000109974
0.638926  2725.39 0.254813 0.000109743
0.644295  2730.82 0.254813 0.000109524
0.649664  2735.89 0.254813 0.000109322
0.655034  2740.53 0.254813 0.000109137
0.660403  2744.69 0.254813 0.000108971
0.665772  2748.32 0.254813 0.000108827
0.671141  2751.35 0.254813 0.000108707
0.67651  2753.73 0.254813 0.000108613
0.681879  2755.4 0.254813 0.000108547
0.687248  2756.3 0.254813 0.000108512
0.692617  2756.38 0.254813 0.000108509
0.697987  2755.59 0.254813 0.00010854
0.703356  2753.88 0.254813 0.000108607
0.708725  2751.23 0.254813 0.000108712
0.714094  2747.61 0.254813 0.000108855
0.719463  2742.99 0.254813 0.000109039
0.724832  2737.38 0.254813 0.000109262
0.730201  2730.78 0.254813 0.000109526
0.73557  2723.22 0.254813 0.00010983
0.74094  2714.75 0.254813 0.000110173
0.746309  2705.42 0.254813 0.000110553
0.751678  2695.33 0.254813 0.000110967
0.757047  2684.57 0.254813 0.000111411
0.762416  2673.29 0.254813 0.000111882
0.767785  2661.66 0.254813 0.00011237
0.773154  2649.94 0.254813 0.000112867
0.778523  2638.47 0.254813 0.000113358
0.783893  2627.82 0.254813 0.000113818
0.789262  2618.85 0.254813 0.000114207
0.794631  2613.09 0.254813 0.000114459
0.8  2613.09 0.254813 0.000114459
