TITLE="Graphics"
VARIABLES= "x", "T", "Y fr", "rho"
-0.0219919  293 0 0.000871523
-0.013745  293 -2.38296e-09 0.000871523
-0.0085906  293 -1.45211e-09 0.000871523
-0.00536913  293 -1.81572e-09 0.000871523
0  293 -8.05686e-10 0.000871523
0.00536913  293 -1.81571e-09 0.000871523
0.0107383  293 -8.0568e-10 0.000871523
0.0161074  293 -1.81571e-09 0.000871523
0.0214765  293 -8.05675e-10 0.000871523
0.0268456  293 -1.8157e-09 0.000871523
0.0322148  293 -8.05669e-10 0.000871523
0.0375839  293 -1.8157e-09 0.000871523
0.042953  293 -8.05664e-10 0.000871523
0.0483221  293 -1.81569e-09 0.000871523
0.0536913  293 -8.05661e-10 0.000871523
0.0590604  293 -1.81568e-09 0.000871523
0.0644295  293 -8.05676e-10 0.000871523
0.0697987  293 -1.81561e-09 0.000871523
0.0751678  293 -8.05887e-10 0.000871523
0.0805369  293 -1.81489e-09 0.000871523
0.085906  293 -8.08359e-10 0.000871523
0.0912752  293 -1.80603e-09 0.000871523
0.0966443  293 -8.41269e-10 0.000871523
0.102013  293 -1.6813e-09 0.000871523
0.107383  293 -1.31364e-09 0.000871523
0.112752  293 7.28971e-11 0.000871523
0.118121  293 -7.6092e-09 0.000871523
0.12349  293 2.16769e-08 0.000871523
0.128859  293 -7.79048e-08 0.000871523
0.134228  293 2.36852e-07 0.000871523
0.139597  293 -6.92036e-07 0.000871522
0.144966  293 1.85231e-06 0.000871523
0.150336  293.001 -4.54363e-06 0.000871519
0.15302  293.001 9.48076e-08 0.00087152
0.155705  293.002 -3.95299e-06 0.000871516
0.158389  293.002 3.00607e-06 0.000871518
0.161074  293.003 -4.83688e-06 0.000871511
0.163758  293.004 4.95465e-06 0.000871512
0.166443  293.006 -5.60182e-06 0.000871502
0.169128  293.008 5.44261e-06 0.000871501
0.171812  293.011 -5.13902e-06 0.000871487
0.174497  293.015 4.50528e-06 0.00087148
0.177181  293.02 -3.90032e-06 0.000871461
0.179866  293.027 3.421e-06 0.000871445
0.18255  293.035 -3.15217e-06 0.000871417
0.185235  293.046 2.96291e-06 0.000871388
0.187919  293.06 -2.6839e-06 0.000871345
0.190604  293.077 2.19884e-06 0.000871296
0.193289  293.099 -1.58519e-06 0.000871229
0.195973  293.126 1.02366e-06 0.000871148
0.198658  293.161 -6.51812e-07 0.000871046
0.201342  293.203 4.01517e-07 0.00087092
0.204027  293.256 -9.88091e-08 0.000870763
0.206711  293.321 -3.51503e-07 0.000870569
0.209396  293.402 8.24383e-07 0.00087033
0.212081  293.501 -1.15293e-06 0.000870033
0.214765  293.625 1.33263e-06 0.000869668
0.21745  293.779 -1.54652e-06 0.00086921
0.220134  293.974 1.87575e-06 0.000868638
0.222819  294.222 -2.19321e-06 0.000867903
0.225503  294.544 2.35079e-06 0.000866956
0.228188  294.973 -2.44526e-06 0.000865693
0.230872  295.557 2.63432e-06 0.000863985
0.233557  296.376 -2.87053e-06 0.000861596
0.236242  297.553 2.9783e-06 0.000858188
0.238926  299.29 -3.01507e-06 0.000853206
0.241611  301.903 3.14097e-06 0.000845824
0.244295  305.895 -3.29468e-06 0.000834782
0.24698  312.051 3.32062e-06 0.000818317
0.249664  321.565 -3.34935e-06 0.000794104
0.252349  336.192 3.46534e-06 0.000759556
0.255034  358.377 -3.49672e-06 0.000712535
0.257718  391.264 3.49022e-06 0.000652645
0.260403  438.498 -3.58099e-06 0.000582342
0.263087  503.765 3.56504e-06 0.000506896
0.265772  590.248 -3.55241e-06 0.000432625
0.268456  700.241 4.56465e-06 0.00036467
0.271141  835.062 1.36611e-05 0.000305795
0.273826  995.02 0.00020755 0.000256665
0.27651  1178.81 0.00151749 0.000216811
0.279195  1381.37 0.00745971 0.000185652
0.281879  1590.57 0.0252847 0.000162908
0.284564  1786.57 0.0618606 0.000148192
0.287248  1948.43 0.113244 0.000140166
0.289933  2064.95 0.163807 0.000136493
0.292617  2139.11 0.201797 0.00013501
0.295302  2182.18 0.225781 0.000134438
0.297987  2205.76 0.239466 0.000134211
0.300671  2218.26 0.246853 0.000134114
0.303356  2224.78 0.250726 0.000134068
0.30604  2228.16 0.252725 0.000134045
0.308725  2229.92 0.253749 0.000134031
0.311409  2230.85 0.254272 0.000134022
0.314094  2231.37 0.254538 0.000134015
0.316779  2231.66 0.254673 0.000134009
0.319463  2231.85 0.254742 0.000134004
0.322148  2231.98 0.254777 0.000133999
0.324832  2232.09 0.254795 0.000133995
0.327517  2232.18 0.254804 0.00013399
0.330201  2232.27 0.254808 0.000133985
0.332886  2232.35 0.254811 0.00013398
0.33557  2232.44 0.254812 0.000133975
0.338255  2232.52 0.254812 0.00013397
0.34094  2232.6 0.254813 0.000133965
0.343624  2232.69 0.254813 0.00013396
0.346309  2232.78 0.254813 0.000133955
0.348993  2232.86 0.254813 0.00013395
0.351678  2232.95 0.254813 0.000133944
0.354362  2233.04 0.254813 0.000133939
0.357047  2233.13 0.254813 0.000133934
0.359732  2233.23 0.254813 0.000133928
0.362416  2233.32 0.254813 0.000133922
0.365101  2233.41 0.254813 0.000133917
0.367785  2233.51 0.254813 0.000133911
0.37047  2233.61 0.254813 0.000133905
0.373154  2233.71 0.254813 0.000133899
0.375839  2233.81 0.254813 0.000133893
0.378523  2233.91 0.254813 0.000133887
0.381208  2234.01 0.254813 0.000133881
0.383893  2234.12 0.254813 0.000133875
0.386577  2234.22 0.254813 0.000133868
0.389262  2234.33 0.254813 0.000133862
0.391946  2234.44 0.254813 0.000133855
0.394631  2234.55 0.254813 0.000133849
0.397315  2234.66 0.254813 0.000133842
0.4  2234.78 0.254813 0.000133835
0.402685  2234.89 0.254813 0.000133828
0.405369  2235.01 0.254813 0.000133821
0.408054  2235.13 0.254813 0.000133814
0.410738  2235.24 0.254813 0.000133807
0.413423  2235.37 0.254813 0.0001338
0.418792  2235.61 0.254813 0.000133785
0.424161  2235.87 0.254813 0.00013377
0.42953  2236.13 0.254813 0.000133754
0.434899  2236.4 0.254813 0.000133738
0.440268  2236.67 0.254813 0.000133722
0.445638  2236.95 0.254813 0.000133705
0.451007  2237.24 0.254813 0.000133688
0.456376  2237.54 0.254813 0.00013367
0.461745  2237.84 0.254813 0.000133652
0.467114  2238.15 0.254813 0.000133633
0.472483  2238.47 0.254813 0.000133614
0.477852  2238.8 0.254813 0.000133595
0.483221  2239.14 0.254813 0.000133575
0.488591  2239.48 0.254813 0.000133554
0.49396  2239.83 0.254813 0.000133533
0.499329  2240.2 0.254813 0.000133511
0.504698  2240.57 0.254813 0.000133489
0.510067  2240.95 0.254813 0.000133467
0.515436  2241.33 0.254813 0.000133444
0.520805  2241.73 0.254813 0.00013342
0.526174  2242.14 0.254813 0.000133396
0.531544  2242.56 0.254813 0.000133371
0.536913  2242.98 0.254813 0.000133345
0.542282  2243.42 0.254813 0.000133319
0.547651  2243.87 0.254813 0.000133293
0.55302  2244.33 0.254813 0.000133266
0.558389  2244.79 0.254813 0.000133238
0.563758  2245.27 0.254813 0.000133209
0.569128  2245.76 0.254813 0.00013318
0.574497  2246.26 0.254813 0.000133151
0.579866  2246.78 0.254813 0.00013312
0.585235  2247.3 0.254813 0.000133089
0.590604  2247.83 0.254813 0.000133058
0.595973  2248.38 0.254813 0.000133025
0.601342  2248.94 0.254813 0.000132992
0.606711  2249.51 0.254813 0.000132959
0.612081  2250.09 0.254813 0.000132924
0.61745  2250.68 0.254813 0.000132889
0.622819  2251.29 0.254813 0.000132853
0.628188  2251.91 0.254813 0.000132817
0.633557  2252.54 0.254813 0.000132779
0.638926  2253.19 0.254813 0.000132741
0.644295  2253.85 0.254813 0.000132703
0.649664  2254.52 0.254813 0.000132663
0.655034  2255.21 0.254813 0.000132623
0.660403  2255.91 0.254813 0.000132582
0.665772  2256.62 0.254813 0.00013254
0.671141  2257.35 0.254813 0.000132497
0.67651  2258.09 0.254813 0.000132453
0.681879  2258.85 0.254813 0.000132409
0.687248  2259.62 0.254813 0.000132364
0.692617  2260.4 0.254813 0.000132318
0.697987  2261.2 0.254813 0.000132271
0.703356  2262.01 0.254813 0.000132224
0.708725  2262.84 0.254813 0.000132175
0.714094  2263.69 0.254813 0.000132126
0.719463  2264.55 0.254813 0.000132076
0.724832  2265.42 0.254813 0.000132025
0.730201  2266.31 0.254813 0.000131973
0.73557  2267.21 0.254813 0.00013192
0.74094  2268.13 0.254813 0.000131867
0.746309  2269.06 0.254813 0.000131813
0.751678  2270 0.254813 0.000131759
0.757047  2270.94 0.254813 0.000131704
0.762416  2271.89 0.254813 0.000131649
0.767785  2272.82 0.254813 0.000131595
0.773154  2273.73 0.254813 0.000131542
0.778523  2274.59 0.254813 0.000131493
0.783893  2275.37 0.254813 0.000131448
0.789262  2275.99 0.254813 0.000131411
0.794631  2276.38 0.254813 0.000131389
0.8  2276.38 0.254813 0.000131389
