TITLE="Graphics"
VARIABLES= "x", "T", "Y fr", "rho"
-0.0219919  293 0 0.000871523
-0.013745  293 -2.38296e-09 0.000871523
-0.0085906  293 -1.45211e-09 0.000871523
-0.00536913  293 -1.81572e-09 0.000871523
0  293 -8.0569e-10 0.000871523
0.00536913  293 -1.81572e-09 0.000871523
0.0107383  293 -8.05688e-10 0.000871523
0.0161074  293 -1.81572e-09 0.000871523
0.0214765  293 -8.05687e-10 0.000871523
0.0268456  293 -1.81572e-09 0.000871523
0.0322148  293 -8.05685e-10 0.000871523
0.0375839  293 -1.81571e-09 0.000871523
0.042953  293 -8.05683e-10 0.000871523
0.0483221  293 -1.81571e-09 0.000871523
0.0536913  293 -8.05682e-10 0.000871523
0.0590604  293 -1.81571e-09 0.000871523
0.0644295  293 -8.0568e-10 0.000871523
0.0697987  293 -1.81571e-09 0.000871523
0.0751678  293 -8.05678e-10 0.000871523
0.0805369  293 -1.81571e-09 0.000871523
0.085906  293 -8.05677e-10 0.000871523
0.0912752  293 -1.81571e-09 0.000871523
0.0966443  293 -8.05675e-10 0.000871523
0.102013  293 -1.8157e-09 0.000871523
0.107383  293 -8.05673e-10 0.000871523
0.112752  293 -1.8157e-09 0.000871523
0.118121  293 -8.05672e-10 0.000871523
0.12349  293 -1.8157e-09 0.000871523
0.128859  293 -8.0567e-10 0.000871523
0.134228  293 -1.8157e-09 0.000871523
0.139597  293.002 -8.05667e-10 0.000871518
0.144966  293.012 -1.8157e-09 0.000871487
0.150336  293.076 -8.05666e-10 0.000871297
0.15302  293.195 -1.05817e-09 0.000870945
0.155705  293.407 -8.05665e-10 0.000870314
0.158389  293.764 -1.05817e-09 0.000869256
0.161074  294.332 -8.05662e-10 0.000867578
0.163758  295.193 -1.05817e-09 0.000865049
0.166443  296.438 -8.0566e-10 0.000861417
0.169128  298.164 -1.05817e-09 0.000856428
0.171812  300.467 -8.05639e-10 0.000849864
0.174497  303.427 -1.05814e-09 0.000841573
0.177181  307.106 -8.05785e-10 0.000831492
0.179866  311.539 -1.05779e-09 0.000819659
0.18255  316.735 -8.07211e-10 0.000806214
0.185235  322.675 -1.05381e-09 0.000791372
0.187919  329.321 -8.1227e-10 0.000775402
0.190604  336.617 -1.03986e-09 0.000758596
0.193289  344.498 -8.19064e-10 0.000741242
0.195973  352.895 -1.04273e-09 0.000723604
0.198658  361.739 -8.16463e-10 0.000705912
0.201342  370.964 -1.11001e-09 0.000688358
0.204027  380.509 -7.94612e-10 0.000671092
0.206711  390.318 -8.51468e-10 0.000654226
0.209396  400.345 1.37342e-10 0.000637841
0.212081  410.547 2.23769e-09 0.000621991
0.214765  420.889 7.70341e-09 0.000606707
0.21745  431.342 2.03962e-08 0.000592004
0.220134  441.881 4.18434e-08 0.000577885
0.222819  452.487 9.86365e-08 0.000564339
0.225503  463.145 1.55327e-07 0.000551353
0.228188  473.844 3.81071e-07 0.000538904
0.230872  484.579 4.41877e-07 0.000526965
0.233557  495.353 1.27993e-06 0.000515504
0.236242  506.177 1.02841e-06 0.00050448
0.238926  517.082 3.72335e-06 0.000493842
0.241611  528.124 2.28025e-06 0.000483516
0.244295  539.407 9.04926e-06 0.000473405
0.24698  551.112 5.83725e-06 0.000463349
0.249664  563.553 1.83403e-05 0.000453123
0.252349  577.26 1.55518e-05 0.000442363
0.255034  593.111 3.36523e-05 0.000430546
0.257718  612.531 3.56359e-05 0.000416896
0.260403  637.756 6.09814e-05 0.000400412
0.263087  672.143 7.17018e-05 0.000379929
0.265772  720.406 0.000109901 0.000354484
0.268456  788.605 0.000143731 0.000323834
0.271141  883.624 0.000242257 0.000289028
0.273826  1012.02 0.000508007 0.000252398
0.27651  1178.18 0.00159408 0.000216936
0.279195  1381.37 0.00569144 0.000185463
0.281879  1611.23 0.0184617 0.000160182
0.284564  1845 0.0476382 0.000142294
0.287248  2053.22 0.0941613 0.000131473
0.289933  2214.08 0.145646 0.000125851
0.292617  2323.35 0.188155 0.000123213
0.295302  2390.71 0.21693 0.000121999
0.297987  2429.88 0.234192 0.000121406
0.300671  2452.17 0.24386 0.000121079
0.303356  2465 0.249074 0.000120869
0.30604  2472.73 0.251829 0.000120714
0.308725  2477.77 0.253268 0.000120585
0.311409  2481.4 0.254015 0.000120469
0.314094  2484.31 0.254402 0.000120359
0.316779  2486.85 0.254601 0.000120252
0.319463  2489.21 0.254704 0.000120146
0.322148  2491.48 0.254757 0.000120041
0.324832  2493.7 0.254784 0.000119937
0.327517  2495.9 0.254798 0.000119832
0.330201  2498.1 0.254805 0.000119727
0.332886  2500.31 0.254809 0.000119622
0.33557  2502.52 0.254811 0.000119516
0.338255  2504.74 0.254812 0.00011941
0.34094  2506.96 0.254812 0.000119304
0.343624  2509.2 0.254813 0.000119198
0.346309  2511.44 0.254813 0.000119091
0.348993  2513.7 0.254813 0.000118985
0.351678  2515.97 0.254813 0.000118877
0.354362  2518.25 0.254813 0.00011877
0.357047  2520.53 0.254813 0.000118662
0.359732  2522.83 0.254813 0.000118554
0.362416  2525.14 0.254813 0.000118445
0.365101  2527.47 0.254813 0.000118336
0.367785  2529.8 0.254813 0.000118227
0.37047  2532.15 0.254813 0.000118118
0.373154  2534.51 0.254813 0.000118007
0.375839  2536.89 0.254813 0.000117897
0.378523  2539.28 0.254813 0.000117786
0.381208  2541.68 0.254813 0.000117675
0.383893  2544.11 0.254813 0.000117563
0.386577  2546.54 0.254813 0.00011745
0.389262  2549 0.254813 0.000117337
0.391946  2551.47 0.254813 0.000117223
0.394631  2553.97 0.254813 0.000117109
0.397315  2556.48 0.254813 0.000116994
0.4  2559.01 0.254813 0.000116878
0.402685  2561.57 0.254813 0.000116761
0.405369  2564.15 0.254813 0.000116644
0.408054  2566.75 0.254813 0.000116525
0.410738  2569.38 0.254813 0.000116406
0.413423  2572.04 0.254813 0.000116286
0.418792  2577.44 0.254813 0.000116042
0.424161  2582.96 0.254813 0.000115794
0.42953  2588.61 0.254813 0.000115541
0.434899  2594.41 0.254813 0.000115283
0.440268  2600.37 0.254813 0.000115019
0.445638  2606.49 0.254813 0.000114749
0.451007  2612.79 0.254813 0.000114472
0.456376  2619.27 0.254813 0.000114189
0.461745  2625.94 0.254813 0.000113899
0.467114  2632.81 0.254813 0.000113602
0.472483  2639.88 0.254813 0.000113297
0.477852  2647.14 0.254813 0.000112987
0.483221  2654.6 0.254813 0.000112669
0.488591  2662.25 0.254813 0.000112346
0.49396  2670.07 0.254813 0.000112017
0.499329  2678.04 0.254813 0.000111683
0.504698  2686.15 0.254813 0.000111346
0.510067  2694.37 0.254813 0.000111006
0.515436  2702.67 0.254813 0.000110665
0.520805  2710.99 0.254813 0.000110325
0.526174  2719.31 0.254813 0.000109988
0.531544  2727.56 0.254813 0.000109655
0.536913  2735.69 0.254813 0.000109329
0.542282  2743.63 0.254813 0.000109013
0.547651  2751.3 0.254813 0.000108709
0.55302  2758.63 0.254813 0.00010842
0.558389  2765.53 0.254813 0.00010815
0.563758  2771.9 0.254813 0.000107901
0.569128  2777.65 0.254813 0.000107678
0.574497  2782.68 0.254813 0.000107483
0.579866  2786.87 0.254813 0.000107322
0.585235  2790.12 0.254813 0.000107197
0.590604  2792.32 0.254813 0.000107112
0.595973  2793.37 0.254813 0.000107072
0.601342  2793.15 0.254813 0.00010708
0.606711  2791.58 0.254813 0.000107141
0.612081  2788.57 0.254813 0.000107256
0.61745  2784.05 0.254813 0.00010743
0.622819  2777.97 0.254813 0.000107665
0.628188  2770.31 0.254813 0.000107963
0.633557  2761.06 0.254813 0.000108325
0.638926  2750.26 0.254813 0.00010875
0.644295  2737.98 0.254813 0.000109238
0.649664  2724.34 0.254813 0.000109785
0.655034  2709.47 0.254813 0.000110387
0.660403  2693.58 0.254813 0.000111039
0.665772  2676.88 0.254813 0.000111731
0.671141  2659.64 0.254813 0.000112456
0.67651  2642.14 0.254813 0.000113201
0.681879  2624.67 0.254813 0.000113954
0.687248  2607.54 0.254813 0.000114703
0.692617  2591.01 0.254813 0.000115434
0.697987  2575.36 0.254813 0.000116136
0.703356  2560.79 0.254813 0.000116796
0.708725  2547.5 0.254813 0.000117406
0.714094  2535.61 0.254813 0.000117957
0.719463  2525.18 0.254813 0.000118444
0.724832  2516.25 0.254813 0.000118864
0.730201  2508.79 0.254813 0.000119217
0.73557  2502.74 0.254813 0.000119506
0.74094  2498.01 0.254813 0.000119732
0.746309  2494.47 0.254813 0.000119902
0.751678  2492.01 0.254813 0.00012002
0.757047  2490.47 0.254813 0.000120094
0.762416  2489.72 0.254813 0.000120131
0.767785  2489.61 0.254813 0.000120136
0.773154  2490.01 0.254813 0.000120117
0.778523  2490.77 0.254813 0.00012008
0.783893  2491.73 0.254813 0.000120034
0.789262  2492.69 0.254813 0.000119987
0.794631  2493.38 0.254813 0.000119954
0.8  2493.38 0.254813 0.000119954
