TITLE="Graphics"
VARIABLES= "x", "T", "Y fr", "rho"
-0.0219919  293 0 0.000871523
-0.013745  293 -2.38296e-09 0.000871523
-0.0085906  293 -1.45211e-09 0.000871523
-0.00536913  293 -1.81572e-09 0.000871523
0  293 -8.05685e-10 0.000871523
0.00536913  293 -1.81571e-09 0.000871523
0.0107383  293 -8.0568e-10 0.000871523
0.0161074  293 -1.81571e-09 0.000871523
0.0214765  293 -8.05674e-10 0.000871523
0.0268456  293 -1.8157e-09 0.000871523
0.0322148  293 -8.05669e-10 0.000871523
0.0375839  293 -1.8157e-09 0.000871523
0.042953  293 -8.05664e-10 0.000871523
0.0483221  293 -1.81569e-09 0.000871523
0.0536913  293 -8.05663e-10 0.000871523
0.0590604  293 -1.81567e-09 0.000871523
0.0644295  293 -8.05707e-10 0.000871523
0.0697987  293 -1.81551e-09 0.000871523
0.0751678  293 -8.06253e-10 0.000871523
0.0805369  293 -1.8136e-09 0.000871523
0.085906  293 -8.13091e-10 0.000871523
0.0912752  293 -1.78829e-09 0.000871523
0.0966443  293 -9.0815e-10 0.000871523
0.102013  293 -1.43221e-09 0.000871523
0.107383  293 -2.21587e-09 0.000871523
0.112752  293 3.21465e-09 0.000871523
0.118121  293 -1.80344e-08 0.000871523
0.12349  293 5.43908e-08 0.000871523
0.128859  293 -1.74217e-07 0.000871523
0.134228  293 5.00357e-07 0.000871523
0.139597  293 -1.3534e-06 0.000871522
0.144966  293 3.3462e-06 0.000871524
0.150336  293.001 -7.48639e-06 0.000871518
0.15302  293.001 -5.14872e-07 0.00087152
0.155705  293.001 -5.98706e-06 0.000871516
0.158389  293.002 3.30278e-06 0.000871519
0.161074  293.003 -5.97867e-06 0.000871512
0.163758  293.004 5.11294e-06 0.000871515
0.166443  293.005 -5.68275e-06 0.000871506
0.169128  293.007 4.92502e-06 0.000871506
0.171812  293.009 -4.48068e-06 0.000871494
0.174497  293.012 3.77168e-06 0.000871489
0.177181  293.016 -3.35397e-06 0.000871473
0.179866  293.021 3.06654e-06 0.000871461
0.18255  293.028 -2.88981e-06 0.000871438
0.185235  293.037 2.59619e-06 0.000871415
0.187919  293.048 -2.1119e-06 0.00087138
0.190604  293.062 1.49264e-06 0.00087134
0.193289  293.079 -9.35201e-07 0.000871287
0.195973  293.101 5.59001e-07 0.000871222
0.198658  293.129 -3.16126e-07 0.000871139
0.201342  293.164 2.09012e-08 0.000871037
0.204027  293.206 4.13756e-07 0.00087091
0.206711  293.26 -8.90044e-07 0.00087075
0.209396  293.326 1.22434e-06 0.000870555
0.212081  293.409 -1.40751e-06 0.000870308
0.214765  293.512 1.59756e-06 0.000870003
0.21745  293.643 -1.91187e-06 0.000869614
0.220134  293.81 2.23306e-06 0.000869122
0.222819  294.026 -2.41122e-06 0.00086848
0.225503  294.313 2.49056e-06 0.000867637
0.228188  294.701 -2.65341e-06 0.000866491
0.230872  295.241 2.88651e-06 0.00086491
0.233557  296.01 -3.02492e-06 0.000862658
0.236242  297.136 3.05067e-06 0.000859393
0.238926  298.819 -3.14461e-06 0.00085455
0.241611  301.379 3.30415e-06 0.000847295
0.244295  305.322 -3.3666e-06 0.000836349
0.24698  311.438 3.36295e-06 0.000819929
0.249664  320.927 -3.45971e-06 0.000795682
0.252349  335.553 3.5358e-06 0.000761002
0.255034  357.768 -3.5138e-06 0.000713746
0.257718  390.723 3.57118e-06 0.000653549
0.260403  438.059 -3.61952e-06 0.000582925
0.263087  503.454 3.58651e-06 0.00050721
0.265772  590.07 -3.62128e-06 0.000432755
0.268456  700.184 4.56045e-06 0.0003647
0.271141  835.094 1.35956e-05 0.000305784
0.273826  995.094 0.000207882 0.000256646
0.27651  1178.88 0.00152036 0.000216799
0.279195  1381.37 0.00747196 0.000185653
0.281879  1590.45 0.0253149 0.000162923
0.284564  1786.3 0.0619089 0.000148218
0.287248  1948 0.113296 0.000140202
0.289933  2064.39 0.163848 0.000136533
0.292617  2138.46 0.201823 0.000135053
0.295302  2181.47 0.225797 0.000134483
0.297987  2205.02 0.239474 0.000134257
0.300671  2217.49 0.246857 0.000134161
0.303356  2223.99 0.250727 0.000134116
0.30604  2227.35 0.252726 0.000134093
0.308725  2229.1 0.25375 0.00013408
0.311409  2230.02 0.254272 0.000134072
0.314094  2230.52 0.254538 0.000134066
0.316779  2230.8 0.254673 0.000134061
0.319463  2230.98 0.254742 0.000134057
0.322148  2231.1 0.254777 0.000134053
0.324832  2231.19 0.254795 0.000134049
0.327517  2231.27 0.254804 0.000134045
0.330201  2231.34 0.254808 0.000134041
0.332886  2231.41 0.254811 0.000134037
0.33557  2231.48 0.254812 0.000134033
0.338255  2231.55 0.254812 0.000134028
0.34094  2231.62 0.254813 0.000134024
0.343624  2231.69 0.254813 0.00013402
0.346309  2231.77 0.254813 0.000134016
0.348993  2231.84 0.254813 0.000134011
0.351678  2231.91 0.254813 0.000134007
0.354362  2231.99 0.254813 0.000134002
0.357047  2232.06 0.254813 0.000133998
0.359732  2232.14 0.254813 0.000133993
0.362416  2232.22 0.254813 0.000133988
0.365101  2232.3 0.254813 0.000133984
0.367785  2232.38 0.254813 0.000133979
0.37047  2232.46 0.254813 0.000133974
0.373154  2232.54 0.254813 0.000133969
0.375839  2232.63 0.254813 0.000133964
0.378523  2232.71 0.254813 0.000133959
0.381208  2232.8 0.254813 0.000133954
0.383893  2232.89 0.254813 0.000133948
0.386577  2232.98 0.254813 0.000133943
0.389262  2233.07 0.254813 0.000133938
0.391946  2233.16 0.254813 0.000133932
0.394631  2233.25 0.254813 0.000133927
0.397315  2233.34 0.254813 0.000133921
0.4  2233.44 0.254813 0.000133915
0.402685  2233.54 0.254813 0.00013391
0.405369  2233.63 0.254813 0.000133904
0.408054  2233.73 0.254813 0.000133898
0.410738  2233.83 0.254813 0.000133892
0.413423  2233.93 0.254813 0.000133886
0.418792  2234.14 0.254813 0.000133873
0.424161  2234.36 0.254813 0.00013386
0.42953  2234.58 0.254813 0.000133847
0.434899  2234.8 0.254813 0.000133834
0.440268  2235.03 0.254813 0.00013382
0.445638  2235.27 0.254813 0.000133806
0.451007  2235.51 0.254813 0.000133791
0.456376  2235.77 0.254813 0.000133776
0.461745  2236.02 0.254813 0.000133761
0.467114  2236.29 0.254813 0.000133745
0.472483  2236.56 0.254813 0.000133729
0.477852  2236.84 0.254813 0.000133712
0.483221  2237.12 0.254813 0.000133695
0.488591  2237.41 0.254813 0.000133677
0.49396  2237.71 0.254813 0.00013366
0.499329  2238.02 0.254813 0.000133641
0.504698  2238.34 0.254813 0.000133622
0.510067  2238.66 0.254813 0.000133603
0.515436  2238.99 0.254813 0.000133583
0.520805  2239.33 0.254813 0.000133563
0.526174  2239.68 0.254813 0.000133542
0.531544  2240.04 0.254813 0.000133521
0.536913  2240.4 0.254813 0.000133499
0.542282  2240.78 0.254813 0.000133477
0.547651  2241.16 0.254813 0.000133454
0.55302  2241.55 0.254813 0.000133431
0.558389  2241.95 0.254813 0.000133407
0.563758  2242.36 0.254813 0.000133382
0.569128  2242.79 0.254813 0.000133357
0.574497  2243.22 0.254813 0.000133332
0.579866  2243.66 0.254813 0.000133305
0.585235  2244.11 0.254813 0.000133279
0.590604  2244.57 0.254813 0.000133251
0.595973  2245.04 0.254813 0.000133223
0.601342  2245.52 0.254813 0.000133195
0.606711  2246.02 0.254813 0.000133165
0.612081  2246.52 0.254813 0.000133135
0.61745  2247.04 0.254813 0.000133105
0.622819  2247.56 0.254813 0.000133074
0.628188  2248.1 0.254813 0.000133042
0.633557  2248.65 0.254813 0.000133009
0.638926  2249.21 0.254813 0.000132976
0.644295  2249.79 0.254813 0.000132942
0.649664  2250.37 0.254813 0.000132908
0.655034  2250.97 0.254813 0.000132872
0.660403  2251.58 0.254813 0.000132836
0.665772  2252.21 0.254813 0.000132799
0.671141  2252.84 0.254813 0.000132762
0.67651  2253.49 0.254813 0.000132724
0.681879  2254.15 0.254813 0.000132685
0.687248  2254.83 0.254813 0.000132645
0.692617  2255.52 0.254813 0.000132604
0.697987  2256.22 0.254813 0.000132563
0.703356  2256.94 0.254813 0.000132521
0.708725  2257.66 0.254813 0.000132478
0.714094  2258.41 0.254813 0.000132435
0.719463  2259.17 0.254813 0.00013239
0.724832  2259.94 0.254813 0.000132345
0.730201  2260.72 0.254813 0.000132299
0.73557  2261.52 0.254813 0.000132252
0.74094  2262.33 0.254813 0.000132205
0.746309  2263.15 0.254813 0.000132157
0.751678  2263.98 0.254813 0.000132109
0.757047  2264.82 0.254813 0.00013206
0.762416  2265.66 0.254813 0.000132011
0.767785  2266.49 0.254813 0.000131963
0.773154  2267.29 0.254813 0.000131916
0.778523  2268.06 0.254813 0.000131871
0.783893  2268.75 0.254813 0.000131831
0.789262  2269.31 0.254813 0.000131799
0.794631  2269.65 0.254813 0.000131779
0.8  2269.65 0.254813 0.000131779
