TITLE="Graphics"
VARIABLES= "x", "T", "Y fr", "rho"
-0.0219919  293 0 0.000871523
-0.013745  293 -1.25674e-07 0.000871523
-0.0085906  293 -7.65827e-08 0.000871523
-0.00536913  293 -9.5759e-08 0.000871523
0  293 -4.24914e-08 0.000871523
0.00536913  293 -9.5759e-08 0.000871523
0.0107383  293 -4.24914e-08 0.000871523
0.0161074  293 -9.5759e-08 0.000871523
0.0214765  293 -4.24914e-08 0.000871523
0.0268456  293 -9.5759e-08 0.000871523
0.0322148  293 -4.24915e-08 0.000871523
0.0375839  293 -9.57583e-08 0.000871523
0.042953  293 -4.24942e-08 0.000871523
0.0483221  293 -9.57478e-08 0.000871523
0.0536913  293 -4.2533e-08 0.000871523
0.0590604  293 -9.56092e-08 0.000871523
0.0644295  293 -4.30073e-08 0.000871523
0.0697987  293 -9.40588e-08 0.000871523
0.0751678  293 -4.78337e-08 0.000871523
0.0805369  293 -7.98293e-08 0.000871523
0.085906  293 -8.72501e-08 0.000871523
0.0912752  293 2.15459e-08 0.000871523
0.0966443  293 -3.24702e-07 0.000871523
0.102013  293 5.10128e-07 0.000871523
0.107383  293 -1.13507e-06 0.000871523
0.112752  293 1.2708e-06 0.000871524
0.118121  293 1.75137e-07 0.000871523
0.12349  293 -8.57873e-06 0.000871519
0.128859  293 3.43108e-05 0.00087154
0.134228  293 -9.68407e-05 0.000871475
0.139597  293 0.000216916 0.000871632
0.144966  293 -0.000395629 0.000871325
0.150336  293 0.000571287 0.000871809
0.15302  293 0.000249415 0.000871648
0.155705  293 0.000441644 0.000871744
0.158389  293 9.51062e-05 0.000871571
0.161074  293 0.000292791 0.00087167
0.163758  293 -4.05768e-05 0.000871503
0.166443  293 0.000203796 0.000871625
0.169128  293 -0.000124781 0.000871461
0.171812  293 0.000166554 0.000871606
0.174497  293 -0.000153076 0.000871447
0.177181  293 0.000150651 0.000871598
0.179866  293 -0.000157127 0.000871444
0.18255  293 0.000153478 0.0008716
0.185235  293 -0.000163593 0.000871441
0.187919  293 0.000160532 0.000871603
0.190604  293 -0.00016235 0.000871441
0.193289  293.001 0.00015855 0.000871601
0.195973  293.001 -0.000160662 0.000871441
0.198658  293.001 0.000162776 0.000871601
0.201342  293.002 -0.000165164 0.000871436
0.204027  293.002 0.000163886 0.000871599
0.206711  293.003 -0.000162244 0.000871433
0.209396  293.004 0.000162422 0.000871592
0.212081  293.006 -0.000164877 0.000871423
0.214765  293.008 0.000165848 0.000871582
0.21745  293.011 -0.000164498 0.000871408
0.220134  293.015 0.000163053 0.00087156
0.222819  293.021 -0.00016432 0.00087138
0.225503  293.028 0.000165988 0.000871522
0.228188  293.039 -0.000165555 0.000871324
0.230872  293.055 0.000163766 0.000871443
0.233557  293.078 -0.000164218 0.000871208
0.236242  293.116 0.000165819 0.00087126
0.238926  293.181 -0.000165762 0.000870902
0.241611  293.299 0.000164091 0.000870718
0.244295  293.521 -0.000164423 0.000869894
0.24698  293.959 0.000165758 0.000868763
0.249664  294.84 -0.000165472 0.000866001
0.252349  296.642 0.000164179 0.000860905
0.255034  300.343 -0.000164986 0.000850136
0.257718  307.915 0.000165614 0.000829386
0.260403  323.162 -0.000164725 0.000790106
0.263087  352.8 0.000164739 0.000723868
0.265772  407.072 -0.000165548 0.000627241
0.268456  498.299 0.000164524 0.000512504
0.271141  637.327 -0.000165319 0.000400629
0.273826  830.611 0.000167338 0.000307461
0.27651  1080.06 -3.79968e-05 0.000236423
0.279195  1381.37 0.0024198 0.000185114
0.281879  1713.92 0.0161198 0.000150381
0.284564  2031.17 0.0585956 0.000130093
0.287248  2282.22 0.121442 0.000120271
0.289933  2447.93 0.177243 0.000116127
0.292617  2543.04 0.2139 0.000114464
0.295302  2592.96 0.234354 0.000113783
0.297987  2617.89 0.244856 0.00011349
0.300671  2630.01 0.250031 0.000113358
0.303356  2635.84 0.252531 0.000113297
0.30604  2638.63 0.253727 0.000113269
0.308725  2639.96 0.254297 0.000113255
0.311409  2640.59 0.254568 0.000113248
0.314094  2640.9 0.254697 0.000113245
0.316779  2641.05 0.254758 0.000113243
0.319463  2641.13 0.254787 0.000113242
0.322148  2641.17 0.254801 0.000113241
0.324832  2641.2 0.254807 0.00011324
0.327517  2641.22 0.25481 0.00011324
0.330201  2641.23 0.254812 0.000113239
0.332886  2641.24 0.254812 0.000113239
0.33557  2641.26 0.254813 0.000113238
0.338255  2641.27 0.254813 0.000113238
0.34094  2641.28 0.254813 0.000113237
0.343624  2641.29 0.254813 0.000113237
0.346309  2641.3 0.254813 0.000113236
0.348993  2641.32 0.254813 0.000113236
0.351678  2641.33 0.254813 0.000113235
0.354362  2641.34 0.254813 0.000113235
0.357047  2641.35 0.254813 0.000113234
0.359732  2641.37 0.254813 0.000113234
0.362416  2641.38 0.254813 0.000113233
0.365101  2641.39 0.254813 0.000113233
0.367785  2641.41 0.254813 0.000113232
0.37047  2641.42 0.254813 0.000113231
0.373154  2641.44 0.254813 0.000113231
0.375839  2641.45 0.254813 0.00011323
0.378523  2641.46 0.254813 0.000113229
0.381208  2641.48 0.254813 0.000113229
0.383893  2641.49 0.254813 0.000113228
0.386577  2641.51 0.254813 0.000113228
0.389262  2641.52 0.254813 0.000113227
0.391946  2641.54 0.254813 0.000113226
0.394631  2641.56 0.254813 0.000113226
0.397315  2641.57 0.254813 0.000113225
0.4  2641.59 0.254813 0.000113224
0.402685  2641.61 0.254813 0.000113223
0.405369  2641.62 0.254813 0.000113223
0.408054  2641.64 0.254813 0.000113222
0.410738  2641.66 0.254813 0.000113221
0.413423  2641.68 0.254813 0.00011322
0.418792  2641.71 0.254813 0.000113219
0.424161  2641.75 0.254813 0.000113217
0.42953  2641.79 0.254813 0.000113216
0.434899  2641.83 0.254813 0.000113214
0.440268  2641.87 0.254813 0.000113212
0.445638  2641.91 0.254813 0.00011321
0.451007  2641.95 0.254813 0.000113209
0.456376  2642 0.254813 0.000113207
0.461745  2642.04 0.254813 0.000113205
0.467114  2642.09 0.254813 0.000113203
0.472483  2642.14 0.254813 0.000113201
0.477852  2642.19 0.254813 0.000113198
0.483221  2642.24 0.254813 0.000113196
0.488591  2642.29 0.254813 0.000113194
0.49396  2642.35 0.254813 0.000113192
0.499329  2642.41 0.254813 0.000113189
0.504698  2642.46 0.254813 0.000113187
0.510067  2642.52 0.254813 0.000113184
0.515436  2642.59 0.254813 0.000113181
0.520805  2642.65 0.254813 0.000113179
0.526174  2642.72 0.254813 0.000113176
0.531544  2642.78 0.254813 0.000113173
0.536913  2642.85 0.254813 0.00011317
0.542282  2642.92 0.254813 0.000113167
0.547651  2643 0.254813 0.000113164
0.55302  2643.07 0.254813 0.000113161
0.558389  2643.15 0.254813 0.000113157
0.563758  2643.23 0.254813 0.000113154
0.569128  2643.31 0.254813 0.00011315
0.574497  2643.4 0.254813 0.000113147
0.579866  2643.48 0.254813 0.000113143
0.585235  2643.57 0.254813 0.000113139
0.590604  2643.66 0.254813 0.000113135
0.595973  2643.76 0.254813 0.000113131
0.601342  2643.86 0.254813 0.000113127
0.606711  2643.96 0.254813 0.000113123
0.612081  2644.06 0.254813 0.000113118
0.61745  2644.16 0.254813 0.000113114
0.622819  2644.27 0.254813 0.000113109
0.628188  2644.38 0.254813 0.000113105
0.633557  2644.49 0.254813 0.0001131
0.638926  2644.61 0.254813 0.000113095
0.644295  2644.73 0.254813 0.00011309
0.649664  2644.85 0.254813 0.000113084
0.655034  2644.98 0.254813 0.000113079
0.660403  2645.11 0.254813 0.000113074
0.665772  2645.24 0.254813 0.000113068
0.671141  2645.37 0.254813 0.000113062
0.67651  2645.51 0.254813 0.000113056
0.681879  2645.65 0.254813 0.00011305
0.687248  2645.8 0.254813 0.000113044
0.692617  2645.95 0.254813 0.000113038
0.697987  2646.1 0.254813 0.000113031
0.703356  2646.26 0.254813 0.000113024
0.708725  2646.42 0.254813 0.000113017
0.714094  2646.58 0.254813 0.00011301
0.719463  2646.75 0.254813 0.000113003
0.724832  2646.92 0.254813 0.000112996
0.730201  2647.1 0.254813 0.000112988
0.73557  2647.28 0.254813 0.000112981
0.74094  2647.47 0.254813 0.000112973
0.746309  2647.66 0.254813 0.000112965
0.751678  2647.85 0.254813 0.000112956
0.757047  2648.04 0.254813 0.000112948
0.762416  2648.24 0.254813 0.00011294
0.767785  2648.45 0.254813 0.000112931
0.773154  2648.65 0.254813 0.000112922
0.778523  2648.84 0.254813 0.000112914
0.783893  2649.03 0.254813 0.000112906
0.789262  2649.19 0.254813 0.000112899
0.794631  2649.29 0.254813 0.000112895
0.8  2649.29 0.254813 0.000112895
