TITLE="Graphics"
VARIABLES= "x", "T", "Y fr", "rho"
-0.0219919  293 0 0.000871523
-0.013745  293 -2.38296e-09 0.000871523
-0.0085906  293 -1.45211e-09 0.000871523
-0.00536913  293 -1.81572e-09 0.000871523
0  293 -8.05686e-10 0.000871523
0.00536913  293 -1.81571e-09 0.000871523
0.0107383  293 -8.05682e-10 0.000871523
0.0161074  293 -1.81571e-09 0.000871523
0.0214765  293 -8.05678e-10 0.000871523
0.0268456  293 -1.81571e-09 0.000871523
0.0322148  293 -8.05674e-10 0.000871523
0.0375839  293 -1.8157e-09 0.000871523
0.042953  293 -8.05671e-10 0.000871523
0.0483221  293 -1.8157e-09 0.000871523
0.0536913  293 -8.0567e-10 0.000871523
0.0590604  293 -1.8157e-09 0.000871523
0.0644295  293 -8.05668e-10 0.000871523
0.0697987  293 -1.8157e-09 0.000871523
0.0751678  293 -8.05666e-10 0.000871523
0.0805369  293 -1.8157e-09 0.000871523
0.085906  293 -8.05664e-10 0.000871523
0.0912752  293 -1.81569e-09 0.000871523
0.0966443  293 -8.05662e-10 0.000871523
0.102013  293 -1.81569e-09 0.000871523
0.107383  293 -8.05662e-10 0.000871523
0.112752  293 -1.81568e-09 0.000871523
0.118121  293 -8.05705e-10 0.000871523
0.12349  293 -1.8155e-09 0.000871523
0.128859  293 -8.06363e-10 0.000871523
0.134228  293 -1.81329e-09 0.000871522
0.139597  293.001 -8.12944e-10 0.000871519
0.144966  293.003 -1.79593e-09 0.000871513
0.150336  293.008 -8.53472e-10 0.000871498
0.15302  293.013 -1.05463e-09 0.000871484
0.155705  293.02 -8.68342e-10 0.000871463
0.158389  293.03 -9.40162e-10 0.000871434
0.161074  293.044 -1.14795e-09 0.000871392
0.163758  293.064 -1.41775e-10 0.000871333
0.166443  293.091 -3.21062e-09 0.000871252
0.169128  293.128 4.96455e-09 0.000871142
0.171812  293.178 -1.52217e-08 0.000870995
0.174497  293.244 3.18875e-08 0.000870799
0.177181  293.331 -7.25883e-08 0.000870541
0.179866  293.444 1.47666e-07 0.000870206
0.18255  293.589 -2.92843e-07 0.000869775
0.185235  293.774 5.40367e-07 0.000869228
0.187919  294.007 -9.44507e-07 0.000868538
0.190604  294.297 1.53806e-06 0.000867683
0.193289  294.655 -2.33724e-06 0.000866626
0.195973  295.092 3.28115e-06 0.000865345
0.198658  295.621 -4.24215e-06 0.000863794
0.201342  296.254 5.01364e-06 0.000861954
0.204027  297.003 -5.41196e-06 0.000859773
0.206711  297.884 5.35399e-06 0.000857238
0.209396  298.907 -4.96098e-06 0.000854296
0.212081  300.088 4.4845e-06 0.00085094
0.214765  301.438 -4.16069e-06 0.000847126
0.21745  302.969 3.99687e-06 0.000842849
0.220134  304.693 -3.80172e-06 0.000838074
0.222819  306.625 3.38622e-06 0.000832798
0.225503  308.78 -2.8218e-06 0.000826984
0.228188  311.178 2.33621e-06 0.000820613
0.230872  313.853 -2.02447e-06 0.000813617
0.233557  316.854 1.70094e-06 0.000805912
0.236242  320.266 -1.22526e-06 0.000797324
0.238926  324.228 7.28785e-07 0.000787584
0.241611  328.967 -3.9923e-07 0.000776238
0.244295  334.858 1.17627e-07 0.000762581
0.24698  342.505 2.78056e-07 0.000745555
0.249664  352.858 -6.5636e-07 0.000723679
0.252349  367.37 8.72711e-07 0.000695094
0.255034  388.156 -1.12303e-06 0.00065787
0.257718  418.11 1.42286e-06 0.00061074
0.260403  460.85 -1.57105e-06 0.000554098
0.263087  520.406 1.73422e-06 0.000490687
0.265772  600.677 -1.85014e-06 0.000425114
0.268456  704.878 3.20542e-06 0.000362271
0.271141  835.202 1.60926e-05 0.000305745
0.273826  992.628 0.000196532 0.000257282
0.27651  1176.29 0.0014076 0.000217261
0.279195  1381.37 0.0069515 0.000185598
0.281879  1595.59 0.0239653 0.00016227
0.284564  1798.32 0.0596582 0.000147031
0.287248  1967.21 0.110758 0.000138617
0.289933  2089.72 0.161753 0.0001347
0.292617  2168.23 0.200425 0.000133078
0.295302  2214.13 0.224977 0.000132427
0.297987  2239.51 0.23903 0.000132151
0.300671  2253.15 0.246628 0.000132017
0.303356  2260.47 0.250613 0.000131941
0.30604  2264.47 0.25267 0.00013189
0.308725  2266.75 0.253723 0.000131851
0.311409  2268.16 0.254259 0.000131816
0.314094  2269.13 0.254532 0.000131784
0.316779  2269.88 0.254671 0.000131753
0.319463  2270.52 0.254741 0.000131722
0.322148  2271.1 0.254777 0.000131691
0.324832  2271.66 0.254795 0.000131661
0.327517  2272.21 0.254804 0.00013163
0.330201  2272.75 0.254808 0.000131599
0.332886  2273.3 0.254811 0.000131567
0.33557  2273.85 0.254812 0.000131535
0.338255  2274.4 0.254812 0.000131503
0.34094  2274.96 0.254813 0.000131471
0.343624  2275.52 0.254813 0.000131439
0.346309  2276.09 0.254813 0.000131406
0.348993  2276.66 0.254813 0.000131373
0.351678  2277.24 0.254813 0.000131339
0.354362  2277.82 0.254813 0.000131306
0.357047  2278.41 0.254813 0.000131272
0.359732  2279.01 0.254813 0.000131238
0.362416  2279.61 0.254813 0.000131203
0.365101  2280.21 0.254813 0.000131168
0.367785  2280.82 0.254813 0.000131133
0.37047  2281.43 0.254813 0.000131098
0.373154  2282.05 0.254813 0.000131062
0.375839  2282.68 0.254813 0.000131027
0.378523  2283.31 0.254813 0.00013099
0.381208  2283.95 0.254813 0.000130954
0.383893  2284.59 0.254813 0.000130917
0.386577  2285.24 0.254813 0.00013088
0.389262  2285.89 0.254813 0.000130842
0.391946  2286.55 0.254813 0.000130805
0.394631  2287.21 0.254813 0.000130767
0.397315  2287.88 0.254813 0.000130729
0.4  2288.56 0.254813 0.00013069
0.402685  2289.24 0.254813 0.000130651
0.405369  2289.93 0.254813 0.000130612
0.408054  2290.62 0.254813 0.000130572
0.410738  2291.32 0.254813 0.000130533
0.413423  2292.02 0.254813 0.000130493
0.418792  2293.45 0.254813 0.000130411
0.424161  2294.89 0.254813 0.000130329
0.42953  2296.36 0.254813 0.000130246
0.434899  2297.86 0.254813 0.000130161
0.440268  2299.38 0.254813 0.000130075
0.445638  2300.92 0.254813 0.000129988
0.451007  2302.49 0.254813 0.000129899
0.456376  2304.08 0.254813 0.00012981
0.461745  2305.7 0.254813 0.000129719
0.467114  2307.34 0.254813 0.000129626
0.472483  2309 0.254813 0.000129533
0.477852  2310.69 0.254813 0.000129438
0.483221  2312.41 0.254813 0.000129342
0.488591  2314.15 0.254813 0.000129245
0.49396  2315.91 0.254813 0.000129146
0.499329  2317.71 0.254813 0.000129046
0.504698  2319.52 0.254813 0.000128945
0.510067  2321.37 0.254813 0.000128843
0.515436  2323.24 0.254813 0.000128739
0.520805  2325.13 0.254813 0.000128634
0.526174  2327.06 0.254813 0.000128528
0.531544  2329.01 0.254813 0.00012842
0.536913  2330.98 0.254813 0.000128311
0.542282  2332.98 0.254813 0.000128201
0.547651  2335.01 0.254813 0.00012809
0.55302  2337.07 0.254813 0.000127977
0.558389  2339.16 0.254813 0.000127863
0.563758  2341.27 0.254813 0.000127748
0.569128  2343.41 0.254813 0.000127631
0.574497  2345.57 0.254813 0.000127513
0.579866  2347.77 0.254813 0.000127394
0.585235  2349.99 0.254813 0.000127274
0.590604  2352.24 0.254813 0.000127152
0.595973  2354.52 0.254813 0.000127029
0.601342  2356.82 0.254813 0.000126904
0.606711  2359.16 0.254813 0.000126779
0.612081  2361.52 0.254813 0.000126652
0.61745  2363.91 0.254813 0.000126524
0.622819  2366.33 0.254813 0.000126395
0.628188  2368.78 0.254813 0.000126264
0.633557  2371.26 0.254813 0.000126132
0.638926  2373.76 0.254813 0.000125999
0.644295  2376.3 0.254813 0.000125865
0.649664  2378.86 0.254813 0.000125729
0.655034  2381.45 0.254813 0.000125592
0.660403  2384.08 0.254813 0.000125454
0.665772  2386.72 0.254813 0.000125315
0.671141  2389.4 0.254813 0.000125174
0.67651  2392.11 0.254813 0.000125032
0.681879  2394.85 0.254813 0.00012489
0.687248  2397.62 0.254813 0.000124745
0.692617  2400.41 0.254813 0.0001246
0.697987  2403.24 0.254813 0.000124454
0.703356  2406.09 0.254813 0.000124306
0.708725  2408.97 0.254813 0.000124157
0.714094  2411.88 0.254813 0.000124008
0.719463  2414.82 0.254813 0.000123857
0.724832  2417.79 0.254813 0.000123705
0.730201  2420.78 0.254813 0.000123552
0.73557  2423.8 0.254813 0.000123398
0.74094  2426.84 0.254813 0.000123243
0.746309  2429.9 0.254813 0.000123088
0.751678  2432.97 0.254813 0.000122933
0.757047  2436.04 0.254813 0.000122778
0.762416  2439.09 0.254813 0.000122624
0.767785  2442.1 0.254813 0.000122473
0.773154  2445.01 0.254813 0.000122328
0.778523  2447.75 0.254813 0.00012219
0.783893  2450.21 0.254813 0.000122068
0.789262  2452.2 0.254813 0.000121969
0.794631  2453.43 0.254813 0.000121908
0.8  2453.43 0.254813 0.000121908
