TITLE="Graphics"
VARIABLES= "x", "T", "Y fr", "rho"
-0.0219919  293 0 0.000871523
-0.013745  293 -2.38296e-09 0.000871523
-0.0085906  293 -1.45211e-09 0.000871523
-0.00536913  293 -1.81572e-09 0.000871523
0  293 -8.05685e-10 0.000871523
0.00536913  293 -1.81571e-09 0.000871523
0.0107383  293 -8.0568e-10 0.000871523
0.0161074  293 -1.81571e-09 0.000871523
0.0214765  293 -8.05674e-10 0.000871523
0.0268456  293 -1.8157e-09 0.000871523
0.0322148  293 -8.05669e-10 0.000871523
0.0375839  293 -1.8157e-09 0.000871523
0.042953  293 -8.05665e-10 0.000871523
0.0483221  293 -1.81569e-09 0.000871523
0.0536913  293 -8.0568e-10 0.000871523
0.0590604  293 -1.81561e-09 0.000871523
0.0644295  293 -8.05907e-10 0.000871523
0.0697987  293 -1.81481e-09 0.000871523
0.0751678  293 -8.08768e-10 0.000871523
0.0805369  293 -1.80434e-09 0.000871523
0.085906  293 -8.47503e-10 0.000871523
0.0912752  293 -1.66106e-09 0.000871523
0.0966443  293 -1.36929e-09 0.000871523
0.102013  293 1.87219e-10 0.000871523
0.107383  293 -7.67606e-09 0.000871523
0.112752  293 2.07591e-08 0.000871523
0.118121  293 -7.13866e-08 0.000871523
0.12349  293 2.06799e-07 0.000871523
0.128859  293 -5.79503e-07 0.000871523
0.134228  293 1.49145e-06 0.000871524
0.139597  293 -3.543e-06 0.000871521
0.144966  293 7.59421e-06 0.000871526
0.150336  293 -1.43547e-05 0.000871515
0.15302  293.001 -3.13547e-06 0.00087152
0.155705  293.001 -1.0533e-05 0.000871515
0.158389  293.001 1.99804e-06 0.00087152
0.161074  293.002 -7.7113e-06 0.000871514
0.163758  293.003 3.743e-06 0.000871517
0.166443  293.003 -5.26961e-06 0.00087151
0.169128  293.005 3.39075e-06 0.000871511
0.171812  293.006 -3.56611e-06 0.000871503
0.174497  293.008 2.88948e-06 0.000871499
0.177181  293.011 -2.88972e-06 0.000871488
0.179866  293.015 2.54608e-06 0.00087148
0.18255  293.02 -2.16358e-06 0.000871464
0.185235  293.026 1.54419e-06 0.000871448
0.187919  293.033 -9.58047e-07 0.000871424
0.190604  293.043 5.13123e-07 0.000871396
0.193289  293.055 -2.50079e-07 0.000871359
0.195973  293.071 2.40708e-09 0.000871313
0.198658  293.09 3.66035e-07 0.000871255
0.201342  293.115 -8.41074e-07 0.000871182
0.204027  293.145 1.24416e-06 0.000871092
0.206711  293.184 -1.47585e-06 0.000870976
0.209396  293.232 1.62316e-06 0.000870834
0.212081  293.293 -1.86238e-06 0.00087065
0.214765  293.372 2.19086e-06 0.00087042
0.21745  293.472 -2.45061e-06 0.000870119
0.220134  293.605 2.55251e-06 0.00086973
0.222819  293.781 -2.63728e-06 0.000869205
0.225503  294.022 2.82801e-06 0.000868496
0.228188  294.358 -3.0399e-06 0.000867501
0.230872  294.84 3.11702e-06 0.000866086
0.233557  295.547 -3.13674e-06 0.000864011
0.236242  296.605 3.24808e-06 0.000860931
0.238926  298.218 -3.39515e-06 0.000856272
0.241611  300.709 3.42158e-06 0.000849183
0.244295  304.588 -3.42226e-06 0.000838365
0.24698  310.651 3.5187e-06 0.000822006
0.249664  320.108 -3.58645e-06 0.000797719
0.252349  334.732 3.55613e-06 0.000762869
0.255034  356.986 -3.60995e-06 0.000715309
0.257718  390.028 3.66184e-06 0.000654714
0.260403  437.497 -3.6257e-06 0.000583675
0.263087  503.056 3.68392e-06 0.000507612
0.265772  589.845 -3.6442e-06 0.00043292
0.268456  700.113 4.60126e-06 0.000364737
0.271141  835.137 1.35342e-05 0.000305768
0.273826  995.193 0.000208319 0.00025662
0.27651  1178.96 0.0015241 0.000216784
0.279195  1381.37 0.00748783 0.000185655
0.281879  1590.29 0.0253539 0.000162942
0.284564  1785.95 0.0619713 0.000148253
0.287248  1947.45 0.113363 0.000140247
0.289933  2063.67 0.163902 0.000136586
0.292617  2137.62 0.201858 0.000135109
0.295302  2180.55 0.225816 0.000134541
0.297987  2204.05 0.239484 0.000134317
0.300671  2216.49 0.246862 0.000134222
0.303356  2222.96 0.25073 0.000134178
0.30604  2226.3 0.252727 0.000134156
0.308725  2228.03 0.25375 0.000134144
0.311409  2228.94 0.254272 0.000134137
0.314094  2229.42 0.254538 0.000134132
0.316779  2229.68 0.254673 0.000134128
0.319463  2229.84 0.254742 0.000134125
0.322148  2229.95 0.254777 0.000134122
0.324832  2230.02 0.254795 0.000134119
0.327517  2230.08 0.254804 0.000134116
0.330201  2230.14 0.254808 0.000134113
0.332886  2230.19 0.254811 0.00013411
0.33557  2230.24 0.254812 0.000134107
0.338255  2230.3 0.254812 0.000134104
0.34094  2230.35 0.254813 0.000134101
0.343624  2230.4 0.254813 0.000134098
0.346309  2230.45 0.254813 0.000134095
0.348993  2230.51 0.254813 0.000134091
0.351678  2230.56 0.254813 0.000134088
0.354362  2230.61 0.254813 0.000134085
0.357047  2230.67 0.254813 0.000134081
0.359732  2230.73 0.254813 0.000134078
0.362416  2230.79 0.254813 0.000134075
0.365101  2230.84 0.254813 0.000134071
0.367785  2230.9 0.254813 0.000134068
0.37047  2230.96 0.254813 0.000134064
0.373154  2231.02 0.254813 0.00013406
0.375839  2231.09 0.254813 0.000134057
0.378523  2231.15 0.254813 0.000134053
0.381208  2231.21 0.254813 0.000134049
0.383893  2231.28 0.254813 0.000134045
0.386577  2231.34 0.254813 0.000134041
0.389262  2231.41 0.254813 0.000134037
0.391946  2231.48 0.254813 0.000134033
0.394631  2231.54 0.254813 0.000134029
0.397315  2231.61 0.254813 0.000134025
0.4  2231.68 0.254813 0.000134021
0.402685  2231.76 0.254813 0.000134016
0.405369  2231.83 0.254813 0.000134012
0.408054  2231.9 0.254813 0.000134007
0.410738  2231.98 0.254813 0.000134003
0.413423  2232.05 0.254813 0.000133998
0.418792  2232.21 0.254813 0.000133989
0.424161  2232.37 0.254813 0.00013398
0.42953  2232.53 0.254813 0.00013397
0.434899  2232.7 0.254813 0.00013396
0.440268  2232.87 0.254813 0.000133949
0.445638  2233.05 0.254813 0.000133939
0.451007  2233.23 0.254813 0.000133928
0.456376  2233.42 0.254813 0.000133917
0.461745  2233.61 0.254813 0.000133905
0.467114  2233.81 0.254813 0.000133893
0.472483  2234.01 0.254813 0.000133881
0.477852  2234.22 0.254813 0.000133868
0.483221  2234.44 0.254813 0.000133855
0.488591  2234.66 0.254813 0.000133842
0.49396  2234.88 0.254813 0.000133829
0.499329  2235.12 0.254813 0.000133815
0.504698  2235.36 0.254813 0.0001338
0.510067  2235.6 0.254813 0.000133786
0.515436  2235.85 0.254813 0.000133771
0.520805  2236.11 0.254813 0.000133755
0.526174  2236.38 0.254813 0.000133739
0.531544  2236.65 0.254813 0.000133723
0.536913  2236.93 0.254813 0.000133706
0.542282  2237.21 0.254813 0.000133689
0.547651  2237.51 0.254813 0.000133672
0.55302  2237.81 0.254813 0.000133654
0.558389  2238.12 0.254813 0.000133635
0.563758  2238.43 0.254813 0.000133617
0.569128  2238.76 0.254813 0.000133597
0.574497  2239.09 0.254813 0.000133577
0.579866  2239.43 0.254813 0.000133557
0.585235  2239.78 0.254813 0.000133536
0.590604  2240.14 0.254813 0.000133515
0.595973  2240.5 0.254813 0.000133493
0.601342  2240.88 0.254813 0.000133471
0.606711  2241.26 0.254813 0.000133448
0.612081  2241.65 0.254813 0.000133425
0.61745  2242.05 0.254813 0.000133401
0.622819  2242.47 0.254813 0.000133376
0.628188  2242.89 0.254813 0.000133351
0.633557  2243.32 0.254813 0.000133326
0.638926  2243.76 0.254813 0.000133299
0.644295  2244.21 0.254813 0.000133273
0.649664  2244.67 0.254813 0.000133245
0.655034  2245.14 0.254813 0.000133217
0.660403  2245.62 0.254813 0.000133189
0.665772  2246.11 0.254813 0.00013316
0.671141  2246.62 0.254813 0.00013313
0.67651  2247.13 0.254813 0.000133099
0.681879  2247.66 0.254813 0.000133068
0.687248  2248.19 0.254813 0.000133036
0.692617  2248.74 0.254813 0.000133004
0.697987  2249.3 0.254813 0.000132971
0.703356  2249.87 0.254813 0.000132937
0.708725  2250.46 0.254813 0.000132903
0.714094  2251.05 0.254813 0.000132868
0.719463  2251.66 0.254813 0.000132832
0.724832  2252.28 0.254813 0.000132795
0.730201  2252.91 0.254813 0.000132758
0.73557  2253.55 0.254813 0.00013272
0.74094  2254.2 0.254813 0.000132682
0.746309  2254.87 0.254813 0.000132643
0.751678  2255.54 0.254813 0.000132603
0.757047  2256.22 0.254813 0.000132563
0.762416  2256.9 0.254813 0.000132523
0.767785  2257.57 0.254813 0.000132484
0.773154  2258.22 0.254813 0.000132445
0.778523  2258.85 0.254813 0.000132409
0.783893  2259.41 0.254813 0.000132376
0.789262  2259.86 0.254813 0.000132349
0.794631  2260.14 0.254813 0.000132333
0.8  2260.14 0.254813 0.000132333
