TITLE="Graphics"
VARIABLES= "x", "T", "Y fr", "rho"
-0.0219919  293 0 0.000871523
-0.013745  293 -2.38296e-09 0.000871523
-0.0085906  293 -1.45211e-09 0.000871523
-0.00536913  293 -1.81572e-09 0.000871523
0  293 -8.05685e-10 0.000871523
0.00536913  293 -1.81571e-09 0.000871523
0.0107383  293 -8.0568e-10 0.000871523
0.0161074  293 -1.81571e-09 0.000871523
0.0214765  293 -8.05674e-10 0.000871523
0.0268456  293 -1.8157e-09 0.000871523
0.0322148  293 -8.05669e-10 0.000871523
0.0375839  293 -1.8157e-09 0.000871523
0.042953  293 -8.05666e-10 0.000871523
0.0483221  293 -1.81568e-09 0.000871523
0.0536913  293 -8.05688e-10 0.000871523
0.0590604  293 -1.81559e-09 0.000871523
0.0644295  293 -8.06002e-10 0.000871523
0.0697987  293 -1.81446e-09 0.000871523
0.0751678  293 -8.10025e-10 0.000871523
0.0805369  293 -1.79969e-09 0.000871523
0.085906  293 -8.64643e-10 0.000871523
0.0912752  293 -1.59899e-09 0.000871523
0.0966443  293 -1.58753e-09 0.000871523
0.102013  293 9.25516e-10 0.000871523
0.107383  293 -1.00617e-08 0.000871523
0.112752  293 2.80724e-08 0.000871523
0.118121  293 -9.25094e-08 0.000871523
0.12349  293 2.63809e-07 0.000871523
0.128859  293 -7.21763e-07 0.000871523
0.134228  293 1.81477e-06 0.000871524
0.139597  293 -4.19714e-06 0.000871521
0.144966  293 8.72702e-06 0.000871527
0.150336  293 -1.59023e-05 0.000871514
0.15302  293.001 -3.95442e-06 0.000871519
0.155705  293.001 -1.15845e-05 0.000871515
0.158389  293.001 1.36124e-06 0.00087152
0.161074  293.002 -8.07178e-06 0.000871514
0.163758  293.002 3.20997e-06 0.000871518
0.166443  293.003 -5.21632e-06 0.000871511
0.169128  293.004 3.04537e-06 0.000871512
0.171812  293.006 -3.48639e-06 0.000871504
0.174497  293.008 2.75509e-06 0.000871501
0.177181  293.01 -2.81859e-06 0.000871491
0.179866  293.014 2.38621e-06 0.000871483
0.18255  293.018 -1.9533e-06 0.000871468
0.185235  293.024 1.30241e-06 0.000871453
0.187919  293.031 -7.61349e-07 0.000871431
0.190604  293.04 3.80589e-07 0.000871405
0.193289  293.051 -1.48045e-07 0.000871371
0.195973  293.066 -1.28668e-07 0.000871328
0.198658  293.084 5.40245e-07 0.000871274
0.201342  293.107 -1.01255e-06 0.000871205
0.204027  293.135 1.36184e-06 0.000871121
0.206711  293.172 -1.54806e-06 0.000871012
0.209396  293.217 1.70533e-06 0.000870879
0.212081  293.275 -1.98017e-06 0.000870705
0.214765  293.349 2.30437e-06 0.000870487
0.21745  293.445 -2.51556e-06 0.0008702
0.220134  293.572 2.58923e-06 0.000869828
0.222819  293.741 -2.6973e-06 0.000869322
0.225503  293.975 2.90883e-06 0.000868635
0.228188  294.303 -3.0919e-06 0.000867664
0.230872  294.775 3.13407e-06 0.000866276
0.233557  295.472 -3.16689e-06 0.000864231
0.236242  296.519 3.30103e-06 0.000861181
0.238926  298.121 -3.42574e-06 0.000856552
0.241611  300.6 3.42615e-06 0.000849491
0.244295  304.468 -3.44561e-06 0.000838694
0.24698  310.522 3.55198e-06 0.000822346
0.249664  319.974 -3.5917e-06 0.000798052
0.252349  334.598 3.56376e-06 0.000763175
0.255034  356.859 -3.63533e-06 0.000715565
0.257718  389.915 3.66368e-06 0.000654904
0.260403  437.405 -3.63419e-06 0.000583797
0.263087  502.991 3.70064e-06 0.000507677
0.265772  589.809 -3.64073e-06 0.000432947
0.268456  700.102 4.61867e-06 0.000364742
0.271141  835.144 1.3536e-05 0.000305766
0.273826  995.209 0.000208403 0.000256616
0.27651  1178.98 0.00152472 0.000216781
0.279195  1381.37 0.00749045 0.000185655
0.281879  1590.27 0.0253604 0.000162946
0.284564  1785.89 0.0619815 0.000148259
0.287248  1947.36 0.113374 0.000140255
0.289933  2063.55 0.16391 0.000136594
0.292617  2137.48 0.201863 0.000135118
0.295302  2180.4 0.225819 0.000134551
0.297987  2203.89 0.239486 0.000134327
0.300671  2216.32 0.246863 0.000134232
0.303356  2222.79 0.25073 0.000134189
0.30604  2226.13 0.252727 0.000134167
0.308725  2227.86 0.25375 0.000134155
0.311409  2228.76 0.254272 0.000134148
0.314094  2229.24 0.254538 0.000134143
0.316779  2229.5 0.254673 0.000134139
0.319463  2229.66 0.254742 0.000134136
0.322148  2229.76 0.254777 0.000134133
0.324832  2229.83 0.254795 0.00013413
0.327517  2229.89 0.254804 0.000134128
0.330201  2229.94 0.254808 0.000134125
0.332886  2229.99 0.254811 0.000134122
0.33557  2230.04 0.254812 0.000134119
0.338255  2230.09 0.254812 0.000134116
0.34094  2230.14 0.254813 0.000134114
0.343624  2230.19 0.254813 0.000134111
0.346309  2230.24 0.254813 0.000134108
0.348993  2230.29 0.254813 0.000134105
0.351678  2230.34 0.254813 0.000134102
0.354362  2230.39 0.254813 0.000134098
0.357047  2230.44 0.254813 0.000134095
0.359732  2230.49 0.254813 0.000134092
0.362416  2230.55 0.254813 0.000134089
0.365101  2230.6 0.254813 0.000134086
0.367785  2230.66 0.254813 0.000134082
0.37047  2230.72 0.254813 0.000134079
0.373154  2230.77 0.254813 0.000134075
0.375839  2230.83 0.254813 0.000134072
0.378523  2230.89 0.254813 0.000134068
0.381208  2230.95 0.254813 0.000134065
0.383893  2231.01 0.254813 0.000134061
0.386577  2231.07 0.254813 0.000134057
0.389262  2231.13 0.254813 0.000134054
0.391946  2231.2 0.254813 0.00013405
0.394631  2231.26 0.254813 0.000134046
0.397315  2231.33 0.254813 0.000134042
0.4  2231.39 0.254813 0.000134038
0.402685  2231.46 0.254813 0.000134034
0.405369  2231.53 0.254813 0.00013403
0.408054  2231.6 0.254813 0.000134026
0.410738  2231.67 0.254813 0.000134022
0.413423  2231.74 0.254813 0.000134017
0.418792  2231.89 0.254813 0.000134008
0.424161  2232.04 0.254813 0.000134
0.42953  2232.19 0.254813 0.00013399
0.434899  2232.35 0.254813 0.000133981
0.440268  2232.51 0.254813 0.000133971
0.445638  2232.68 0.254813 0.000133961
0.451007  2232.85 0.254813 0.000133951
0.456376  2233.03 0.254813 0.00013394
0.461745  2233.21 0.254813 0.000133929
0.467114  2233.4 0.254813 0.000133918
0.472483  2233.59 0.254813 0.000133906
0.477852  2233.79 0.254813 0.000133895
0.483221  2233.99 0.254813 0.000133882
0.488591  2234.2 0.254813 0.00013387
0.49396  2234.41 0.254813 0.000133857
0.499329  2234.63 0.254813 0.000133844
0.504698  2234.86 0.254813 0.00013383
0.510067  2235.09 0.254813 0.000133817
0.515436  2235.33 0.254813 0.000133802
0.520805  2235.57 0.254813 0.000133788
0.526174  2235.82 0.254813 0.000133773
0.531544  2236.08 0.254813 0.000133757
0.536913  2236.34 0.254813 0.000133741
0.542282  2236.61 0.254813 0.000133725
0.547651  2236.89 0.254813 0.000133709
0.55302  2237.18 0.254813 0.000133692
0.558389  2237.47 0.254813 0.000133674
0.563758  2237.77 0.254813 0.000133656
0.569128  2238.07 0.254813 0.000133638
0.574497  2238.39 0.254813 0.000133619
0.579866  2238.71 0.254813 0.0001336
0.585235  2239.04 0.254813 0.00013358
0.590604  2239.38 0.254813 0.00013356
0.595973  2239.73 0.254813 0.000133539
0.601342  2240.08 0.254813 0.000133518
0.606711  2240.45 0.254813 0.000133496
0.612081  2240.82 0.254813 0.000133474
0.61745  2241.2 0.254813 0.000133451
0.622819  2241.59 0.254813 0.000133428
0.628188  2241.99 0.254813 0.000133404
0.633557  2242.4 0.254813 0.00013338
0.638926  2242.82 0.254813 0.000133355
0.644295  2243.25 0.254813 0.00013333
0.649664  2243.69 0.254813 0.000133304
0.655034  2244.14 0.254813 0.000133277
0.660403  2244.6 0.254813 0.00013325
0.665772  2245.07 0.254813 0.000133222
0.671141  2245.54 0.254813 0.000133193
0.67651  2246.03 0.254813 0.000133164
0.681879  2246.54 0.254813 0.000133135
0.687248  2247.05 0.254813 0.000133104
0.692617  2247.57 0.254813 0.000133073
0.697987  2248.1 0.254813 0.000133042
0.703356  2248.65 0.254813 0.000133009
0.708725  2249.21 0.254813 0.000132977
0.714094  2249.77 0.254813 0.000132943
0.719463  2250.35 0.254813 0.000132909
0.724832  2250.95 0.254813 0.000132874
0.730201  2251.55 0.254813 0.000132838
0.73557  2252.16 0.254813 0.000132802
0.74094  2252.79 0.254813 0.000132765
0.746309  2253.42 0.254813 0.000132728
0.751678  2254.07 0.254813 0.00013269
0.757047  2254.71 0.254813 0.000132652
0.762416  2255.36 0.254813 0.000132614
0.767785  2256.01 0.254813 0.000132576
0.773154  2256.64 0.254813 0.000132539
0.778523  2257.23 0.254813 0.000132504
0.783893  2257.77 0.254813 0.000132472
0.789262  2258.21 0.254813 0.000132447
0.794631  2258.48 0.254813 0.000132431
0.8  2258.48 0.254813 0.000132431
