TITLE="Graphics"
VARIABLES= "x", "T", "Y fr", "rho"
-0.0219919  293 0 0.000871523
-0.013745  293 -1.25674e-07 0.000871523
-0.0085906  293 -7.65827e-08 0.000871523
-0.00536913  293 -9.5759e-08 0.000871523
0  293 -4.24914e-08 0.000871523
0.00536913  293 -9.5759e-08 0.000871523
0.0107383  293 -4.24914e-08 0.000871523
0.0161074  293 -9.5759e-08 0.000871523
0.0214765  293 -4.24914e-08 0.000871523
0.0268456  293 -9.5759e-08 0.000871523
0.0322148  293 -4.24914e-08 0.000871523
0.0375839  293 -9.5759e-08 0.000871523
0.042953  293 -4.24914e-08 0.000871523
0.0483221  293 -9.57588e-08 0.000871523
0.0536913  293 -4.24922e-08 0.000871523
0.0590604  293 -9.57553e-08 0.000871523
0.0644295  293 -4.25066e-08 0.000871523
0.0697987  293 -9.56986e-08 0.000871523
0.0751678  293 -4.27188e-08 0.000871523
0.0805369  293 -9.49397e-08 0.000871523
0.085906  293 -4.53075e-08 0.000871523
0.0912752  293 -8.6551e-08 0.000871523
0.0966443  293 -7.09772e-08 0.000871523
0.102013  293 -1.30117e-08 0.000871523
0.107383  293 -2.65669e-07 0.000871523
0.112752  293 4.53224e-07 0.000871523
0.118121  293 -1.23517e-06 0.000871523
0.12349  293 2.03443e-06 0.000871524
0.128859  293 -2.47796e-06 0.000871522
0.134228  293 -1.84685e-06 0.000871522
0.139597  293 2.12174e-05 0.000871534
0.144966  293 -7.87901e-05 0.000871484
0.150336  293 0.000206051 0.000871626
0.15302  293 8.12507e-06 0.000871527
0.155705  293 0.000147861 0.000871597
0.158389  293 -9.50821e-05 0.000871476
0.161074  293 0.000132718 0.00087159
0.163758  293 -0.000132473 0.000871457
0.166443  293 0.00012774 0.000871587
0.169128  293 -0.000136379 0.000871455
0.171812  293 0.000131024 0.000871589
0.174497  293 -0.000143291 0.000871451
0.177181  293 0.000145949 0.000871596
0.179866  293 -0.000154034 0.000871445
0.18255  293 0.000153412 0.000871599
0.185235  293.001 -0.000153098 0.000871445
0.187919  293.001 0.000151685 0.000871597
0.190604  293.001 -0.000154357 0.000871443
0.193289  293.002 0.000158341 0.000871597
0.195973  293.002 -0.000161405 0.000871435
0.198658  293.003 0.000160875 0.000871594
0.201342  293.005 -0.000159146 0.000871429
0.204027  293.007 0.00015911 0.000871583
0.206711  293.009 -0.000161929 0.000871414
0.209396  293.013 0.000164224 0.000871567
0.212081  293.018 -0.000163862 0.000871389
0.214765  293.024 0.00016191 0.000871533
0.21745  293.033 -0.000162189 0.000871345
0.220134  293.044 0.00016441 0.000871475
0.222819  293.059 -0.000165642 0.000871266
0.225503  293.078 0.00016407 0.000871372
0.228188  293.104 -0.000163055 0.000871132
0.230872  293.139 0.000164378 0.000871192
0.233557  293.187 -0.000166021 0.000870884
0.236242  293.255 0.000164942 0.000870848
0.238926  293.357 -0.000163693 0.000870382
0.241611  293.519 0.000164605 0.000870065
0.244295  293.795 -0.000166041 0.000869083
0.24698  294.295 0.000164964 0.000867772
0.249664  295.248 -0.000164072 0.000864807
0.252349  297.127 0.000165101 0.000859498
0.255034  300.909 -0.000165766 0.000848534
0.257718  308.555 0.000164475 0.000827665
0.260403  323.85 -0.000164794 0.000788426
0.263087  353.485 0.000165533 0.000722464
0.265772  407.679 -0.000164668 0.000626307
0.268456  498.755 0.000165027 0.000512036
0.271141  637.599 -0.000165231 0.000400459
0.273826  830.72 0.000167115 0.000307421
0.27651  1080.07 -3.8353e-05 0.00023642
0.279195  1381.37 0.00241749 0.000185114
0.281879  1714 0.016105 0.000150373
0.284564  2031.4 0.058559 0.000130076
0.287248  2282.62 0.121395 0.000120247
0.289933  2448.47 0.177203 0.000116098
0.292617  2543.68 0.213873 0.000114433
0.295302  2593.67 0.234339 0.00011375
0.297987  2618.64 0.244848 0.000113456
0.300671  2630.79 0.250027 0.000113324
0.303356  2636.64 0.252529 0.000113263
0.30604  2639.44 0.253726 0.000113233
0.308725  2640.79 0.254297 0.000113219
0.311409  2641.44 0.254568 0.000113212
0.314094  2641.76 0.254697 0.000113208
0.316779  2641.93 0.254758 0.000113206
0.319463  2642.02 0.254787 0.000113204
0.322148  2642.07 0.254801 0.000113202
0.324832  2642.11 0.254807 0.000113201
0.327517  2642.14 0.25481 0.0001132
0.330201  2642.17 0.254812 0.000113199
0.332886  2642.2 0.254812 0.000113198
0.33557  2642.23 0.254813 0.000113197
0.338255  2642.25 0.254813 0.000113196
0.34094  2642.28 0.254813 0.000113195
0.343624  2642.31 0.254813 0.000113193
0.346309  2642.33 0.254813 0.000113192
0.348993  2642.36 0.254813 0.000113191
0.351678  2642.39 0.254813 0.00011319
0.354362  2642.42 0.254813 0.000113189
0.357047  2642.45 0.254813 0.000113187
0.359732  2642.48 0.254813 0.000113186
0.362416  2642.51 0.254813 0.000113185
0.365101  2642.54 0.254813 0.000113183
0.367785  2642.57 0.254813 0.000113182
0.37047  2642.6 0.254813 0.000113181
0.373154  2642.63 0.254813 0.000113179
0.375839  2642.67 0.254813 0.000113178
0.378523  2642.7 0.254813 0.000113177
0.381208  2642.73 0.254813 0.000113175
0.383893  2642.77 0.254813 0.000113174
0.386577  2642.8 0.254813 0.000113172
0.389262  2642.84 0.254813 0.000113171
0.391946  2642.87 0.254813 0.000113169
0.394631  2642.91 0.254813 0.000113168
0.397315  2642.94 0.254813 0.000113166
0.4  2642.98 0.254813 0.000113164
0.402685  2643.02 0.254813 0.000113163
0.405369  2643.06 0.254813 0.000113161
0.408054  2643.1 0.254813 0.00011316
0.410738  2643.14 0.254813 0.000113158
0.413423  2643.18 0.254813 0.000113156
0.418792  2643.26 0.254813 0.000113153
0.424161  2643.34 0.254813 0.000113149
0.42953  2643.43 0.254813 0.000113145
0.434899  2643.52 0.254813 0.000113142
0.440268  2643.61 0.254813 0.000113138
0.445638  2643.7 0.254813 0.000113134
0.451007  2643.8 0.254813 0.00011313
0.456376  2643.89 0.254813 0.000113125
0.461745  2644 0.254813 0.000113121
0.467114  2644.1 0.254813 0.000113117
0.472483  2644.21 0.254813 0.000113112
0.477852  2644.32 0.254813 0.000113107
0.483221  2644.43 0.254813 0.000113103
0.488591  2644.55 0.254813 0.000113098
0.49396  2644.66 0.254813 0.000113093
0.499329  2644.79 0.254813 0.000113087
0.504698  2644.91 0.254813 0.000113082
0.510067  2645.04 0.254813 0.000113076
0.515436  2645.17 0.254813 0.000113071
0.520805  2645.3 0.254813 0.000113065
0.526174  2645.44 0.254813 0.000113059
0.531544  2645.58 0.254813 0.000113053
0.536913  2645.73 0.254813 0.000113047
0.542282  2645.88 0.254813 0.000113041
0.547651  2646.03 0.254813 0.000113034
0.55302  2646.19 0.254813 0.000113027
0.558389  2646.35 0.254813 0.000113021
0.563758  2646.51 0.254813 0.000113014
0.569128  2646.68 0.254813 0.000113006
0.574497  2646.85 0.254813 0.000112999
0.579866  2647.03 0.254813 0.000112992
0.585235  2647.21 0.254813 0.000112984
0.590604  2647.39 0.254813 0.000112976
0.595973  2647.58 0.254813 0.000112968
0.601342  2647.77 0.254813 0.00011296
0.606711  2647.97 0.254813 0.000112951
0.612081  2648.17 0.254813 0.000112943
0.61745  2648.38 0.254813 0.000112934
0.622819  2648.59 0.254813 0.000112925
0.628188  2648.81 0.254813 0.000112915
0.633557  2649.03 0.254813 0.000112906
0.638926  2649.26 0.254813 0.000112896
0.644295  2649.49 0.254813 0.000112886
0.649664  2649.73 0.254813 0.000112876
0.655034  2649.97 0.254813 0.000112866
0.660403  2650.22 0.254813 0.000112856
0.665772  2650.47 0.254813 0.000112845
0.671141  2650.73 0.254813 0.000112834
0.67651  2650.99 0.254813 0.000112823
0.681879  2651.26 0.254813 0.000112811
0.687248  2651.54 0.254813 0.000112799
0.692617  2651.82 0.254813 0.000112787
0.697987  2652.1 0.254813 0.000112775
0.703356  2652.4 0.254813 0.000112763
0.708725  2652.69 0.254813 0.00011275
0.714094  2653 0.254813 0.000112737
0.719463  2653.31 0.254813 0.000112724
0.724832  2653.62 0.254813 0.000112711
0.730201  2653.95 0.254813 0.000112697
0.73557  2654.28 0.254813 0.000112683
0.74094  2654.61 0.254813 0.000112669
0.746309  2654.95 0.254813 0.000112654
0.751678  2655.3 0.254813 0.00011264
0.757047  2655.65 0.254813 0.000112625
0.762416  2656.01 0.254813 0.000112609
0.767785  2656.37 0.254813 0.000112594
0.773154  2656.73 0.254813 0.000112579
0.778523  2657.08 0.254813 0.000112564
0.783893  2657.4 0.254813 0.00011255
0.789262  2657.68 0.254813 0.000112539
0.794631  2657.87 0.254813 0.000112531
0.8  2657.87 0.254813 0.000112531
