TITLE="Graphics"
VARIABLES= "x", "T", "Y fr", "rho"
-0.0302389  293 0 0.000871523
-0.0118121  293 -0.0090655 0.000867013
0.00201342  293 -0.00452488 0.000869266
0.0127517  293 -0.00731483 0.00086788
0.0234899  293 -0.00267424 0.000870188
0.0342282  293 -0.00471537 0.000869171
0.0449664  293 -0.00286718 0.000870092
0.0530201  293 -0.00639343 0.000868337
0.0583893  293 -0.0068184 0.000868126
0.0637584  293 -0.00868889 0.000867199
0.0691275  293 -0.00893864 0.000867075
0.0744966  293 -0.0102847 0.00086641
0.0798658  293 -0.0091768 0.000866958
0.0852349  293 -0.00890503 0.000867092
0.090604  293 -0.00673665 0.000868167
0.0959732  293 -0.00586735 0.000868599
0.101342  293 -0.00333435 0.000869859
0.106711  293 -0.00219361 0.000870427
0.112081  293 0.000399456 0.000871723
0.11745  293 0.00146838 0.000872258
0.122819  293 0.00347487 0.000873264
0.128188  292.999 0.00344362 0.000873251
0.133557  293.002 0.00447082 0.00087376
0.138926  292.996 0.00404437 0.000873563
0.144295  293.011 0.00542211 0.000874209
0.149664  292.969 0.00550209 0.000874376
0.155034  293.085 0.0071484 0.00087486
0.15906  292.887 0.00716011 0.000875457
0.161074  293.171 0.00737005 0.000874714
0.162416  294.838 0.00735882 0.000869762
0.163423  298.725 0.007386 0.00085846
0.164094  304.254 0.00736718 0.00084285
0.164765  313.754 0.00736241 0.000817327
0.165436  329.797 0.00732985 0.000777555
0.166107  356.168 0.00731356 0.000719975
0.166779  397.882 0.0072734 0.000644478
0.16745  460.646 0.00725387 0.000556661
0.168121  549.814 0.0072152 0.000466372
0.168624  637.277 0.00720185 0.000402362
0.16896  706.066 0.00718771 0.000363159
0.169295  783.18 0.00718077 0.0003274
0.169631  868.698 0.00717509 0.000295168
0.169966  962.606 0.00719864 0.000266376
0.170302  1064.78 0.00729648 0.000240828
0.170638  1174.95 0.00762282 0.000218288
0.170973  1292.56 0.00847721 0.000198525
0.171225  1385.04 0.00983977 0.000185414
0.171393  1448.38 0.011287 0.000177454
0.17156  1512.79 0.0132873 0.000170096
0.171728  1577.97 0.0159732 0.000163323
0.171896  1643.59 0.0194809 0.000157122
0.172064  1709.25 0.02394 0.000151477
0.172232  1774.54 0.0294622 0.000146375
0.172399  1839 0.036129 0.000141796
0.172567  1902.17 0.0439801 0.000137721
0.172735  1963.58 0.053005 0.000134126
0.172903  2022.78 0.0631372 0.000130986
0.17307  2079.38 0.0742545 0.00012827
0.173238  2132.99 0.0861836 0.000125946
0.173406  2183.33 0.0987101 0.00012398
0.173574  2230.16 0.111592 0.000122335
0.173742  2273.33 0.124576 0.000120975
0.173909  2312.77 0.137414 0.000119863
0.174077  2348.48 0.149879 0.000118965
0.174245  2380.54 0.161774 0.000118246
0.174413  2409.09 0.172946 0.000117676
0.174581  2434.31 0.183284 0.000117229
0.174748  2456.43 0.192719 0.000116881
0.174916  2475.7 0.201226 0.000116611
0.175084  2492.38 0.20881 0.000116403
0.175252  2506.75 0.215506 0.000116243
0.175419  2519.06 0.221365 0.000116121
0.175587  2529.56 0.226452 0.000116027
0.175755  2538.48 0.230841 0.000115955
0.175923  2546.04 0.234605 0.000115899
0.176091  2552.43 0.237817 0.000115856
0.176258  2557.8 0.240547 0.000115822
0.176426  2562.33 0.242858 0.000115796
0.176594  2566.12 0.244808 0.000115776
0.176762  2569.3 0.246451 0.000115759
0.17693  2571.96 0.247831 0.000115746
0.177097  2574.18 0.248988 0.000115736
0.177265  2576.04 0.249957 0.000115727
0.177433  2577.6 0.250767 0.00011572
0.177601  2578.89 0.251443 0.000115715
0.177768  2579.97 0.252008 0.00011571
0.177936  2580.88 0.252479 0.000115706
0.178104  2581.63 0.252871 0.000115703
0.178272  2582.26 0.253198 0.0001157
0.17844  2582.78 0.25347 0.000115698
0.178607  2583.22 0.253696 0.000115696
0.178775  2583.59 0.253885 0.000115694
0.178943  2583.89 0.254041 0.000115692
0.179111  2584.15 0.254172 0.000115691
0.179279  2584.36 0.25428 0.00011569
0.179446  2584.54 0.25437 0.000115689
0.179614  2584.7 0.254445 0.000115688
0.179782  2584.82 0.254507 0.000115687
0.17995  2584.93 0.254559 0.000115686
0.180117  2585.02 0.254602 0.000115685
0.180285  2585.1 0.254638 0.000115685
0.180453  2585.17 0.254667 0.000115684
0.180621  2585.23 0.254692 0.000115683
0.180789  2585.28 0.254712 0.000115683
0.180956  2585.32 0.254729 0.000115682
0.181124  2585.36 0.254744 0.000115681
0.181292  2585.39 0.254755 0.000115681
0.18146  2585.42 0.254765 0.00011568
0.181628  2585.45 0.254773 0.00011568
0.181795  2585.47 0.25478 0.000115679
0.181921  2585.49 0.254784 0.000115679
0.182005  2585.5 0.254787 0.000115678
0.182089  2585.51 0.254789 0.000115678
0.182173  2585.52 0.254791 0.000115678
0.182257  2585.53 0.254793 0.000115678
0.182341  2585.54 0.254795 0.000115677
0.182424  2585.55 0.254797 0.000115677
0.182508  2585.55 0.254798 0.000115677
0.182592  2585.56 0.254799 0.000115677
0.182676  2585.57 0.254801 0.000115676
0.18276  2585.58 0.254802 0.000115676
0.182844  2585.59 0.254803 0.000115676
0.182928  2585.59 0.254804 0.000115675
0.183012  2585.6 0.254804 0.000115675
0.183096  2585.61 0.254805 0.000115675
0.18318  2585.61 0.254806 0.000115675
0.183263  2585.62 0.254807 0.000115674
0.183347  2585.63 0.254807 0.000115674
0.183431  2585.64 0.254808 0.000115674
0.183515  2585.64 0.254808 0.000115674
0.183599  2585.65 0.254809 0.000115673
0.183683  2585.66 0.254809 0.000115673
0.183767  2585.66 0.254809 0.000115673
0.183851  2585.67 0.25481 0.000115673
0.183935  2585.67 0.25481 0.000115672
0.184018  2585.68 0.25481 0.000115672
0.184102  2585.69 0.25481 0.000115672
0.184186  2585.69 0.254811 0.000115672
0.18427  2585.7 0.254811 0.000115671
0.184354  2585.71 0.254811 0.000115671
0.184438  2585.71 0.254811 0.000115671
0.184522  2585.72 0.254811 0.00011567
0.184606  2585.72 0.254812 0.00011567
0.18469  2585.73 0.254812 0.00011567
0.184773  2585.74 0.254812 0.00011567
0.184857  2585.74 0.254812 0.000115669
0.184941  2585.75 0.254812 0.000115669
0.185025  2585.75 0.254812 0.000115669
0.185109  2585.76 0.254812 0.000115669
0.185193  2585.77 0.254812 0.000115668
0.185277  2585.77 0.254812 0.000115668
0.185361  2585.78 0.254812 0.000115668
0.185445  2585.78 0.254812 0.000115668
0.185529  2585.79 0.254812 0.000115667
0.185612  2585.8 0.254813 0.000115667
0.185696  2585.8 0.254813 0.000115667
0.18578  2585.81 0.254813 0.000115667
0.185864  2585.81 0.254813 0.000115666
0.185948  2585.82 0.254813 0.000115666
0.186032  2585.83 0.254813 0.000115666
0.186116  2585.83 0.254813 0.000115665
0.1862  2585.84 0.254813 0.000115665
0.186284  2585.84 0.254813 0.000115665
0.186367  2585.85 0.254813 0.000115665
0.186451  2585.86 0.254813 0.000115664
0.186535  2585.86 0.254813 0.000115664
0.186619  2585.87 0.254813 0.000115664
0.186703  2585.87 0.254813 0.000115664
0.186787  2585.88 0.254813 0.000115663
0.186871  2585.89 0.254813 0.000115663
0.186955  2585.89 0.254813 0.000115663
0.187039  2585.9 0.254813 0.000115663
0.187122  2585.9 0.254813 0.000115662
0.187206  2585.91 0.254813 0.000115662
0.18729  2585.92 0.254813 0.000115662
0.187374  2585.92 0.254813 0.000115661
0.187458  2585.93 0.254813 0.000115661
0.187542  2585.94 0.254813 0.000115661
0.187626  2585.94 0.254813 0.000115661
0.18771  2585.95 0.254813 0.00011566
0.187794  2585.95 0.254813 0.00011566
0.187878  2585.96 0.254813 0.00011566
0.187961  2585.97 0.254813 0.00011566
0.188045  2585.97 0.254813 0.000115659
0.188129  2585.98 0.254813 0.000115659
0.188213  2585.98 0.254813 0.000115659
0.188297  2585.99 0.254813 0.000115658
0.188381  2586 0.254813 0.000115658
0.188465  2586 0.254813 0.000115658
0.188549  2586.01 0.254813 0.000115658
0.188633  2586.01 0.254813 0.000115657
0.188716  2586.02 0.254813 0.000115657
0.1888  2586.03 0.254813 0.000115657
0.188884  2586.03 0.254813 0.000115657
0.188968  2586.04 0.254813 0.000115656
0.189052  2586.04 0.254813 0.000115656
0.189136  2586.05 0.254813 0.000115656
0.18922  2586.06 0.254813 0.000115655
0.189304  2586.06 0.254813 0.000115655
0.189388  2586.07 0.254813 0.000115655
0.189471  2586.07 0.254813 0.000115655
0.189555  2586.08 0.254813 0.000115654
0.189639  2586.09 0.254813 0.000115654
0.189723  2586.09 0.254813 0.000115654
0.189807  2586.1 0.254813 0.000115654
0.189891  2586.11 0.254813 0.000115653
0.190017  2586.11 0.254813 0.000115653
0.190185  2586.13 0.254813 0.000115652
0.190352  2586.14 0.254813 0.000115652
0.19052  2586.15 0.254813 0.000115651
0.190688  2586.16 0.254813 0.000115651
0.190856  2586.18 0.254813 0.00011565
0.191023  2586.19 0.254813 0.00011565
0.191191  2586.2 0.254813 0.000115649
0.191359  2586.21 0.254813 0.000115648
0.191527  2586.23 0.254813 0.000115648
0.191695  2586.24 0.254813 0.000115647
0.191862  2586.25 0.254813 0.000115647
0.19203  2586.26 0.254813 0.000115646
0.192198  2586.28 0.254813 0.000115646
0.192366  2586.29 0.254813 0.000115645
0.192534  2586.3 0.254813 0.000115645
0.192701  2586.31 0.254813 0.000115644
0.192869  2586.33 0.254813 0.000115643
0.193037  2586.34 0.254813 0.000115643
0.193205  2586.35 0.254813 0.000115642
0.193372  2586.36 0.254813 0.000115642
0.19354  2586.38 0.254813 0.000115641
0.193708  2586.39 0.254813 0.000115641
0.193876  2586.4 0.254813 0.00011564
0.194044  2586.42 0.254813 0.000115639
0.194211  2586.43 0.254813 0.000115639
0.194379  2586.44 0.254813 0.000115638
0.194547  2586.45 0.254813 0.000115638
0.194715  2586.47 0.254813 0.000115637
0.194883  2586.48 0.254813 0.000115637
0.19505  2586.49 0.254813 0.000115636
0.195218  2586.5 0.254813 0.000115635
0.19547  2586.52 0.254813 0.000115635
0.195805  2586.55 0.254813 0.000115633
0.196141  2586.58 0.254813 0.000115632
0.196477  2586.6 0.254813 0.000115631
0.196812  2586.63 0.254813 0.00011563
0.197148  2586.65 0.254813 0.000115629
0.197483  2586.68 0.254813 0.000115628
0.197819  2586.71 0.254813 0.000115626
0.198322  2586.74 0.254813 0.000115625
0.198993  2586.8 0.254813 0.000115622
0.199664  2586.85 0.254813 0.00011562
0.200336  2586.9 0.254813 0.000115618
0.202013  2587.04 0.254813 0.000115612
0.20604  2587.37 0.254813 0.000115597
0.211409  2587.82 0.254813 0.000115577
0.216779  2588.28 0.254813 0.000115556
0.222148  2588.76 0.254813 0.000115535
0.227517  2589.25 0.254813 0.000115513
0.232886  2589.75 0.254813 0.000115491
0.238255  2590.26 0.254813 0.000115468
0.243624  2590.78 0.254813 0.000115445
0.248993  2591.31 0.254813 0.000115421
0.254362  2591.85 0.254813 0.000115397
0.259732  2592.39 0.254813 0.000115373
0.265101  2592.94 0.254813 0.000115349
0.27047  2593.49 0.254813 0.000115324
0.275839  2594.04 0.254813 0.000115299
0.281208  2594.6 0.254813 0.000115275
0.286577  2595.15 0.254813 0.00011525
0.291946  2595.71 0.254813 0.000115225
0.297315  2596.27 0.254813 0.000115201
0.302685  2596.82 0.254813 0.000115176
0.308054  2597.37 0.254813 0.000115152
0.313423  2597.92 0.254813 0.000115128
0.324161  2598.99 0.254813 0.00011508
0.334899  2600.04 0.254813 0.000115033
0.345638  2601.05 0.254813 0.000114989
0.356376  2602.02 0.254813 0.000114946
0.367114  2602.94 0.254813 0.000114905
0.377852  2603.81 0.254813 0.000114867
0.388591  2604.62 0.254813 0.000114831
0.39396  2604.99 0.254813 0.000114815
0.399329  2604.99 0.254813 0.000114815
