TITLE="Graphics"
VARIABLES= "x", "T", "Y fr", "rho"
-0.0302389  293 0 0.000871523
-0.0118121  293 -0.0149245 0.000864122
0.00201342  293 -0.00493534 0.000869062
0.0127517  293 -0.010893 0.000866109
0.0234899  293 -0.00743359 0.000867821
0.0342282  293 -0.0139081 0.000864622
0.0449664  293 -0.00932853 0.000866883
0.0530201  293 -0.0124838 0.000865324
0.0583893  293 -0.010859 0.000866126
0.0637584  293 -0.0117521 0.000865685
0.0691275  293 -0.00988251 0.000866608
0.0744966  293 -0.0104467 0.00086633
0.0798658  293 -0.00811353 0.000867484
0.0852349  293 -0.0083967 0.000867344
0.090604  293 -0.00612747 0.000868469
0.0959732  293 -0.0064915 0.000868289
0.101342  293 -0.00440872 0.000869324
0.106711  293 -0.00523565 0.000868913
0.112081  293 -0.00369479 0.000869679
0.11745  293 -0.00503056 0.000869015
0.122819  293 -0.00378866 0.000869632
0.128188  292.999 -0.00525943 0.000868902
0.133557  293.001 -0.00421538 0.000869416
0.138926  292.997 -0.00591656 0.000868584
0.144295  293.008 -0.00483463 0.000869088
0.149664  292.98 -0.00600638 0.000868589
0.155034  293.05 -0.00445834 0.00086915
0.15906  292.943 -0.00486338 0.000869267
0.161074  293.073 -0.00454116 0.00086904
0.162416  294.261 -0.00452198 0.000865542
0.163423  297.362 -0.00440818 0.000856572
0.164094  302.089 -0.00438258 0.00084318
0.164765  310.59 -0.00432011 0.000820131
0.165436  325.621 -0.00429905 0.000782284
0.166107  351.472 -0.00424254 0.00072477
0.166779  394.122 -0.00422926 0.000646343
0.16745  460.646 -0.00418204 0.000553017
0.168121  557.795 -0.00417893 0.0004567
0.168624  654.834 -0.00415402 0.000389028
0.16896  731.859 -0.00415061 0.000348085
0.169295  818.644 -0.0041363 0.000311187
0.169631  915.251 -0.00412204 0.000278343
0.169966  1021.61 -0.00405427 0.000249374
0.170302  1137.51 -0.00384738 0.000223993
0.170638  1262.43 -0.00321945 0.0002019
0.170973  1395.42 -0.00165762 0.000182822
0.171225  1499.43 0.000722508 0.000170373
0.171393  1570.21 0.00315974 0.000162921
0.17156  1641.76 0.00643581 0.000156115
0.171728  1713.63 0.0107076 0.000149936
0.171896  1785.35 0.0161165 0.000144364
0.172064  1856.38 0.0227735 0.000139377
0.172232  1926.19 0.0307444 0.000134952
0.172399  1994.22 0.0400379 0.000131059
0.172567  2059.95 0.0505974 0.00012767
0.172735  2122.86 0.0622998 0.000124749
0.172903  2182.53 0.0749597 0.000122259
0.17307  2238.59 0.0883407 0.000120162
0.173238  2290.74 0.102171 0.000118416
0.173406  2338.8 0.116162 0.000116981
0.173574  2382.66 0.130029 0.000115815
0.173742  2422.32 0.143509 0.000114879
0.173909  2457.86 0.156378 0.000114136
0.174077  2489.42 0.168455 0.000113554
0.174245  2517.23 0.179613 0.000113101
0.174413  2541.54 0.189774 0.000112752
0.174581  2562.65 0.198909 0.000112485
0.174748  2580.85 0.207025 0.000112282
0.174916  2596.46 0.214161 0.000112128
0.175084  2609.77 0.22038 0.000112012
0.175252  2621.08 0.225756 0.000111924
0.175419  2630.64 0.23037 0.000111858
0.175587  2638.69 0.234309 0.000111808
0.175755  2645.46 0.237653 0.000111769
0.175923  2651.13 0.24048 0.00011174
0.176091  2655.87 0.242862 0.000111718
0.176258  2659.83 0.244862 0.000111701
0.176426  2663.13 0.246537 0.000111687
0.176594  2665.87 0.247937 0.000111677
0.176762  2668.15 0.249105 0.000111669
0.17693  2670.04 0.250078 0.000111662
0.177097  2671.61 0.250887 0.000111657
0.177265  2672.91 0.251559 0.000111653
0.177433  2673.99 0.252118 0.00011165
0.177601  2674.88 0.252581 0.000111647
0.177768  2675.62 0.252965 0.000111645
0.177936  2676.23 0.253284 0.000111644
0.178104  2676.73 0.253547 0.000111643
0.178272  2677.15 0.253766 0.000111642
0.17844  2677.49 0.253947 0.000111641
0.178607  2677.78 0.254096 0.00011164
0.178775  2678.01 0.25422 0.00011164
0.178943  2678.2 0.254323 0.000111639
0.179111  2678.36 0.254408 0.000111639
0.179279  2678.49 0.254478 0.000111639
0.179446  2678.6 0.254536 0.000111639
0.179614  2678.68 0.254584 0.000111639
0.179782  2678.76 0.254623 0.000111639
0.17995  2678.81 0.254656 0.000111639
0.180117  2678.86 0.254683 0.000111639
0.180285  2678.9 0.254706 0.000111639
0.180453  2678.93 0.254724 0.000111639
0.180621  2678.95 0.25474 0.000111639
0.180789  2678.97 0.254752 0.00011164
0.180956  2678.99 0.254763 0.00011164
0.181124  2679 0.254772 0.00011164
0.181292  2679.01 0.254779 0.00011164
0.18146  2679.02 0.254785 0.00011164
0.181628  2679.02 0.25479 0.00011164
0.181795  2679.02 0.254794 0.000111641
0.181921  2679.02 0.254796 0.000111641
0.182005  2679.02 0.254798 0.000111641
0.182089  2679.02 0.254799 0.000111641
0.182173  2679.02 0.2548 0.000111641
0.182257  2679.02 0.254802 0.000111641
0.182341  2679.02 0.254803 0.000111641
0.182424  2679.02 0.254804 0.000111641
0.182508  2679.02 0.254804 0.000111641
0.182592  2679.02 0.254805 0.000111642
0.182676  2679.02 0.254806 0.000111642
0.18276  2679.02 0.254807 0.000111642
0.182844  2679.02 0.254807 0.000111642
0.182928  2679.01 0.254808 0.000111642
0.183012  2679.01 0.254808 0.000111642
0.183096  2679.01 0.254809 0.000111642
0.18318  2679.01 0.254809 0.000111642
0.183263  2679.01 0.254809 0.000111642
0.183347  2679.01 0.25481 0.000111643
0.183431  2679 0.25481 0.000111643
0.183515  2679 0.25481 0.000111643
0.183599  2679 0.254811 0.000111643
0.183683  2679 0.254811 0.000111643
0.183767  2679 0.254811 0.000111643
0.183851  2678.99 0.254811 0.000111643
0.183935  2678.99 0.254811 0.000111643
0.184018  2678.99 0.254811 0.000111643
0.184102  2678.99 0.254812 0.000111643
0.184186  2678.99 0.254812 0.000111644
0.18427  2678.98 0.254812 0.000111644
0.184354  2678.98 0.254812 0.000111644
0.184438  2678.98 0.254812 0.000111644
0.184522  2678.98 0.254812 0.000111644
0.184606  2678.97 0.254812 0.000111644
0.18469  2678.97 0.254812 0.000111644
0.184773  2678.97 0.254812 0.000111644
0.184857  2678.97 0.254812 0.000111644
0.184941  2678.96 0.254812 0.000111644
0.185025  2678.96 0.254813 0.000111645
0.185109  2678.96 0.254813 0.000111645
0.185193  2678.96 0.254813 0.000111645
0.185277  2678.95 0.254813 0.000111645
0.185361  2678.95 0.254813 0.000111645
0.185445  2678.95 0.254813 0.000111645
0.185529  2678.95 0.254813 0.000111645
0.185612  2678.94 0.254813 0.000111645
0.185696  2678.94 0.254813 0.000111645
0.18578  2678.94 0.254813 0.000111645
0.185864  2678.94 0.254813 0.000111646
0.185948  2678.94 0.254813 0.000111646
0.186032  2678.93 0.254813 0.000111646
0.186116  2678.93 0.254813 0.000111646
0.1862  2678.93 0.254813 0.000111646
0.186284  2678.93 0.254813 0.000111646
0.186367  2678.92 0.254813 0.000111646
0.186451  2678.92 0.254813 0.000111646
0.186535  2678.92 0.254813 0.000111646
0.186619  2678.92 0.254813 0.000111647
0.186703  2678.91 0.254813 0.000111647
0.186787  2678.91 0.254813 0.000111647
0.186871  2678.91 0.254813 0.000111647
0.186955  2678.91 0.254813 0.000111647
0.187039  2678.9 0.254813 0.000111647
0.187122  2678.9 0.254813 0.000111647
0.187206  2678.9 0.254813 0.000111647
0.18729  2678.9 0.254813 0.000111647
0.187374  2678.89 0.254813 0.000111647
0.187458  2678.89 0.254813 0.000111648
0.187542  2678.89 0.254813 0.000111648
0.187626  2678.89 0.254813 0.000111648
0.18771  2678.88 0.254813 0.000111648
0.187794  2678.88 0.254813 0.000111648
0.187878  2678.88 0.254813 0.000111648
0.187961  2678.88 0.254813 0.000111648
0.188045  2678.87 0.254813 0.000111648
0.188129  2678.87 0.254813 0.000111648
0.188213  2678.87 0.254813 0.000111648
0.188297  2678.87 0.254813 0.000111649
0.188381  2678.86 0.254813 0.000111649
0.188465  2678.86 0.254813 0.000111649
0.188549  2678.86 0.254813 0.000111649
0.188633  2678.86 0.254813 0.000111649
0.188716  2678.85 0.254813 0.000111649
0.1888  2678.85 0.254813 0.000111649
0.188884  2678.85 0.254813 0.000111649
0.188968  2678.85 0.254813 0.000111649
0.189052  2678.85 0.254813 0.000111649
0.189136  2678.84 0.254813 0.00011165
0.18922  2678.84 0.254813 0.00011165
0.189304  2678.84 0.254813 0.00011165
0.189388  2678.84 0.254813 0.00011165
0.189471  2678.83 0.254813 0.00011165
0.189555  2678.83 0.254813 0.00011165
0.189639  2678.83 0.254813 0.00011165
0.189723  2678.83 0.254813 0.00011165
0.189807  2678.82 0.254813 0.00011165
0.189891  2678.82 0.254813 0.00011165
0.190017  2678.82 0.254813 0.000111651
0.190185  2678.81 0.254813 0.000111651
0.190352  2678.81 0.254813 0.000111651
0.19052  2678.8 0.254813 0.000111651
0.190688  2678.8 0.254813 0.000111651
0.190856  2678.79 0.254813 0.000111652
0.191023  2678.79 0.254813 0.000111652
0.191191  2678.78 0.254813 0.000111652
0.191359  2678.78 0.254813 0.000111652
0.191527  2678.77 0.254813 0.000111652
0.191695  2678.77 0.254813 0.000111653
0.191862  2678.77 0.254813 0.000111653
0.19203  2678.76 0.254813 0.000111653
0.192198  2678.76 0.254813 0.000111653
0.192366  2678.75 0.254813 0.000111653
0.192534  2678.75 0.254813 0.000111654
0.192701  2678.74 0.254813 0.000111654
0.192869  2678.74 0.254813 0.000111654
0.193037  2678.73 0.254813 0.000111654
0.193205  2678.73 0.254813 0.000111654
0.193372  2678.72 0.254813 0.000111655
0.19354  2678.72 0.254813 0.000111655
0.193708  2678.71 0.254813 0.000111655
0.193876  2678.71 0.254813 0.000111655
0.194044  2678.7 0.254813 0.000111655
0.194211  2678.7 0.254813 0.000111656
0.194379  2678.69 0.254813 0.000111656
0.194547  2678.69 0.254813 0.000111656
0.194715  2678.69 0.254813 0.000111656
0.194883  2678.68 0.254813 0.000111656
0.19505  2678.68 0.254813 0.000111657
0.195218  2678.67 0.254813 0.000111657
0.19547  2678.66 0.254813 0.000111657
0.195805  2678.66 0.254813 0.000111657
0.196141  2678.65 0.254813 0.000111658
0.196477  2678.64 0.254813 0.000111658
0.196812  2678.63 0.254813 0.000111659
0.197148  2678.62 0.254813 0.000111659
0.197483  2678.61 0.254813 0.000111659
0.197819  2678.6 0.254813 0.00011166
0.198322  2678.59 0.254813 0.00011166
0.198993  2678.57 0.254813 0.000111661
0.199664  2678.55 0.254813 0.000111662
0.200336  2678.53 0.254813 0.000111662
0.202013  2678.49 0.254813 0.000111664
0.20604  2678.39 0.254813 0.000111669
0.211409  2678.25 0.254813 0.000111674
0.216779  2678.13 0.254813 0.000111679
0.222148  2678.01 0.254813 0.000111684
0.227517  2677.89 0.254813 0.000111689
0.232886  2677.79 0.254813 0.000111694
0.238255  2677.69 0.254813 0.000111698
0.243624  2677.59 0.254813 0.000111702
0.248993  2677.51 0.254813 0.000111705
0.254362  2677.43 0.254813 0.000111709
0.259732  2677.36 0.254813 0.000111712
0.265101  2677.29 0.254813 0.000111714
0.27047  2677.23 0.254813 0.000111717
0.275839  2677.18 0.254813 0.000111719
0.281208  2677.14 0.254813 0.000111721
0.286577  2677.1 0.254813 0.000111722
0.291946  2677.07 0.254813 0.000111723
0.297315  2677.05 0.254813 0.000111724
0.302685  2677.04 0.254813 0.000111725
0.308054  2677.03 0.254813 0.000111725
0.313423  2677.03 0.254813 0.000111725
0.324161  2677.05 0.254813 0.000111724
0.334899  2677.11 0.254813 0.000111722
0.345638  2677.2 0.254813 0.000111718
0.356376  2677.31 0.254813 0.000111713
0.367114  2677.46 0.254813 0.000111707
0.377852  2677.63 0.254813 0.0001117
0.388591  2677.84 0.254813 0.000111691
0.39396  2677.95 0.254813 0.000111687
0.399329  2677.95 0.254813 0.000111687
