TITLE="Graphics"
VARIABLES= "x", "T", "Y fr", "rho"
-0.0302389  293 0 0.000871523
-0.0118121  293 -0.00842164 0.000867331
0.00201342  293 -0.00402479 0.000869515
0.0127517  293 -0.0074635 0.000867806
0.0234899  293 -0.00427925 0.000869388
0.0342282  293 -0.00639075 0.000868339
0.0449664  293 -0.0036029 0.000869725
0.0530201  293 -0.00579854 0.000868633
0.0583893  293 -0.00507186 0.000868994
0.0637584  293 -0.00621018 0.000868428
0.0691275  293 -0.00521457 0.000868923
0.0744966  293 -0.00619945 0.000868434
0.0798658  293 -0.00503338 0.000869013
0.0852349  293 -0.00626239 0.000868402
0.090604  293 -0.00461511 0.000869221
0.0959732  293 -0.00573459 0.000868665
0.101342  293 -0.00386483 0.000869595
0.106711  293 -0.00541069 0.000868826
0.112081  293 -0.00388044 0.000869587
0.11745  293 -0.00548533 0.000868789
0.122819  293 -0.00418673 0.000869434
0.128188  292.999 -0.00592186 0.000868573
0.133557  293.001 -0.00505245 0.000868999
0.138926  292.997 -0.00686592 0.000868113
0.144295  293.009 -0.00599572 0.000868509
0.149664  292.979 -0.00705745 0.000868071
0.155034  293.051 -0.00550395 0.000868627
0.15906  292.944 -0.00579599 0.000868799
0.161074  293.072 -0.00540919 0.000868613
0.162416  294.251 -0.00533729 0.000865169
0.163423  297.333 -0.00518011 0.000856276
0.164094  302.039 -0.00512382 0.000842961
0.164765  310.511 -0.00502939 0.000820008
0.165436  325.507 -0.00497599 0.000782255
0.166107  351.333 -0.00488709 0.000724788
0.166779  394.003 -0.00484337 0.000646311
0.16745  460.646 -0.00476805 0.000552831
0.168121  558.078 -0.00474118 0.000456322
0.168624  655.478 -0.00470067 0.000388525
0.16896  732.822 -0.00468825 0.000347521
0.169295  819.989 -0.00466559 0.000310583
0.169631  917.039 -0.00464375 0.000277717
0.169966  1023.91 -0.00456788 0.000248742
0.170302  1140.36 -0.00435024 0.000223368
0.170638  1265.89 -0.00370273 0.000201293
0.170973  1399.51 -0.00210252 0.000182242
0.171225  1503.98 0.000328374 0.000169819
0.171393  1575.07 0.00281295 0.000162386
0.17156  1646.9 0.00614839 0.000155602
0.171728  1719.04 0.010492 0.000149446
0.171896  1790.99 0.0159849 0.000143898
0.172064  1862.23 0.0227363 0.000138937
0.172232  1932.2 0.0308096 0.000134537
0.172399  2000.36 0.0402095 0.00013067
0.172567  2066.17 0.0508752 0.000127306
0.172735  2129.14 0.0626789 0.000124409
0.172903  2188.81 0.0754304 0.000121943
0.17307  2244.84 0.0888893 0.000119867
0.173238  2296.92 0.10278 0.000118142
0.173406  2344.88 0.116814 0.000116724
0.173574  2388.62 0.130704 0.000115574
0.173742  2428.14 0.14419 0.000114652
0.173909  2463.53 0.157047 0.000113922
0.174077  2494.94 0.169099 0.000113349
0.174245  2522.6 0.180221 0.000112904
0.174413  2546.76 0.190339 0.000112562
0.174581  2567.72 0.199425 0.000112301
0.174748  2585.78 0.207491 0.000112102
0.174916  2601.27 0.214577 0.000111952
0.175084  2614.46 0.220747 0.000111838
0.175252  2625.66 0.226077 0.000111752
0.175419  2635.13 0.23065 0.000111688
0.175587  2643.1 0.234551 0.000111639
0.175755  2649.8 0.237861 0.000111602
0.175923  2655.4 0.240658 0.000111574
0.176091  2660.09 0.243013 0.000111552
0.176258  2664 0.24499 0.000111535
0.176426  2667.25 0.246646 0.000111523
0.176594  2669.95 0.248029 0.000111513
0.176762  2672.2 0.249182 0.000111505
0.17693  2674.06 0.250143 0.000111499
0.177097  2675.61 0.250942 0.000111494
0.177265  2676.88 0.251605 0.000111491
0.177433  2677.94 0.252156 0.000111488
0.177601  2678.81 0.252613 0.000111486
0.177768  2679.54 0.252992 0.000111484
0.177936  2680.13 0.253306 0.000111483
0.178104  2680.62 0.253566 0.000111482
0.178272  2681.03 0.253782 0.000111481
0.17844  2681.36 0.25396 0.000111481
0.178607  2681.63 0.254107 0.000111481
0.178775  2681.85 0.254229 0.000111481
0.178943  2682.03 0.25433 0.000111481
0.179111  2682.18 0.254414 0.000111481
0.179279  2682.3 0.254483 0.000111481
0.179446  2682.4 0.25454 0.000111481
0.179614  2682.48 0.254587 0.000111481
0.179782  2682.54 0.254626 0.000111482
0.17995  2682.59 0.254659 0.000111482
0.180117  2682.63 0.254685 0.000111482
0.180285  2682.66 0.254708 0.000111483
0.180453  2682.68 0.254726 0.000111483
0.180621  2682.7 0.254741 0.000111484
0.180789  2682.71 0.254753 0.000111484
0.180956  2682.72 0.254764 0.000111485
0.181124  2682.72 0.254772 0.000111485
0.181292  2682.72 0.254779 0.000111485
0.18146  2682.72 0.254785 0.000111486
0.181628  2682.72 0.25479 0.000111486
0.181795  2682.72 0.254794 0.000111487
0.181921  2682.71 0.254797 0.000111487
0.182005  2682.71 0.254798 0.000111488
0.182089  2682.7 0.254799 0.000111488
0.182173  2682.7 0.254801 0.000111488
0.182257  2682.7 0.254802 0.000111488
0.182341  2682.69 0.254803 0.000111489
0.182424  2682.69 0.254804 0.000111489
0.182508  2682.68 0.254805 0.000111489
0.182592  2682.68 0.254805 0.000111489
0.182676  2682.67 0.254806 0.00011149
0.18276  2682.67 0.254807 0.00011149
0.182844  2682.66 0.254807 0.00011149
0.182928  2682.66 0.254808 0.00011149
0.183012  2682.65 0.254808 0.000111491
0.183096  2682.65 0.254809 0.000111491
0.18318  2682.64 0.254809 0.000111491
0.183263  2682.64 0.254809 0.000111491
0.183347  2682.63 0.25481 0.000111492
0.183431  2682.62 0.25481 0.000111492
0.183515  2682.62 0.25481 0.000111492
0.183599  2682.61 0.254811 0.000111492
0.183683  2682.61 0.254811 0.000111493
0.183767  2682.6 0.254811 0.000111493
0.183851  2682.6 0.254811 0.000111493
0.183935  2682.59 0.254811 0.000111494
0.184018  2682.58 0.254811 0.000111494
0.184102  2682.58 0.254812 0.000111494
0.184186  2682.57 0.254812 0.000111494
0.18427  2682.57 0.254812 0.000111495
0.184354  2682.56 0.254812 0.000111495
0.184438  2682.55 0.254812 0.000111495
0.184522  2682.55 0.254812 0.000111495
0.184606  2682.54 0.254812 0.000111496
0.18469  2682.53 0.254812 0.000111496
0.184773  2682.53 0.254812 0.000111496
0.184857  2682.52 0.254812 0.000111496
0.184941  2682.52 0.254812 0.000111497
0.185025  2682.51 0.254813 0.000111497
0.185109  2682.5 0.254813 0.000111497
0.185193  2682.5 0.254813 0.000111497
0.185277  2682.49 0.254813 0.000111498
0.185361  2682.49 0.254813 0.000111498
0.185445  2682.48 0.254813 0.000111498
0.185529  2682.47 0.254813 0.000111498
0.185612  2682.47 0.254813 0.000111499
0.185696  2682.46 0.254813 0.000111499
0.18578  2682.45 0.254813 0.000111499
0.185864  2682.45 0.254813 0.0001115
0.185948  2682.44 0.254813 0.0001115
0.186032  2682.44 0.254813 0.0001115
0.186116  2682.43 0.254813 0.0001115
0.1862  2682.42 0.254813 0.000111501
0.186284  2682.42 0.254813 0.000111501
0.186367  2682.41 0.254813 0.000111501
0.186451  2682.4 0.254813 0.000111501
0.186535  2682.4 0.254813 0.000111502
0.186619  2682.39 0.254813 0.000111502
0.186703  2682.39 0.254813 0.000111502
0.186787  2682.38 0.254813 0.000111502
0.186871  2682.37 0.254813 0.000111503
0.186955  2682.37 0.254813 0.000111503
0.187039  2682.36 0.254813 0.000111503
0.187122  2682.35 0.254813 0.000111503
0.187206  2682.35 0.254813 0.000111504
0.18729  2682.34 0.254813 0.000111504
0.187374  2682.34 0.254813 0.000111504
0.187458  2682.33 0.254813 0.000111504
0.187542  2682.32 0.254813 0.000111505
0.187626  2682.32 0.254813 0.000111505
0.18771  2682.31 0.254813 0.000111505
0.187794  2682.3 0.254813 0.000111505
0.187878  2682.3 0.254813 0.000111506
0.187961  2682.29 0.254813 0.000111506
0.188045  2682.29 0.254813 0.000111506
0.188129  2682.28 0.254813 0.000111507
0.188213  2682.27 0.254813 0.000111507
0.188297  2682.27 0.254813 0.000111507
0.188381  2682.26 0.254813 0.000111507
0.188465  2682.25 0.254813 0.000111508
0.188549  2682.25 0.254813 0.000111508
0.188633  2682.24 0.254813 0.000111508
0.188716  2682.23 0.254813 0.000111508
0.1888  2682.23 0.254813 0.000111509
0.188884  2682.22 0.254813 0.000111509
0.188968  2682.22 0.254813 0.000111509
0.189052  2682.21 0.254813 0.000111509
0.189136  2682.2 0.254813 0.00011151
0.18922  2682.2 0.254813 0.00011151
0.189304  2682.19 0.254813 0.00011151
0.189388  2682.18 0.254813 0.00011151
0.189471  2682.18 0.254813 0.000111511
0.189555  2682.17 0.254813 0.000111511
0.189639  2682.17 0.254813 0.000111511
0.189723  2682.16 0.254813 0.000111511
0.189807  2682.15 0.254813 0.000111512
0.189891  2682.15 0.254813 0.000111512
0.190017  2682.14 0.254813 0.000111512
0.190185  2682.13 0.254813 0.000111513
0.190352  2682.11 0.254813 0.000111513
0.19052  2682.1 0.254813 0.000111514
0.190688  2682.09 0.254813 0.000111514
0.190856  2682.07 0.254813 0.000111515
0.191023  2682.06 0.254813 0.000111516
0.191191  2682.05 0.254813 0.000111516
0.191359  2682.04 0.254813 0.000111517
0.191527  2682.02 0.254813 0.000111517
0.191695  2682.01 0.254813 0.000111518
0.191862  2682 0.254813 0.000111518
0.19203  2681.99 0.254813 0.000111519
0.192198  2681.97 0.254813 0.000111519
0.192366  2681.96 0.254813 0.00011152
0.192534  2681.95 0.254813 0.00011152
0.192701  2681.94 0.254813 0.000111521
0.192869  2681.92 0.254813 0.000111521
0.193037  2681.91 0.254813 0.000111522
0.193205  2681.9 0.254813 0.000111522
0.193372  2681.89 0.254813 0.000111523
0.19354  2681.87 0.254813 0.000111523
0.193708  2681.86 0.254813 0.000111524
0.193876  2681.85 0.254813 0.000111524
0.194044  2681.84 0.254813 0.000111525
0.194211  2681.82 0.254813 0.000111525
0.194379  2681.81 0.254813 0.000111526
0.194547  2681.8 0.254813 0.000111527
0.194715  2681.79 0.254813 0.000111527
0.194883  2681.77 0.254813 0.000111528
0.19505  2681.76 0.254813 0.000111528
0.195218  2681.75 0.254813 0.000111529
0.19547  2681.73 0.254813 0.000111529
0.195805  2681.7 0.254813 0.00011153
0.196141  2681.68 0.254813 0.000111531
0.196477  2681.65 0.254813 0.000111533
0.196812  2681.63 0.254813 0.000111534
0.197148  2681.6 0.254813 0.000111535
0.197483  2681.58 0.254813 0.000111536
0.197819  2681.55 0.254813 0.000111537
0.198322  2681.52 0.254813 0.000111538
0.198993  2681.47 0.254813 0.00011154
0.199664  2681.42 0.254813 0.000111542
0.200336  2681.36 0.254813 0.000111545
0.202013  2681.24 0.254813 0.00011155
0.20604  2680.94 0.254813 0.000111562
0.211409  2680.53 0.254813 0.000111579
0.216779  2680.13 0.254813 0.000111596
0.222148  2679.73 0.254813 0.000111613
0.227517  2679.33 0.254813 0.000111629
0.232886  2678.92 0.254813 0.000111646
0.238255  2678.52 0.254813 0.000111663
0.243624  2678.12 0.254813 0.000111679
0.248993  2677.73 0.254813 0.000111696
0.254362  2677.33 0.254813 0.000111713
0.259732  2676.94 0.254813 0.000111729
0.265101  2676.55 0.254813 0.000111745
0.27047  2676.16 0.254813 0.000111762
0.275839  2675.77 0.254813 0.000111778
0.281208  2675.39 0.254813 0.000111794
0.286577  2675.01 0.254813 0.00011181
0.291946  2674.64 0.254813 0.000111825
0.297315  2674.27 0.254813 0.000111841
0.302685  2673.9 0.254813 0.000111856
0.308054  2673.54 0.254813 0.000111871
0.313423  2673.19 0.254813 0.000111886
0.324161  2672.51 0.254813 0.000111914
0.334899  2671.85 0.254813 0.000111942
0.345638  2671.23 0.254813 0.000111968
0.356376  2670.65 0.254813 0.000111992
0.367114  2670.12 0.254813 0.000112014
0.377852  2669.63 0.254813 0.000112035
0.388591  2669.2 0.254813 0.000112053
0.39396  2669 0.254813 0.000112061
0.399329  2669 0.254813 0.000112061
