TITLE="Graphics"
VARIABLES= "x", "T", "Y fr", "rho"
-0.0302389  293 0 0.000871523
-0.0118121  293 -0.00876918 0.000867159
0.00201342  293 -0.00368969 0.000869682
0.0127517  293 -0.00705689 0.000868008
0.0234899  293 -0.00220394 0.000870422
0.0342282  293 -0.00767314 0.000867702
0.0449664  293 -0.00250548 0.000870272
0.0530201  293 -0.00658998 0.00086824
0.0583893  293 -0.00498129 0.000869039
0.0637584  293 -0.00635269 0.000868358
0.0691275  293 -0.00469107 0.000869183
0.0744966  293 -0.00595431 0.000868555
0.0798658  293 -0.00447124 0.000869293
0.0852349  293 -0.00556927 0.000868747
0.090604  293 -0.00432485 0.000869366
0.0959732  293 -0.00569454 0.000868684
0.101342  293 -0.00475173 0.000869153
0.106711  293 -0.0059887 0.000868538
0.112081  293 -0.00483827 0.00086911
0.11745  293 -0.00627978 0.000868394
0.122819  293 -0.00509749 0.000868981
0.128188  293 -0.00653115 0.00086827
0.133557  293.001 -0.00503609 0.000869008
0.138926  292.997 -0.0061168 0.000868483
0.144295  293.007 -0.00444195 0.000869286
0.149664  292.982 -0.0056536 0.00086876
0.155034  293.047 -0.00414793 0.000869315
0.15906  292.945 -0.00475148 0.000869316
0.161074  293.07 -0.00451224 0.000869066
0.162416  294.236 -0.00456029 0.000865598
0.163423  297.3 -0.00449444 0.000856708
0.164094  301.991 -0.00450298 0.000843396
0.164765  310.447 -0.00447338 0.000820438
0.165436  325.433 -0.00448597 0.000782651
0.166107  351.264 -0.00446073 0.000725108
0.166779  393.958 -0.00447754 0.00064652
0.16745  460.646 -0.00445611 0.00055293
0.168121  558.13 -0.00447583 0.000456349
0.168624  655.557 -0.00446487 0.00038853
0.16896  732.909 -0.00446987 0.000347523
0.169295  820.073 -0.00446287 0.000310587
0.169631  917.108 -0.00445512 0.000277727
0.169966  1023.95 -0.00439187 0.000248758
0.170302  1140.36 -0.00418553 0.00022339
0.170638  1265.83 -0.00354815 0.000201321
0.170973  1399.38 -0.0019573 0.000182274
0.171225  1503.79 0.00046657 0.000169854
0.171393  1574.83 0.00294621 0.000162423
0.17156  1646.62 0.00627635 0.00015564
0.171728  1718.71 0.0106142 0.000149485
0.171896  1790.61 0.0161006 0.000143938
0.172064  1861.81 0.0228449 0.000138977
0.172232  1931.74 0.0309103 0.000134577
0.172399  1999.85 0.0403018 0.000130711
0.172567  2065.62 0.0509585 0.000127346
0.172735  2128.55 0.0627529 0.000124449
0.172903  2188.19 0.0754951 0.000121982
0.17307  2244.18 0.0889448 0.000119906
0.173238  2296.24 0.102827 0.00011818
0.173406  2344.17 0.116853 0.000116762
0.173574  2387.9 0.130736 0.000115611
0.173742  2427.4 0.144216 0.000114689
0.173909  2462.78 0.157068 0.000113958
0.174077  2494.18 0.169115 0.000113385
0.174245  2521.83 0.180234 0.00011294
0.174413  2545.99 0.190349 0.000112597
0.174581  2566.95 0.199433 0.000112335
0.174748  2585.02 0.207497 0.000112136
0.174916  2600.5 0.214582 0.000111985
0.175084  2613.7 0.220752 0.000111871
0.175252  2624.91 0.226081 0.000111785
0.175419  2634.38 0.230654 0.00011172
0.175587  2642.36 0.234554 0.00011167
0.175755  2649.07 0.237864 0.000111633
0.175923  2654.68 0.240661 0.000111604
0.176091  2659.38 0.243016 0.000111582
0.176258  2663.3 0.244993 0.000111565
0.176426  2666.56 0.246648 0.000111552
0.176594  2669.28 0.248031 0.000111541
0.176762  2671.53 0.249184 0.000111533
0.17693  2673.41 0.250145 0.000111527
0.177097  2674.97 0.250943 0.000111521
0.177265  2676.26 0.251607 0.000111517
0.177433  2677.32 0.252158 0.000111514
0.177601  2678.21 0.252615 0.000111511
0.177768  2678.95 0.252994 0.000111509
0.177936  2679.55 0.253307 0.000111507
0.178104  2680.06 0.253567 0.000111506
0.178272  2680.47 0.253783 0.000111504
0.17844  2680.82 0.253961 0.000111503
0.178607  2681.1 0.254108 0.000111503
0.178775  2681.34 0.25423 0.000111502
0.178943  2681.54 0.254331 0.000111501
0.179111  2681.7 0.254414 0.000111501
0.179279  2681.83 0.254483 0.0001115
0.179446  2681.94 0.254541 0.0001115
0.179614  2682.04 0.254588 0.0001115
0.179782  2682.11 0.254627 0.0001115
0.17995  2682.18 0.254659 0.000111499
0.180117  2682.23 0.254686 0.000111499
0.180285  2682.27 0.254708 0.000111499
0.180453  2682.31 0.254726 0.000111499
0.180621  2682.34 0.254741 0.000111499
0.180789  2682.36 0.254754 0.000111499
0.180956  2682.38 0.254764 0.000111498
0.181124  2682.4 0.254772 0.000111498
0.181292  2682.42 0.254779 0.000111498
0.18146  2682.43 0.254785 0.000111498
0.181628  2682.44 0.25479 0.000111498
0.181795  2682.45 0.254794 0.000111498
0.181921  2682.46 0.254797 0.000111498
0.182005  2682.46 0.254798 0.000111498
0.182089  2682.46 0.254799 0.000111498
0.182173  2682.47 0.254801 0.000111498
0.182257  2682.47 0.254802 0.000111498
0.182341  2682.47 0.254803 0.000111498
0.182424  2682.47 0.254804 0.000111498
0.182508  2682.48 0.254805 0.000111498
0.182592  2682.48 0.254805 0.000111498
0.182676  2682.48 0.254806 0.000111498
0.18276  2682.48 0.254807 0.000111498
0.182844  2682.48 0.254807 0.000111498
0.182928  2682.49 0.254808 0.000111498
0.183012  2682.49 0.254808 0.000111498
0.183096  2682.49 0.254809 0.000111498
0.18318  2682.49 0.254809 0.000111497
0.183263  2682.49 0.254809 0.000111497
0.183347  2682.49 0.25481 0.000111497
0.183431  2682.49 0.25481 0.000111497
0.183515  2682.5 0.25481 0.000111497
0.183599  2682.5 0.254811 0.000111497
0.183683  2682.5 0.254811 0.000111497
0.183767  2682.5 0.254811 0.000111497
0.183851  2682.5 0.254811 0.000111497
0.183935  2682.5 0.254811 0.000111497
0.184018  2682.5 0.254811 0.000111497
0.184102  2682.5 0.254812 0.000111497
0.184186  2682.5 0.254812 0.000111497
0.18427  2682.51 0.254812 0.000111497
0.184354  2682.51 0.254812 0.000111497
0.184438  2682.51 0.254812 0.000111497
0.184522  2682.51 0.254812 0.000111497
0.184606  2682.51 0.254812 0.000111497
0.18469  2682.51 0.254812 0.000111497
0.184773  2682.51 0.254812 0.000111497
0.184857  2682.51 0.254812 0.000111497
0.184941  2682.51 0.254812 0.000111497
0.185025  2682.51 0.254813 0.000111497
0.185109  2682.51 0.254813 0.000111497
0.185193  2682.51 0.254813 0.000111497
0.185277  2682.52 0.254813 0.000111497
0.185361  2682.52 0.254813 0.000111497
0.185445  2682.52 0.254813 0.000111497
0.185529  2682.52 0.254813 0.000111497
0.185612  2682.52 0.254813 0.000111497
0.185696  2682.52 0.254813 0.000111496
0.18578  2682.52 0.254813 0.000111496
0.185864  2682.52 0.254813 0.000111496
0.185948  2682.52 0.254813 0.000111496
0.186032  2682.52 0.254813 0.000111496
0.186116  2682.52 0.254813 0.000111496
0.1862  2682.53 0.254813 0.000111496
0.186284  2682.53 0.254813 0.000111496
0.186367  2682.53 0.254813 0.000111496
0.186451  2682.53 0.254813 0.000111496
0.186535  2682.53 0.254813 0.000111496
0.186619  2682.53 0.254813 0.000111496
0.186703  2682.53 0.254813 0.000111496
0.186787  2682.53 0.254813 0.000111496
0.186871  2682.53 0.254813 0.000111496
0.186955  2682.53 0.254813 0.000111496
0.187039  2682.53 0.254813 0.000111496
0.187122  2682.53 0.254813 0.000111496
0.187206  2682.54 0.254813 0.000111496
0.18729  2682.54 0.254813 0.000111496
0.187374  2682.54 0.254813 0.000111496
0.187458  2682.54 0.254813 0.000111496
0.187542  2682.54 0.254813 0.000111496
0.187626  2682.54 0.254813 0.000111496
0.18771  2682.54 0.254813 0.000111496
0.187794  2682.54 0.254813 0.000111496
0.187878  2682.54 0.254813 0.000111496
0.187961  2682.54 0.254813 0.000111496
0.188045  2682.54 0.254813 0.000111496
0.188129  2682.54 0.254813 0.000111495
0.188213  2682.55 0.254813 0.000111495
0.188297  2682.55 0.254813 0.000111495
0.188381  2682.55 0.254813 0.000111495
0.188465  2682.55 0.254813 0.000111495
0.188549  2682.55 0.254813 0.000111495
0.188633  2682.55 0.254813 0.000111495
0.188716  2682.55 0.254813 0.000111495
0.1888  2682.55 0.254813 0.000111495
0.188884  2682.55 0.254813 0.000111495
0.188968  2682.55 0.254813 0.000111495
0.189052  2682.55 0.254813 0.000111495
0.189136  2682.56 0.254813 0.000111495
0.18922  2682.56 0.254813 0.000111495
0.189304  2682.56 0.254813 0.000111495
0.189388  2682.56 0.254813 0.000111495
0.189471  2682.56 0.254813 0.000111495
0.189555  2682.56 0.254813 0.000111495
0.189639  2682.56 0.254813 0.000111495
0.189723  2682.56 0.254813 0.000111495
0.189807  2682.56 0.254813 0.000111495
0.189891  2682.56 0.254813 0.000111495
0.190017  2682.56 0.254813 0.000111495
0.190185  2682.57 0.254813 0.000111495
0.190352  2682.57 0.254813 0.000111495
0.19052  2682.57 0.254813 0.000111494
0.190688  2682.57 0.254813 0.000111494
0.190856  2682.57 0.254813 0.000111494
0.191023  2682.58 0.254813 0.000111494
0.191191  2682.58 0.254813 0.000111494
0.191359  2682.58 0.254813 0.000111494
0.191527  2682.58 0.254813 0.000111494
0.191695  2682.58 0.254813 0.000111494
0.191862  2682.59 0.254813 0.000111494
0.19203  2682.59 0.254813 0.000111494
0.192198  2682.59 0.254813 0.000111494
0.192366  2682.59 0.254813 0.000111494
0.192534  2682.59 0.254813 0.000111493
0.192701  2682.59 0.254813 0.000111493
0.192869  2682.6 0.254813 0.000111493
0.193037  2682.6 0.254813 0.000111493
0.193205  2682.6 0.254813 0.000111493
0.193372  2682.6 0.254813 0.000111493
0.19354  2682.6 0.254813 0.000111493
0.193708  2682.61 0.254813 0.000111493
0.193876  2682.61 0.254813 0.000111493
0.194044  2682.61 0.254813 0.000111493
0.194211  2682.61 0.254813 0.000111493
0.194379  2682.62 0.254813 0.000111493
0.194547  2682.62 0.254813 0.000111492
0.194715  2682.62 0.254813 0.000111492
0.194883  2682.62 0.254813 0.000111492
0.19505  2682.62 0.254813 0.000111492
0.195218  2682.63 0.254813 0.000111492
0.19547  2682.63 0.254813 0.000111492
0.195805  2682.63 0.254813 0.000111492
0.196141  2682.64 0.254813 0.000111492
0.196477  2682.64 0.254813 0.000111491
0.196812  2682.65 0.254813 0.000111491
0.197148  2682.65 0.254813 0.000111491
0.197483  2682.65 0.254813 0.000111491
0.197819  2682.66 0.254813 0.000111491
0.198322  2682.67 0.254813 0.00011149
0.198993  2682.68 0.254813 0.00011149
0.199664  2682.68 0.254813 0.00011149
0.200336  2682.69 0.254813 0.000111489
0.202013  2682.72 0.254813 0.000111488
0.20604  2682.78 0.254813 0.000111486
0.211409  2682.87 0.254813 0.000111482
0.216779  2682.97 0.254813 0.000111478
0.222148  2683.09 0.254813 0.000111473
0.227517  2683.21 0.254813 0.000111468
0.232886  2683.34 0.254813 0.000111463
0.238255  2683.48 0.254813 0.000111457
0.243624  2683.63 0.254813 0.00011145
0.248993  2683.79 0.254813 0.000111444
0.254362  2683.96 0.254813 0.000111437
0.259732  2684.14 0.254813 0.000111429
0.265101  2684.33 0.254813 0.000111421
0.27047  2684.53 0.254813 0.000111413
0.275839  2684.74 0.254813 0.000111404
0.281208  2684.96 0.254813 0.000111395
0.286577  2685.18 0.254813 0.000111386
0.291946  2685.42 0.254813 0.000111376
0.297315  2685.66 0.254813 0.000111366
0.302685  2685.91 0.254813 0.000111356
0.308054  2686.17 0.254813 0.000111345
0.313423  2686.44 0.254813 0.000111334
0.324161  2686.99 0.254813 0.000111311
0.334899  2687.57 0.254813 0.000111287
0.345638  2688.17 0.254813 0.000111262
0.356376  2688.79 0.254813 0.000111237
0.367114  2689.42 0.254813 0.00011121
0.377852  2690.07 0.254813 0.000111184
0.388591  2690.71 0.254813 0.000111157
0.39396  2691.04 0.254813 0.000111143
0.399329  2691.04 0.254813 0.000111143
