TITLE="Graphics"
VARIABLES= "x", "T", "Y fr", "rho"
-0.0302389  293 0 0.000871523
-0.0118121  293 -0.00894049 0.000867075
0.00201342  293 -0.00359274 0.00086973
0.0127517  293 -0.00679326 0.000868139
0.0234899  293 -0.00461595 0.000869221
0.0342282  293 -0.00731659 0.000867879
0.0449664  293 -0.0036404 0.000869706
0.0530201  293 -0.0050637 0.000868998
0.0583893  293 -0.00418527 0.000869435
0.0637584  293 -0.00495627 0.000869051
0.0691275  293 -0.00459151 0.000869233
0.0744966  293 -0.00568411 0.00086869
0.0798658  293 -0.00533257 0.000868864
0.0852349  293 -0.00625683 0.000868405
0.090604  293 -0.00591059 0.000868577
0.0959732  293 -0.00688794 0.000868092
0.101342  293 -0.00591343 0.000868576
0.106711  293 -0.00622038 0.000868423
0.112081  293 -0.00455666 0.00086925
0.11745  293 -0.00472877 0.000869165
0.122819  293 -0.00314171 0.000869954
0.128188  292.999 -0.00376979 0.000869643
0.133557  293.001 -0.00236693 0.000870337
0.138926  292.997 -0.00367716 0.000869696
0.144295  293.006 -0.00271248 0.000870151
0.149664  292.986 -0.00530716 0.000868917
0.155034  293.032 -0.0051947 0.000868837
0.15906  292.965 -0.007168 0.000868058
0.161074  293.044 -0.00745062 0.000867682
0.162416  294.039 -0.00786261 0.000864543
0.163423  296.803 -0.00802835 0.000856411
0.164094  301.172 -0.00819156 0.000843908
0.164765  309.212 -0.00829767 0.000821915
0.165436  323.757 -0.00844293 0.000784925
0.166107  349.331 -0.00852738 0.000727427
0.166779  392.378 -0.00864634 0.000647579
0.16745  460.646 -0.00870074 0.00055159
0.168121  561.564 -0.00878803 0.000452442
0.168624  663.139 -0.00881254 0.000383135
0.16896  744.06 -0.00883993 0.000341461
0.169295  835.405 -0.00884993 0.000304123
0.169631  937.222 -0.0088559 0.000271083
0.169966  1049.41 -0.00878895 0.000242112
0.170302  1171.68 -0.00853592 0.000216878
0.170638  1303.39 -0.00773671 0.000195051
0.170973  1443.32 -0.0057547 0.00017634
0.171225  1552.39 -0.00278265 0.00016423
0.171393  1626.37 0.000213487 0.000157029
0.17156  1700.9 0.004191 0.000150492
0.171728  1775.48 0.00930854 0.000144596
0.171896  1849.55 0.0156975 0.000139319
0.172064  1922.55 0.0234459 0.000134633
0.172232  1993.89 0.0325835 0.00013051
0.172399  2062.98 0.0430725 0.000126917
0.172567  2129.28 0.0548032 0.00012382
0.172735  2192.31 0.0675974 0.000121179
0.172903  2251.64 0.0812182 0.000118953
0.17307  2306.95 0.0953864 0.0001171
0.173238  2358 0.1098 0.000115576
0.173406  2404.67 0.124157 0.000114338
0.173574  2446.92 0.138172 0.000113346
0.173742  2484.81 0.151598 0.000112559
0.173909  2518.5 0.164235 0.000111943
0.174077  2548.19 0.175937 0.000111465
0.174245  2574.16 0.186613 0.000111097
0.174413  2596.7 0.196221 0.000110817
0.174581  2616.13 0.204764 0.000110605
0.174748  2632.79 0.212279 0.000110445
0.174916  2646.99 0.218826 0.000110324
0.175084  2659.04 0.224483 0.000110234
0.175252  2669.22 0.229337 0.000110166
0.175419  2677.79 0.233475 0.000110114
0.175587  2684.98 0.236984 0.000110075
0.175755  2691 0.239948 0.000110046
0.175923  2696.03 0.24244 0.000110023
0.176091  2700.22 0.244529 0.000110005
0.176258  2703.71 0.246277 0.000109992
0.176426  2706.61 0.247734 0.000109981
0.176594  2709.02 0.248948 0.000109972
0.176762  2711.02 0.249957 0.000109966
0.17693  2712.68 0.250795 0.00010996
0.177097  2714.05 0.25149 0.000109956
0.177265  2715.19 0.252066 0.000109952
0.177433  2716.14 0.252543 0.000109949
0.177601  2716.92 0.252937 0.000109946
0.177768  2717.57 0.253264 0.000109944
0.177936  2718.11 0.253534 0.000109942
0.178104  2718.56 0.253757 0.00010994
0.178272  2718.93 0.253941 0.000109939
0.17844  2719.24 0.254093 0.000109938
0.178607  2719.5 0.254219 0.000109937
0.178775  2719.71 0.254323 0.000109936
0.178943  2719.89 0.254408 0.000109935
0.179111  2720.04 0.254479 0.000109934
0.179279  2720.17 0.254537 0.000109933
0.179446  2720.28 0.254586 0.000109932
0.179614  2720.37 0.254625 0.000109931
0.179782  2720.44 0.254658 0.000109931
0.17995  2720.51 0.254685 0.00010993
0.180117  2720.57 0.254708 0.000109929
0.180285  2720.62 0.254726 0.000109929
0.180453  2720.66 0.254741 0.000109928
0.180621  2720.7 0.254754 0.000109928
0.180789  2720.73 0.254764 0.000109927
0.180956  2720.76 0.254773 0.000109927
0.181124  2720.79 0.25478 0.000109926
0.181292  2720.81 0.254786 0.000109925
0.18146  2720.83 0.25479 0.000109925
0.181628  2720.85 0.254794 0.000109924
0.181795  2720.87 0.254798 0.000109924
0.181921  2720.89 0.2548 0.000109923
0.182005  2720.89 0.254801 0.000109923
0.182089  2720.9 0.254802 0.000109923
0.182173  2720.91 0.254803 0.000109923
0.182257  2720.92 0.254804 0.000109922
0.182341  2720.93 0.254805 0.000109922
0.182424  2720.94 0.254806 0.000109922
0.182508  2720.94 0.254806 0.000109922
0.182592  2720.95 0.254807 0.000109921
0.182676  2720.96 0.254807 0.000109921
0.18276  2720.97 0.254808 0.000109921
0.182844  2720.97 0.254808 0.00010992
0.182928  2720.98 0.254809 0.00010992
0.183012  2720.99 0.254809 0.00010992
0.183096  2721 0.25481 0.00010992
0.18318  2721 0.25481 0.000109919
0.183263  2721.01 0.25481 0.000109919
0.183347  2721.02 0.25481 0.000109919
0.183431  2721.02 0.254811 0.000109919
0.183515  2721.03 0.254811 0.000109918
0.183599  2721.04 0.254811 0.000109918
0.183683  2721.04 0.254811 0.000109918
0.183767  2721.05 0.254811 0.000109918
0.183851  2721.06 0.254812 0.000109917
0.183935  2721.06 0.254812 0.000109917
0.184018  2721.07 0.254812 0.000109917
0.184102  2721.08 0.254812 0.000109917
0.184186  2721.08 0.254812 0.000109916
0.18427  2721.09 0.254812 0.000109916
0.184354  2721.1 0.254812 0.000109916
0.184438  2721.1 0.254812 0.000109915
0.184522  2721.11 0.254812 0.000109915
0.184606  2721.12 0.254812 0.000109915
0.18469  2721.12 0.254812 0.000109915
0.184773  2721.13 0.254813 0.000109914
0.184857  2721.14 0.254813 0.000109914
0.184941  2721.14 0.254813 0.000109914
0.185025  2721.15 0.254813 0.000109914
0.185109  2721.16 0.254813 0.000109913
0.185193  2721.16 0.254813 0.000109913
0.185277  2721.17 0.254813 0.000109913
0.185361  2721.17 0.254813 0.000109913
0.185445  2721.18 0.254813 0.000109912
0.185529  2721.19 0.254813 0.000109912
0.185612  2721.19 0.254813 0.000109912
0.185696  2721.2 0.254813 0.000109912
0.18578  2721.21 0.254813 0.000109911
0.185864  2721.21 0.254813 0.000109911
0.185948  2721.22 0.254813 0.000109911
0.186032  2721.23 0.254813 0.000109911
0.186116  2721.23 0.254813 0.00010991
0.1862  2721.24 0.254813 0.00010991
0.186284  2721.24 0.254813 0.00010991
0.186367  2721.25 0.254813 0.00010991
0.186451  2721.26 0.254813 0.000109909
0.186535  2721.26 0.254813 0.000109909
0.186619  2721.27 0.254813 0.000109909
0.186703  2721.28 0.254813 0.000109909
0.186787  2721.28 0.254813 0.000109908
0.186871  2721.29 0.254813 0.000109908
0.186955  2721.29 0.254813 0.000109908
0.187039  2721.3 0.254813 0.000109908
0.187122  2721.31 0.254813 0.000109907
0.187206  2721.31 0.254813 0.000109907
0.18729  2721.32 0.254813 0.000109907
0.187374  2721.33 0.254813 0.000109907
0.187458  2721.33 0.254813 0.000109906
0.187542  2721.34 0.254813 0.000109906
0.187626  2721.34 0.254813 0.000109906
0.18771  2721.35 0.254813 0.000109906
0.187794  2721.36 0.254813 0.000109905
0.187878  2721.36 0.254813 0.000109905
0.187961  2721.37 0.254813 0.000109905
0.188045  2721.38 0.254813 0.000109905
0.188129  2721.38 0.254813 0.000109904
0.188213  2721.39 0.254813 0.000109904
0.188297  2721.39 0.254813 0.000109904
0.188381  2721.4 0.254813 0.000109904
0.188465  2721.41 0.254813 0.000109903
0.188549  2721.41 0.254813 0.000109903
0.188633  2721.42 0.254813 0.000109903
0.188716  2721.42 0.254813 0.000109903
0.1888  2721.43 0.254813 0.000109902
0.188884  2721.44 0.254813 0.000109902
0.188968  2721.44 0.254813 0.000109902
0.189052  2721.45 0.254813 0.000109902
0.189136  2721.46 0.254813 0.000109901
0.18922  2721.46 0.254813 0.000109901
0.189304  2721.47 0.254813 0.000109901
0.189388  2721.47 0.254813 0.000109901
0.189471  2721.48 0.254813 0.0001099
0.189555  2721.49 0.254813 0.0001099
0.189639  2721.49 0.254813 0.0001099
0.189723  2721.5 0.254813 0.0001099
0.189807  2721.5 0.254813 0.000109899
0.189891  2721.51 0.254813 0.000109899
0.190017  2721.52 0.254813 0.000109899
0.190185  2721.53 0.254813 0.000109898
0.190352  2721.54 0.254813 0.000109898
0.19052  2721.56 0.254813 0.000109897
0.190688  2721.57 0.254813 0.000109897
0.190856  2721.58 0.254813 0.000109896
0.191023  2721.59 0.254813 0.000109896
0.191191  2721.6 0.254813 0.000109895
0.191359  2721.62 0.254813 0.000109895
0.191527  2721.63 0.254813 0.000109894
0.191695  2721.64 0.254813 0.000109894
0.191862  2721.65 0.254813 0.000109893
0.19203  2721.66 0.254813 0.000109893
0.192198  2721.68 0.254813 0.000109892
0.192366  2721.69 0.254813 0.000109892
0.192534  2721.7 0.254813 0.000109892
0.192701  2721.71 0.254813 0.000109891
0.192869  2721.72 0.254813 0.000109891
0.193037  2721.73 0.254813 0.00010989
0.193205  2721.75 0.254813 0.00010989
0.193372  2721.76 0.254813 0.000109889
0.19354  2721.77 0.254813 0.000109889
0.193708  2721.78 0.254813 0.000109888
0.193876  2721.79 0.254813 0.000109888
0.194044  2721.8 0.254813 0.000109887
0.194211  2721.82 0.254813 0.000109887
0.194379  2721.83 0.254813 0.000109886
0.194547  2721.84 0.254813 0.000109886
0.194715  2721.85 0.254813 0.000109885
0.194883  2721.86 0.254813 0.000109885
0.19505  2721.87 0.254813 0.000109884
0.195218  2721.89 0.254813 0.000109884
0.19547  2721.9 0.254813 0.000109883
0.195805  2721.93 0.254813 0.000109882
0.196141  2721.95 0.254813 0.000109881
0.196477  2721.97 0.254813 0.00010988
0.196812  2721.99 0.254813 0.00010988
0.197148  2722.02 0.254813 0.000109879
0.197483  2722.04 0.254813 0.000109878
0.197819  2722.06 0.254813 0.000109877
0.198322  2722.1 0.254813 0.000109875
0.198993  2722.14 0.254813 0.000109874
0.199664  2722.18 0.254813 0.000109872
0.200336  2722.23 0.254813 0.00010987
0.202013  2722.34 0.254813 0.000109866
0.20604  2722.59 0.254813 0.000109856
0.211409  2722.91 0.254813 0.000109843
0.216779  2723.21 0.254813 0.000109831
0.222148  2723.49 0.254813 0.000109819
0.227517  2723.75 0.254813 0.000109809
0.232886  2723.99 0.254813 0.000109799
0.238255  2724.21 0.254813 0.00010979
0.243624  2724.41 0.254813 0.000109782
0.248993  2724.59 0.254813 0.000109775
0.254362  2724.75 0.254813 0.000109768
0.259732  2724.89 0.254813 0.000109763
0.265101  2725.01 0.254813 0.000109758
0.27047  2725.12 0.254813 0.000109754
0.275839  2725.2 0.254813 0.00010975
0.281208  2725.27 0.254813 0.000109748
0.286577  2725.31 0.254813 0.000109746
0.291946  2725.34 0.254813 0.000109745
0.297315  2725.35 0.254813 0.000109744
0.302685  2725.33 0.254813 0.000109745
0.308054  2725.3 0.254813 0.000109746
0.313423  2725.25 0.254813 0.000109748
0.324161  2725.1 0.254813 0.000109754
0.334899  2724.87 0.254813 0.000109764
0.345638  2724.56 0.254813 0.000109776
0.356376  2724.18 0.254813 0.000109792
0.367114  2723.72 0.254813 0.00010981
0.377852  2723.18 0.254813 0.000109832
0.388591  2722.58 0.254813 0.000109856
0.39396  2722.23 0.254813 0.00010987
0.399329  2722.23 0.254813 0.00010987
