TITLE="Graphics"
VARIABLES= "x", "T", "Y fr", "rho"
-0.0302389  293 0 0.000871523
-0.0118121  293 -0.0091585 0.000866967
0.00201342  293 -0.00385199 0.000869601
0.0127517  293 -0.00633956 0.000868364
0.0234899  293 -0.00354527 0.000869754
0.0342282  293 -0.00776497 0.000867657
0.0449664  293 -0.00500719 0.000869026
0.0530201  293 -0.00617856 0.000868444
0.0583893  293 -0.00492845 0.000869065
0.0637584  293 -0.00491 0.000869074
0.0691275  293 -0.00333894 0.000869856
0.0744966  293 -0.00343122 0.00086981
0.0798658  293 -0.00263586 0.000870207
0.0852349  293 -0.00362285 0.000869715
0.090604  293 -0.00331507 0.000869868
0.0959732  293 -0.00485927 0.0008691
0.101342  293 -0.00525969 0.000868901
0.106711  293 -0.00744921 0.000867813
0.112081  293 -0.00807417 0.000867504
0.11745  293 -0.0097948 0.000866652
0.122819  293 -0.00945901 0.000866817
0.128188  292.999 -0.00977895 0.000866662
0.133557  293.002 -0.0083559 0.000867359
0.138926  292.996 -0.00793335 0.000867587
0.144295  293.012 -0.0057639 0.000868616
0.149664  292.97 -0.00464605 0.000869293
0.155034  293.076 -0.00168174 0.000870457
0.15906  292.909 -0.000616663 0.000871485
0.161074  293.127 0.000197434 0.000871244
0.162416  294.6 0.000575012 0.000867075
0.163423  298.17 0.000906814 0.000856857
0.164094  303.377 0.0010825 0.000842236
0.164765  312.475 0.00127358 0.000817802
0.165436  328.111 0.00142437 0.0007789
0.166107  354.272 0.00158613 0.000721448
0.166779  396.362 0.00170212 0.00064488
0.16745  460.646 0.00182504 0.000554925
0.168121  553.063 0.00190045 0.000462217
0.168624  644.452 0.00196325 0.000396685
0.16896  716.635 0.00199176 0.000356734
0.169295  797.752 0.00202511 0.000320467
0.169631  887.877 0.00205572 0.000287943
0.169966  986.981 0.00212118 0.00025904
0.170302  1094.91 0.00228101 0.000233527
0.170638  1211.3 0.00273632 0.000211144
0.170973  1335.44 0.003867 0.00019164
0.171225  1432.88 0.00562056 0.000178789
0.171393  1499.45 0.00745011 0.000171031
0.17156  1566.99 0.00994687 0.000163895
0.171728  1635.15 0.0132566 0.000157364
0.171896  1703.53 0.0175218 0.000151421
0.172064  1771.67 0.0228697 0.00014605
0.172232  1839.1 0.0293984 0.000141231
0.172399  1905.32 0.0371645 0.000136944
0.172567  1969.83 0.0461718 0.000133162
0.172735  2032.14 0.0563653 0.000129859
0.172903  2091.81 0.0676288 0.000127003
0.17307  2148.42 0.0797899 0.000124561
0.173238  2201.64 0.0926291 0.000122496
0.173406  2251.21 0.105894 0.00012077
0.173574  2296.94 0.119317 0.000119344
0.173742  2338.75 0.132634 0.00011818
0.173909  2376.62 0.145598 0.000117241
0.174077  2410.62 0.157996 0.000116492
0.174245  2440.89 0.169657 0.0001159
0.174413  2467.62 0.180459 0.000115437
0.174581  2491.05 0.190324 0.000115078
0.174748  2511.44 0.199219 0.000114802
0.174916  2529.07 0.207147 0.00011459
0.175084  2544.24 0.214142 0.000114428
0.175252  2557.21 0.220257 0.000114305
0.175419  2568.26 0.225562 0.000114212
0.175587  2577.62 0.230131 0.00011414
0.175755  2585.54 0.234045 0.000114086
0.175923  2592.2 0.237378 0.000114045
0.176091  2597.81 0.240206 0.000114013
0.176258  2602.5 0.242596 0.000113989
0.176426  2606.43 0.24461 0.00011397
0.176594  2609.71 0.246302 0.000113955
0.176762  2612.45 0.247721 0.000113944
0.17693  2614.72 0.248908 0.000113935
0.177097  2616.62 0.2499 0.000113928
0.177265  2618.19 0.250728 0.000113923
0.177433  2619.49 0.251417 0.000113919
0.177601  2620.58 0.251992 0.000113916
0.177768  2621.47 0.25247 0.000113914
0.177936  2622.21 0.252868 0.000113912
0.178104  2622.82 0.253198 0.000113911
0.178272  2623.33 0.253473 0.00011391
0.17844  2623.74 0.253701 0.000113909
0.178607  2624.08 0.25389 0.000113909
0.178775  2624.36 0.254048 0.000113909
0.178943  2624.59 0.254178 0.000113909
0.179111  2624.78 0.254286 0.000113909
0.179279  2624.93 0.254376 0.000113909
0.179446  2625.05 0.254451 0.00011391
0.179614  2625.15 0.254513 0.00011391
0.179782  2625.22 0.254564 0.000113911
0.17995  2625.29 0.254606 0.000113911
0.180117  2625.33 0.254642 0.000113912
0.180285  2625.37 0.254671 0.000113913
0.180453  2625.39 0.254695 0.000113914
0.180621  2625.41 0.254715 0.000113914
0.180789  2625.42 0.254732 0.000113915
0.180956  2625.43 0.254746 0.000113916
0.181124  2625.43 0.254757 0.000113917
0.181292  2625.43 0.254767 0.000113917
0.18146  2625.43 0.254775 0.000113918
0.181628  2625.42 0.254781 0.000113919
0.181795  2625.41 0.254787 0.00011392
0.181921  2625.4 0.25479 0.00011392
0.182005  2625.4 0.254792 0.000113921
0.182089  2625.39 0.254794 0.000113921
0.182173  2625.38 0.254796 0.000113922
0.182257  2625.38 0.254797 0.000113922
0.182341  2625.37 0.254799 0.000113923
0.182424  2625.36 0.2548 0.000113923
0.182508  2625.35 0.254801 0.000113923
0.182592  2625.35 0.254802 0.000113924
0.182676  2625.34 0.254803 0.000113924
0.18276  2625.33 0.254804 0.000113925
0.182844  2625.32 0.254805 0.000113925
0.182928  2625.31 0.254806 0.000113926
0.183012  2625.3 0.254806 0.000113926
0.183096  2625.3 0.254807 0.000113926
0.18318  2625.29 0.254807 0.000113927
0.183263  2625.28 0.254808 0.000113927
0.183347  2625.27 0.254808 0.000113928
0.183431  2625.26 0.254809 0.000113928
0.183515  2625.25 0.254809 0.000113928
0.183599  2625.24 0.25481 0.000113929
0.183683  2625.23 0.25481 0.000113929
0.183767  2625.22 0.25481 0.00011393
0.183851  2625.21 0.25481 0.00011393
0.183935  2625.2 0.254811 0.000113931
0.184018  2625.2 0.254811 0.000113931
0.184102  2625.19 0.254811 0.000113931
0.184186  2625.18 0.254811 0.000113932
0.18427  2625.17 0.254811 0.000113932
0.184354  2625.16 0.254812 0.000113933
0.184438  2625.15 0.254812 0.000113933
0.184522  2625.14 0.254812 0.000113934
0.184606  2625.13 0.254812 0.000113934
0.18469  2625.12 0.254812 0.000113934
0.184773  2625.11 0.254812 0.000113935
0.184857  2625.1 0.254812 0.000113935
0.184941  2625.09 0.254812 0.000113936
0.185025  2625.08 0.254812 0.000113936
0.185109  2625.07 0.254812 0.000113936
0.185193  2625.06 0.254812 0.000113937
0.185277  2625.05 0.254812 0.000113937
0.185361  2625.04 0.254813 0.000113938
0.185445  2625.03 0.254813 0.000113938
0.185529  2625.02 0.254813 0.000113939
0.185612  2625.01 0.254813 0.000113939
0.185696  2625.01 0.254813 0.000113939
0.18578  2625 0.254813 0.00011394
0.185864  2624.99 0.254813 0.00011394
0.185948  2624.98 0.254813 0.000113941
0.186032  2624.97 0.254813 0.000113941
0.186116  2624.96 0.254813 0.000113941
0.1862  2624.95 0.254813 0.000113942
0.186284  2624.94 0.254813 0.000113942
0.186367  2624.93 0.254813 0.000113943
0.186451  2624.92 0.254813 0.000113943
0.186535  2624.91 0.254813 0.000113944
0.186619  2624.9 0.254813 0.000113944
0.186703  2624.89 0.254813 0.000113944
0.186787  2624.88 0.254813 0.000113945
0.186871  2624.87 0.254813 0.000113945
0.186955  2624.86 0.254813 0.000113946
0.187039  2624.85 0.254813 0.000113946
0.187122  2624.84 0.254813 0.000113946
0.187206  2624.83 0.254813 0.000113947
0.18729  2624.82 0.254813 0.000113947
0.187374  2624.81 0.254813 0.000113948
0.187458  2624.81 0.254813 0.000113948
0.187542  2624.8 0.254813 0.000113949
0.187626  2624.79 0.254813 0.000113949
0.18771  2624.78 0.254813 0.000113949
0.187794  2624.77 0.254813 0.00011395
0.187878  2624.76 0.254813 0.00011395
0.187961  2624.75 0.254813 0.000113951
0.188045  2624.74 0.254813 0.000113951
0.188129  2624.73 0.254813 0.000113951
0.188213  2624.72 0.254813 0.000113952
0.188297  2624.71 0.254813 0.000113952
0.188381  2624.7 0.254813 0.000113953
0.188465  2624.69 0.254813 0.000113953
0.188549  2624.68 0.254813 0.000113953
0.188633  2624.67 0.254813 0.000113954
0.188716  2624.66 0.254813 0.000113954
0.1888  2624.65 0.254813 0.000113955
0.188884  2624.64 0.254813 0.000113955
0.188968  2624.63 0.254813 0.000113956
0.189052  2624.63 0.254813 0.000113956
0.189136  2624.62 0.254813 0.000113956
0.18922  2624.61 0.254813 0.000113957
0.189304  2624.6 0.254813 0.000113957
0.189388  2624.59 0.254813 0.000113958
0.189471  2624.58 0.254813 0.000113958
0.189555  2624.57 0.254813 0.000113958
0.189639  2624.56 0.254813 0.000113959
0.189723  2624.55 0.254813 0.000113959
0.189807  2624.54 0.254813 0.00011396
0.189891  2624.53 0.254813 0.00011396
0.190017  2624.52 0.254813 0.000113961
0.190185  2624.5 0.254813 0.000113961
0.190352  2624.48 0.254813 0.000113962
0.19052  2624.46 0.254813 0.000113963
0.190688  2624.44 0.254813 0.000113964
0.190856  2624.42 0.254813 0.000113965
0.191023  2624.41 0.254813 0.000113965
0.191191  2624.39 0.254813 0.000113966
0.191359  2624.37 0.254813 0.000113967
0.191527  2624.35 0.254813 0.000113968
0.191695  2624.33 0.254813 0.000113969
0.191862  2624.31 0.254813 0.000113969
0.19203  2624.29 0.254813 0.00011397
0.192198  2624.28 0.254813 0.000113971
0.192366  2624.26 0.254813 0.000113972
0.192534  2624.24 0.254813 0.000113973
0.192701  2624.22 0.254813 0.000113973
0.192869  2624.2 0.254813 0.000113974
0.193037  2624.18 0.254813 0.000113975
0.193205  2624.17 0.254813 0.000113976
0.193372  2624.15 0.254813 0.000113977
0.19354  2624.13 0.254813 0.000113977
0.193708  2624.11 0.254813 0.000113978
0.193876  2624.09 0.254813 0.000113979
0.194044  2624.07 0.254813 0.00011398
0.194211  2624.06 0.254813 0.000113981
0.194379  2624.04 0.254813 0.000113981
0.194547  2624.02 0.254813 0.000113982
0.194715  2624 0.254813 0.000113983
0.194883  2623.98 0.254813 0.000113984
0.19505  2623.97 0.254813 0.000113985
0.195218  2623.95 0.254813 0.000113985
0.19547  2623.92 0.254813 0.000113987
0.195805  2623.88 0.254813 0.000113988
0.196141  2623.85 0.254813 0.00011399
0.196477  2623.81 0.254813 0.000113991
0.196812  2623.78 0.254813 0.000113993
0.197148  2623.74 0.254813 0.000113994
0.197483  2623.71 0.254813 0.000113996
0.197819  2623.67 0.254813 0.000113997
0.198322  2623.62 0.254813 0.000114
0.198993  2623.55 0.254813 0.000114003
0.199664  2623.48 0.254813 0.000114006
0.200336  2623.41 0.254813 0.000114009
0.202013  2623.23 0.254813 0.000114016
0.20604  2622.83 0.254813 0.000114034
0.211409  2622.3 0.254813 0.000114057
0.216779  2621.8 0.254813 0.000114079
0.222148  2621.31 0.254813 0.0001141
0.227517  2620.84 0.254813 0.00011412
0.232886  2620.39 0.254813 0.00011414
0.238255  2619.96 0.254813 0.000114159
0.243624  2619.54 0.254813 0.000114177
0.248993  2619.14 0.254813 0.000114195
0.254362  2618.75 0.254813 0.000114212
0.259732  2618.38 0.254813 0.000114228
0.265101  2618.02 0.254813 0.000114244
0.27047  2617.67 0.254813 0.000114259
0.275839  2617.33 0.254813 0.000114273
0.281208  2617.01 0.254813 0.000114288
0.286577  2616.69 0.254813 0.000114302
0.291946  2616.38 0.254813 0.000114315
0.297315  2616.08 0.254813 0.000114328
0.302685  2615.78 0.254813 0.000114341
0.308054  2615.49 0.254813 0.000114354
0.313423  2615.21 0.254813 0.000114366
0.324161  2614.65 0.254813 0.000114391
0.334899  2614.1 0.254813 0.000114415
0.345638  2613.55 0.254813 0.000114439
0.356376  2613 0.254813 0.000114463
0.367114  2612.43 0.254813 0.000114488
0.377852  2611.85 0.254813 0.000114513
0.388591  2611.24 0.254813 0.00011454
0.39396  2610.93 0.254813 0.000114554
0.399329  2610.93 0.254813 0.000114554
