TITLE="Graphics"
VARIABLES= "x", "T", "Y fr", "rho"
-0.0302389  293 0 0.000871523
-0.0118121  293 -0.017058 0.000863075
0.00201342  293 -0.00989541 0.000866602
0.0127517  293 -0.0136573 0.000864746
0.0234899  293 -0.00677305 0.000868149
0.0342282  293 -0.0106018 0.000866253
0.0449664  293 -0.00314951 0.000869951
0.0530201  293 -0.00518488 0.000868938
0.0583893  293 -0.0036244 0.000869714
0.0637584  293 -0.00487799 0.00086909
0.0691275  293 -0.00369022 0.000869681
0.0744966  293 -0.00519976 0.00086893
0.0798658  293 -0.00426794 0.000869394
0.0852349  293 -0.00578362 0.00086864
0.090604  293 -0.00455926 0.000869249
0.0959732  293 -0.00600576 0.00086853
0.101342  293 -0.00460309 0.000869227
0.106711  293 -0.00561475 0.000868724
0.112081  293 -0.00378471 0.000869634
0.11745  293 -0.00469803 0.00086918
0.122819  293 -0.00316033 0.000869945
0.128188  292.999 -0.00457448 0.000869243
0.133557  293.001 -0.00349005 0.000869777
0.138926  292.997 -0.00507096 0.000869004
0.144295  293.008 -0.00417318 0.000869418
0.149664  292.981 -0.00593768 0.000868619
0.155034  293.046 -0.00493293 0.000868928
0.15906  292.949 -0.00576122 0.000868802
0.161074  293.065 -0.00557951 0.00086855
0.162416  294.199 -0.00565129 0.000865165
0.163423  297.208 -0.0055906 0.000856437
0.164094  301.838 -0.0055994 0.000843296
0.164765  310.214 -0.00556523 0.000820542
0.165436  325.113 -0.0055714 0.000782936
0.166107  350.89 -0.00553569 0.000725435
0.166779  393.649 -0.00554187 0.000646635
0.16745  460.646 -0.00550776 0.000552597
0.168121  558.82 -0.00551699 0.000455514
0.168624  657.095 -0.00549789 0.000387392
0.16896  735.184 -0.00549842 0.000346244
0.169295  823.217 -0.00548678 0.000309219
0.169631  921.253 -0.00547459 0.000276316
0.169966  1029.22 -0.00540429 0.00024734
0.170302  1146.87 -0.00518334 0.000221995
0.170638  1273.67 -0.00450956 0.000199971
0.170973  1408.59 -0.00283764 0.000180991
0.171225  1514.01 -0.000301984 0.000168633
0.171393  1585.69 0.00228309 0.000161249
0.17156  1658.09 0.00574587 0.000154516
0.171728  1730.74 0.0102444 0.000148415
0.171896  1803.13 0.0159183 0.000142924
0.172064  1874.75 0.0228729 0.00013802
0.172232  1945.01 0.0311653 0.000133678
0.172399  2013.38 0.0407917 0.00012987
0.172567  2079.3 0.0516814 0.000126562
0.172735  2142.29 0.063696 0.00012372
0.172903  2201.9 0.0766355 0.000121306
0.17307  2257.78 0.0902506 0.000119278
0.173238  2309.65 0.10426 0.000117596
0.173406  2357.35 0.118371 0.000116218
0.173574  2400.78 0.132297 0.000115103
0.173742  2439.96 0.145778 0.000114211
0.173909  2474.98 0.158596 0.000113505
0.174077  2506.03 0.17058 0.000112954
0.174245  2533.32 0.181611 0.000112526
0.174413  2557.13 0.191623 0.000112198
0.174581  2577.77 0.200595 0.000111948
0.174748  2595.53 0.208544 0.000111758
0.174916  2610.73 0.215515 0.000111614
0.175084  2623.68 0.221574 0.000111506
0.175252  2634.66 0.226801 0.000111424
0.175419  2643.93 0.231279 0.000111362
0.175587  2651.73 0.235094 0.000111316
0.175755  2658.28 0.238327 0.00011128
0.175923  2663.76 0.241057 0.000111253
0.176091  2668.33 0.243354 0.000111232
0.176258  2672.15 0.24528 0.000111216
0.176426  2675.33 0.246891 0.000111204
0.176594  2677.97 0.248236 0.000111194
0.176762  2680.16 0.249357 0.000111187
0.17693  2681.98 0.25029 0.000111181
0.177097  2683.49 0.251066 0.000111176
0.177265  2684.74 0.25171 0.000111172
0.177433  2685.78 0.252244 0.000111169
0.177601  2686.63 0.252687 0.000111167
0.177768  2687.34 0.253054 0.000111165
0.177936  2687.93 0.253358 0.000111163
0.178104  2688.41 0.25361 0.000111162
0.178272  2688.81 0.253818 0.000111161
0.17844  2689.14 0.25399 0.000111161
0.178607  2689.41 0.254133 0.00011116
0.178775  2689.64 0.254251 0.000111159
0.178943  2689.82 0.254348 0.000111159
0.179111  2689.97 0.254429 0.000111159
0.179279  2690.1 0.254496 0.000111159
0.179446  2690.2 0.254551 0.000111158
0.179614  2690.29 0.254596 0.000111158
0.179782  2690.36 0.254634 0.000111158
0.17995  2690.41 0.254665 0.000111158
0.180117  2690.46 0.254691 0.000111158
0.180285  2690.5 0.254712 0.000111158
0.180453  2690.53 0.254729 0.000111158
0.180621  2690.55 0.254744 0.000111158
0.180789  2690.57 0.254756 0.000111159
0.180956  2690.59 0.254766 0.000111159
0.181124  2690.6 0.254774 0.000111159
0.181292  2690.61 0.254781 0.000111159
0.18146  2690.62 0.254786 0.000111159
0.181628  2690.62 0.254791 0.000111159
0.181795  2690.63 0.254795 0.000111159
0.181921  2690.63 0.254797 0.000111159
0.182005  2690.63 0.254799 0.000111159
0.182089  2690.63 0.2548 0.000111159
0.182173  2690.63 0.254801 0.00011116
0.182257  2690.63 0.254802 0.00011116
0.182341  2690.63 0.254803 0.00011116
0.182424  2690.63 0.254804 0.00011116
0.182508  2690.63 0.254805 0.00011116
0.182592  2690.63 0.254806 0.00011116
0.182676  2690.63 0.254806 0.00011116
0.18276  2690.63 0.254807 0.00011116
0.182844  2690.63 0.254808 0.00011116
0.182928  2690.63 0.254808 0.00011116
0.183012  2690.63 0.254808 0.00011116
0.183096  2690.63 0.254809 0.00011116
0.18318  2690.63 0.254809 0.00011116
0.183263  2690.63 0.25481 0.00011116
0.183347  2690.62 0.25481 0.00011116
0.183431  2690.62 0.25481 0.000111161
0.183515  2690.62 0.25481 0.000111161
0.183599  2690.62 0.254811 0.000111161
0.183683  2690.62 0.254811 0.000111161
0.183767  2690.62 0.254811 0.000111161
0.183851  2690.62 0.254811 0.000111161
0.183935  2690.61 0.254811 0.000111161
0.184018  2690.61 0.254812 0.000111161
0.184102  2690.61 0.254812 0.000111161
0.184186  2690.61 0.254812 0.000111161
0.18427  2690.61 0.254812 0.000111161
0.184354  2690.61 0.254812 0.000111161
0.184438  2690.61 0.254812 0.000111161
0.184522  2690.6 0.254812 0.000111161
0.184606  2690.6 0.254812 0.000111162
0.18469  2690.6 0.254812 0.000111162
0.184773  2690.6 0.254812 0.000111162
0.184857  2690.6 0.254812 0.000111162
0.184941  2690.6 0.254812 0.000111162
0.185025  2690.59 0.254813 0.000111162
0.185109  2690.59 0.254813 0.000111162
0.185193  2690.59 0.254813 0.000111162
0.185277  2690.59 0.254813 0.000111162
0.185361  2690.59 0.254813 0.000111162
0.185445  2690.59 0.254813 0.000111162
0.185529  2690.58 0.254813 0.000111162
0.185612  2690.58 0.254813 0.000111162
0.185696  2690.58 0.254813 0.000111162
0.18578  2690.58 0.254813 0.000111163
0.185864  2690.58 0.254813 0.000111163
0.185948  2690.58 0.254813 0.000111163
0.186032  2690.57 0.254813 0.000111163
0.186116  2690.57 0.254813 0.000111163
0.1862  2690.57 0.254813 0.000111163
0.186284  2690.57 0.254813 0.000111163
0.186367  2690.57 0.254813 0.000111163
0.186451  2690.57 0.254813 0.000111163
0.186535  2690.56 0.254813 0.000111163
0.186619  2690.56 0.254813 0.000111163
0.186703  2690.56 0.254813 0.000111163
0.186787  2690.56 0.254813 0.000111163
0.186871  2690.56 0.254813 0.000111163
0.186955  2690.56 0.254813 0.000111163
0.187039  2690.55 0.254813 0.000111164
0.187122  2690.55 0.254813 0.000111164
0.187206  2690.55 0.254813 0.000111164
0.18729  2690.55 0.254813 0.000111164
0.187374  2690.55 0.254813 0.000111164
0.187458  2690.55 0.254813 0.000111164
0.187542  2690.54 0.254813 0.000111164
0.187626  2690.54 0.254813 0.000111164
0.18771  2690.54 0.254813 0.000111164
0.187794  2690.54 0.254813 0.000111164
0.187878  2690.54 0.254813 0.000111164
0.187961  2690.54 0.254813 0.000111164
0.188045  2690.53 0.254813 0.000111164
0.188129  2690.53 0.254813 0.000111164
0.188213  2690.53 0.254813 0.000111165
0.188297  2690.53 0.254813 0.000111165
0.188381  2690.53 0.254813 0.000111165
0.188465  2690.53 0.254813 0.000111165
0.188549  2690.52 0.254813 0.000111165
0.188633  2690.52 0.254813 0.000111165
0.188716  2690.52 0.254813 0.000111165
0.1888  2690.52 0.254813 0.000111165
0.188884  2690.52 0.254813 0.000111165
0.188968  2690.51 0.254813 0.000111165
0.189052  2690.51 0.254813 0.000111165
0.189136  2690.51 0.254813 0.000111165
0.18922  2690.51 0.254813 0.000111165
0.189304  2690.51 0.254813 0.000111165
0.189388  2690.51 0.254813 0.000111166
0.189471  2690.5 0.254813 0.000111166
0.189555  2690.5 0.254813 0.000111166
0.189639  2690.5 0.254813 0.000111166
0.189723  2690.5 0.254813 0.000111166
0.189807  2690.5 0.254813 0.000111166
0.189891  2690.5 0.254813 0.000111166
0.190017  2690.49 0.254813 0.000111166
0.190185  2690.49 0.254813 0.000111166
0.190352  2690.49 0.254813 0.000111166
0.19052  2690.48 0.254813 0.000111167
0.190688  2690.48 0.254813 0.000111167
0.190856  2690.48 0.254813 0.000111167
0.191023  2690.47 0.254813 0.000111167
0.191191  2690.47 0.254813 0.000111167
0.191359  2690.47 0.254813 0.000111167
0.191527  2690.46 0.254813 0.000111167
0.191695  2690.46 0.254813 0.000111168
0.191862  2690.46 0.254813 0.000111168
0.19203  2690.45 0.254813 0.000111168
0.192198  2690.45 0.254813 0.000111168
0.192366  2690.45 0.254813 0.000111168
0.192534  2690.44 0.254813 0.000111168
0.192701  2690.44 0.254813 0.000111168
0.192869  2690.43 0.254813 0.000111169
0.193037  2690.43 0.254813 0.000111169
0.193205  2690.43 0.254813 0.000111169
0.193372  2690.42 0.254813 0.000111169
0.19354  2690.42 0.254813 0.000111169
0.193708  2690.42 0.254813 0.000111169
0.193876  2690.41 0.254813 0.000111169
0.194044  2690.41 0.254813 0.00011117
0.194211  2690.41 0.254813 0.00011117
0.194379  2690.4 0.254813 0.00011117
0.194547  2690.4 0.254813 0.00011117
0.194715  2690.4 0.254813 0.00011117
0.194883  2690.39 0.254813 0.00011117
0.19505  2690.39 0.254813 0.00011117
0.195218  2690.39 0.254813 0.000111171
0.19547  2690.38 0.254813 0.000111171
0.195805  2690.37 0.254813 0.000111171
0.196141  2690.37 0.254813 0.000111171
0.196477  2690.36 0.254813 0.000111172
0.196812  2690.35 0.254813 0.000111172
0.197148  2690.35 0.254813 0.000111172
0.197483  2690.34 0.254813 0.000111172
0.197819  2690.33 0.254813 0.000111173
0.198322  2690.32 0.254813 0.000111173
0.198993  2690.31 0.254813 0.000111174
0.199664  2690.29 0.254813 0.000111174
0.200336  2690.28 0.254813 0.000111175
0.202013  2690.25 0.254813 0.000111176
0.20604  2690.16 0.254813 0.00011118
0.211409  2690.05 0.254813 0.000111184
0.216779  2689.94 0.254813 0.000111189
0.222148  2689.83 0.254813 0.000111193
0.227517  2689.72 0.254813 0.000111198
0.232886  2689.62 0.254813 0.000111202
0.238255  2689.51 0.254813 0.000111207
0.243624  2689.41 0.254813 0.000111211
0.248993  2689.3 0.254813 0.000111215
0.254362  2689.2 0.254813 0.000111219
0.259732  2689.1 0.254813 0.000111224
0.265101  2689.01 0.254813 0.000111228
0.27047  2688.91 0.254813 0.000111231
0.275839  2688.82 0.254813 0.000111235
0.281208  2688.73 0.254813 0.000111239
0.286577  2688.65 0.254813 0.000111242
0.291946  2688.56 0.254813 0.000111246
0.297315  2688.48 0.254813 0.000111249
0.302685  2688.4 0.254813 0.000111252
0.308054  2688.33 0.254813 0.000111256
0.313423  2688.26 0.254813 0.000111259
0.324161  2688.12 0.254813 0.000111264
0.334899  2688 0.254813 0.000111269
0.345638  2687.88 0.254813 0.000111274
0.356376  2687.78 0.254813 0.000111278
0.367114  2687.69 0.254813 0.000111282
0.377852  2687.61 0.254813 0.000111285
0.388591  2687.54 0.254813 0.000111288
0.39396  2687.5 0.254813 0.00011129
0.399329  2687.5 0.254813 0.00011129
