TITLE="Graphics"
VARIABLES= "x", "T", "Y fr", "rho"
-0.0302389  293 0 0.000871523
-0.0256322  293 -0.156969 0.000799505
-0.0210255  293 5.5057e-16 0.000871523
-0.0164188  293 -0.156969 0.000799505
-0.0118121  293 1.87986e-15 0.000871523
-0.0083557  293 -0.0883638 0.000829462
-0.00489933  293 2.16973e-15 0.000871523
-0.00144295  293 -0.0883638 0.000829462
0.00201342  293 9.89114e-16 0.000871523
0.00469799  293 -0.0533065 0.000845654
0.00738255  293 2.07318e-15 0.000871523
0.0100671  293 -0.0533065 0.000845654
0.0127517  293 1.67386e-15 0.000871523
0.0154362  293 -0.0533065 0.000845654
0.0181208  293 1.50096e-15 0.000871523
0.0208054  293 -0.0533065 0.000845654
0.0234899  293 1.61526e-15 0.000871523
0.0261745  293 -0.0533065 0.000845654
0.0288591  293 1.6637e-15 0.000871523
0.0315436  293 -0.0533065 0.000845654
0.0342282  293 2.11942e-15 0.000871523
0.0369128  293 -0.0533065 0.000845654
0.0395973  293 2.12172e-15 0.000871523
0.0422819  293 -0.0533065 0.000845654
0.0449664  293 2.87745e-15 0.000871523
0.0489933  293 -0.11994 0.0008154
0.0530201  293 2.08254e-15 0.000871523
0.0557047  293 -0.0533065 0.000845654
0.0583893  293 4.3893e-15 0.000871523
0.0610738  293 -0.0533065 0.000845654
0.0637584  293 3.71593e-15 0.000871523
0.066443  293 -0.0533065 0.000845654
0.0691275  293 -7.87528e-15 0.000871523
0.0718121  293 -0.0533065 0.000845654
0.0744966  293 -3.52116e-13 0.000871523
0.0771812  293 -0.0533065 0.000845654
0.0798658  293 -1.00639e-11 0.000871523
0.0825503  293 -0.0533065 0.000845654
0.0852349  293 -2.4792e-10 0.000871523
0.0879195  293 -0.0533065 0.000845654
0.090604  293 -5.24005e-09 0.000871523
0.0932886  293 -0.0533064 0.000845654
0.0959732  293 -9.36297e-08 0.000871523
0.0986577  293 -0.0533061 0.000845654
0.101342  293 -1.38834e-06 0.000871522
0.104027  293 -0.0533014 0.000845657
0.106711  293 -1.66892e-05 0.000871515
0.109396  293 -0.0532527 0.00084568
0.112081  293 -0.000157768 0.000871444
0.114765  293 -0.052862 0.000845864
0.11745  293 -0.00112547 0.000870961
0.120134  293 -0.0506098 0.000846926
0.122819  293 -0.00571107 0.000868676
0.125503  293 -0.0421466 0.000850942
0.128188  293 -0.0188075 0.000862217
0.130872  293 -0.0253647 0.000859019
0.133557  293 -0.0343159 0.000854692
0.136242  293 -0.0187834 0.000862229
0.138926  293 -0.0273219 0.00085807
0.141611  293 -0.0328743 0.000855386
0.144295  293 -0.0224457 0.00086044
0.14698  293.001 -0.0215555 0.000860871
0.149664  293.02 -0.0310241 0.000856221
0.151678  293.238 -0.0340371 0.000854131
0.153691  294.391 -0.0309881 0.00085225
0.154362  295.862 -0.029167 0.000848884
0.155034  298.192 -0.0270732 0.000843247
0.155705  301.872 -0.0248803 0.000834001
0.156376  307.647 -0.022759 0.000819331
0.156879  314.081 -0.0213318 0.000803196
0.157383  322.94 -0.0200888 0.000781712
0.157886  335.014 -0.0190813 0.00075397
0.158389  351.257 -0.0183211 0.000719414
0.158725  365.047 -0.0179599 0.00069238
0.15906  381.54 -0.0177069 0.000662546
0.159396  401.1 -0.0175598 0.000630288
0.159732  424.089 -0.0175052 0.000596141
0.160067  450.853 -0.0175345 0.000560742
0.160403  481.715 -0.017632 0.000524788
0.160738  516.959 -0.0177862 0.000488967
0.161074  556.831 -0.0179827 0.000453905
0.161409  601.528 -0.0182107 0.000420122
0.161745  651.206 -0.0184594 0.000388018
0.162081  705.979 -0.0187203 0.000357861
0.162416  765.924 -0.0189856 0.000329803
0.162668  814.346 -0.0191817 0.000310158
0.162919  865.705 -0.0193701 0.000291726
0.163171  919.994 -0.0195412 0.000274485
0.163423  977.19 -0.019679 0.000258399
0.163591  1016.93 -0.0197357 0.000248292
0.163758  1057.93 -0.0197503 0.000238668
0.163926  1100.17 -0.0197044 0.000229512
0.164094  1143.6 -0.0195723 0.000220812
0.164262  1188.18 -0.0193214 0.000212557
0.16443  1233.87 -0.0189089 0.000204734
0.164597  1280.58 -0.0182824 0.000197336
0.164765  1328.24 -0.0173781 0.000190353
0.164933  1376.74 -0.0161217 0.000183778
0.165101  1425.95 -0.0144281 0.000177607
0.165185  1450.77 -0.0133825 0.000174673
0.165268  1475.7 -0.0121921 0.000171838
0.165352  1500.74 -0.0108447 0.000169102
0.165436  1525.84 -0.00932757 0.000166463
0.16552  1551 -0.00762866 0.000163922
0.165604  1576.17 -0.0057357 0.000161479
0.165646  1588.76 -0.00471214 0.000160293
0.165688  1601.34 -0.0036358 0.000159132
0.16573  1613.91 -0.00250534 0.000157995
0.165772  1626.47 -0.00131947 0.000156881
0.165814  1639.01 -7.69548e-05 0.000155792
0.165856  1651.54 0.00122337 0.000154726
0.165898  1664.04 0.00258258 0.000153684
0.16594  1676.51 0.0040017 0.000152665
0.165982  1688.94 0.00548164 0.00015167
0.166023  1701.35 0.00702323 0.000150698
0.166065  1713.71 0.0086272 0.000149749
0.166107  1726.03 0.0102942 0.000148824
0.166149  1738.3 0.0120246 0.000147921
0.166191  1750.51 0.013819 0.000147041
0.166233  1762.67 0.0156775 0.000146184
0.166275  1774.77 0.0176004 0.000145349
0.166317  1786.81 0.0195876 0.000144537
0.166359  1798.77 0.0216389 0.000143746
0.166401  1810.66 0.0237542 0.000142978
0.166443  1822.48 0.025933 0.000142232
0.166485  1834.21 0.0281748 0.000141507
0.166527  1845.86 0.0304789 0.000140803
0.166569  1857.41 0.0328444 0.000140121
0.166611  1868.88 0.0352703 0.000139459
0.166653  1880.24 0.0377555 0.000138818
0.166695  1891.5 0.0402987 0.000138198
0.166737  1902.66 0.0428984 0.000137597
0.166779  1913.71 0.0455531 0.000137017
0.16682  1924.65 0.048261 0.000136456
0.166862  1935.47 0.0510203 0.000135915
0.166904  1946.17 0.053829 0.000135392
0.166946  1956.75 0.0566849 0.000134888
0.166988  1967.2 0.0595858 0.000134403
0.16703  1977.52 0.0625294 0.000133936
0.167072  1987.71 0.065513 0.000133486
0.167114  1997.76 0.0685342 0.000133054
0.167156  2007.68 0.0715902 0.000132639
0.167198  2017.46 0.0746783 0.000132241
0.16724  2027.09 0.0777956 0.000131859
0.167282  2036.58 0.0809391 0.000131493
0.167324  2045.92 0.0841059 0.000131142
0.167366  2055.11 0.087293 0.000130807
0.167408  2064.15 0.0904972 0.000130487
0.16745  2073.04 0.0937154 0.000130181
0.167492  2081.77 0.0969444 0.000129889
0.167534  2090.35 0.100181 0.000129611
0.167576  2098.77 0.103423 0.000129346
0.167617  2107.03 0.106665 0.000129095
0.167659  2115.13 0.109906 0.000128855
0.167701  2123.08 0.113142 0.000128628
0.167743  2130.86 0.11637 0.000128412
0.167785  2138.49 0.119588 0.000128208
0.167827  2145.95 0.122791 0.000128015
0.167869  2153.26 0.125978 0.000127832
0.167911  2160.4 0.129145 0.00012766
0.167953  2167.38 0.132289 0.000127497
0.167995  2174.21 0.135409 0.000127343
0.168037  2180.88 0.138501 0.000127199
0.168079  2187.38 0.141563 0.000127063
0.168121  2193.73 0.144593 0.000126935
0.168163  2199.93 0.147588 0.000126815
0.168205  2205.97 0.150546 0.000126703
0.168247  2211.86 0.153466 0.000126598
0.168289  2217.59 0.156345 0.0001265
0.168331  2223.17 0.159182 0.000126408
0.168372  2228.61 0.161974 0.000126323
0.168414  2233.9 0.164722 0.000126243
0.168456  2239.04 0.167423 0.000126169
0.168498  2244.04 0.170075 0.0001261
0.16854  2248.9 0.172679 0.000126037
0.168582  2253.62 0.175232 0.000125977
0.168624  2258.2 0.177735 0.000125923
0.168666  2262.65 0.180186 0.000125872
0.168708  2266.97 0.182584 0.000125826
0.16875  2271.16 0.18493 0.000125783
0.168792  2275.22 0.187223 0.000125744
0.168834  2279.16 0.189463 0.000125707
0.168876  2282.97 0.191648 0.000125674
0.168918  2286.66 0.193781 0.000125644
0.16896  2290.24 0.19586 0.000125616
0.169002  2293.7 0.197885 0.000125591
0.169044  2297.06 0.199857 0.000125568
0.169086  2300.3 0.201776 0.000125547
0.169128  2303.43 0.203643 0.000125529
0.169169  2306.47 0.205458 0.000125512
0.169211  2309.4 0.207221 0.000125496
0.169253  2312.23 0.208933 0.000125482
0.169295  2314.97 0.210595 0.00012547
0.169337  2317.61 0.212207 0.000125459
0.169379  2320.17 0.213771 0.000125449
0.169421  2322.63 0.215286 0.00012544
0.169463  2325.01 0.216754 0.000125432
0.169505  2327.31 0.218176 0.000125425
0.169547  2329.53 0.219552 0.000125419
0.169589  2331.67 0.220883 0.000125414
0.169631  2333.73 0.222171 0.000125409
0.169673  2335.72 0.223416 0.000125405
0.169715  2337.64 0.22462 0.000125401
0.169757  2339.49 0.225782 0.000125398
0.169799  2341.27 0.226905 0.000125395
0.169841  2342.99 0.227989 0.000125393
0.169883  2344.65 0.229035 0.000125391
0.169924  2346.25 0.230045 0.000125389
0.169966  2347.79 0.231018 0.000125388
0.170008  2349.27 0.231957 0.000125386
0.17005  2350.7 0.232862 0.000125385
0.170092  2352.08 0.233734 0.000125384
0.170134  2353.4 0.234575 0.000125383
0.170176  2354.68 0.235384 0.000125383
0.170218  2355.91 0.236163 0.000125382
0.17026  2357.1 0.236914 0.000125381
0.170302  2358.24 0.237636 0.000125381
0.170344  2359.34 0.238331 0.00012538
0.170386  2360.4 0.239 0.00012538
0.170428  2361.42 0.239643 0.000125379
0.17047  2362.4 0.240261 0.000125379
0.170512  2363.35 0.240856 0.000125378
0.170554  2364.26 0.241428 0.000125377
0.170596  2365.14 0.241977 0.000125377
0.170638  2365.99 0.242505 0.000125376
0.17068  2366.8 0.243012 0.000125375
0.170721  2367.59 0.2435 0.000125374
0.170763  2368.34 0.243968 0.000125373
0.170805  2369.07 0.244417 0.000125372
0.170837  2369.6 0.244743 0.000125371
0.170868  2370.12 0.245059 0.000125371
0.1709  2370.62 0.245365 0.00012537
0.170931  2371.11 0.245662 0.000125369
0.170963  2371.59 0.24595 0.000125368
0.170994  2372.05 0.246229 0.000125367
0.171026  2372.5 0.246499 0.000125366
0.171057  2372.94 0.246762 0.000125364
0.17112  2373.78 0.247263 0.000125362
0.171183  2374.57 0.247733 0.000125359
0.171246  2375.33 0.248176 0.000125357
0.171309  2376.05 0.248591 0.000125353
0.171351  2376.51 0.248854 0.000125351
0.171393  2376.95 0.249105 0.000125349
0.171435  2377.38 0.249347 0.000125347
0.171477  2377.79 0.249579 0.000125345
0.17156  2378.58 0.250013 0.00012534
0.171644  2379.31 0.250412 0.000125334
0.171728  2380 0.250778 0.000125329
0.171812  2380.65 0.251115 0.000125323
0.171896  2381.26 0.251424 0.000125317
0.17198  2381.83 0.251707 0.000125311
0.172064  2382.37 0.251967 0.000125304
0.172148  2382.88 0.252206 0.000125297
0.172232  2383.36 0.252425 0.00012529
0.172315  2383.82 0.252626 0.000125283
0.172399  2384.25 0.25281 0.000125276
0.172483  2384.67 0.252978 0.000125268
0.172567  2385.06 0.253133 0.000125261
0.172651  2385.43 0.253275 0.000125253
0.172735  2385.79 0.253405 0.000125245
0.172819  2386.14 0.253524 0.000125237
0.172903  2386.47 0.253633 0.000125229
0.172987  2386.79 0.253733 0.000125221
0.17307  2387.09 0.253824 0.000125212
0.173154  2387.39 0.253908 0.000125204
0.173238  2387.67 0.253985 0.000125195
0.173322  2387.95 0.254055 0.000125187
0.17349  2388.48 0.254178 0.000125169
0.173658  2388.98 0.254281 0.000125151
0.173826  2389.46 0.254368 0.000125134
0.173993  2389.93 0.25444 0.000125115
0.174329  2390.8 0.25455 0.000125079
0.174664  2391.64 0.254628 0.000125042
0.175  2392.44 0.254683 0.000125004
0.175336  2393.22 0.254721 0.000124967
0.175671  2393.99 0.254749 0.000124929
0.176007  2394.74 0.254768 0.000124891
0.176342  2395.49 0.254781 0.000124853
0.176678  2396.24 0.254791 0.000124815
0.177013  2396.98 0.254797 0.000124777
0.177349  2397.72 0.254802 0.000124739
0.177685  2398.46 0.254805 0.000124701
0.17802  2399.2 0.254808 0.000124663
0.178356  2399.93 0.254809 0.000124625
0.178691  2400.67 0.25481 0.000124586
0.179027  2401.41 0.254811 0.000124548
0.179362  2402.15 0.254812 0.00012451
0.179698  2402.89 0.254812 0.000124472
0.180034  2403.62 0.254812 0.000124434
0.180369  2404.36 0.254813 0.000124395
0.180705  2405.1 0.254813 0.000124357
0.18104  2405.84 0.254813 0.000124319
0.181376  2406.57 0.254813 0.000124281
0.181711  2407.31 0.254813 0.000124243
0.182047  2408.05 0.254813 0.000124205
0.182383  2408.79 0.254813 0.000124167
0.182718  2409.52 0.254813 0.000124129
0.183054  2410.26 0.254813 0.000124091
0.183389  2410.99 0.254813 0.000124053
0.183725  2411.73 0.254813 0.000124015
0.18406  2412.46 0.254813 0.000123978
0.184396  2413.19 0.254813 0.00012394
0.184648  2413.74 0.254813 0.000123912
0.184815  2414.11 0.254813 0.000123893
0.184983  2414.48 0.254813 0.000123874
0.185151  2414.84 0.254813 0.000123856
0.185319  2415.21 0.254813 0.000123837
0.185487  2415.57 0.254813 0.000123818
0.185654  2415.94 0.254813 0.0001238
0.185822  2416.3 0.254813 0.000123781
0.18599  2416.66 0.254813 0.000123762
0.186158  2417.03 0.254813 0.000123744
0.186326  2417.39 0.254813 0.000123725
0.186493  2417.75 0.254813 0.000123706
0.186661  2418.12 0.254813 0.000123688
0.186829  2418.48 0.254813 0.000123669
0.186997  2418.84 0.254813 0.000123651
0.187164  2419.2 0.254813 0.000123632
0.187332  2419.56 0.254813 0.000123614
0.1875  2419.93 0.254813 0.000123595
0.187668  2420.29 0.254813 0.000123577
0.187836  2420.65 0.254813 0.000123559
0.188003  2421.01 0.254813 0.00012354
0.188171  2421.37 0.254813 0.000123522
0.188339  2421.72 0.254813 0.000123504
0.188507  2422.08 0.254813 0.000123485
0.188674  2422.44 0.254813 0.000123467
0.188842  2422.8 0.254813 0.000123449
0.18901  2423.16 0.254813 0.000123431
0.189178  2423.51 0.254813 0.000123412
0.189346  2423.87 0.254813 0.000123394
0.189513  2424.23 0.254813 0.000123376
0.189681  2424.58 0.254813 0.000123358
0.189849  2424.94 0.254813 0.00012334
0.190101  2425.47 0.254813 0.000123313
0.190436  2426.17 0.254813 0.000123277
0.190772  2426.88 0.254813 0.000123241
0.191107  2427.58 0.254813 0.000123206
0.191443  2428.28 0.254813 0.00012317
0.191779  2428.98 0.254813 0.000123135
0.192114  2429.68 0.254813 0.000123099
0.19245  2430.37 0.254813 0.000123064
0.192785  2431.06 0.254813 0.000123029
0.193121  2431.75 0.254813 0.000122994
0.193456  2432.43 0.254813 0.00012296
0.193792  2433.12 0.254813 0.000122925
0.194128  2433.8 0.254813 0.000122891
0.194463  2434.48 0.254813 0.000122857
0.194799  2435.15 0.254813 0.000122823
0.195134  2435.82 0.254813 0.000122789
0.195638  2436.82 0.254813 0.000122738
0.196309  2438.15 0.254813 0.000122672
0.19698  2439.46 0.254813 0.000122606
0.197651  2440.76 0.254813 0.00012254
0.198658  2442.68 0.254813 0.000122444
0.2  2445.19 0.254813 0.000122318
0.202013  2448.85 0.254813 0.000122136
0.20604  2455.69 0.254813 0.000121795
0.211409  2463.7 0.254813 0.000121399
0.216779  2470.2 0.254813 0.00012108
0.222148  2474.95 0.254813 0.000120848
0.227517  2477.72 0.254813 0.000120713
0.232886  2478.32 0.254813 0.000120683
0.238255  2476.61 0.254813 0.000120767
0.243624  2472.54 0.254813 0.000120965
0.248993  2466.17 0.254813 0.000121278
0.254362  2457.68 0.254813 0.000121697
0.259732  2447.39 0.254813 0.000122208
0.265101  2435.74 0.254813 0.000122793
0.27047  2423.26 0.254813 0.000123425
0.275839  2410.54 0.254813 0.000124077
0.281208  2398.17 0.254813 0.000124717
0.286577  2386.67 0.254813 0.000125318
0.291946  2376.47 0.254813 0.000125856
0.297315  2367.86 0.254813 0.000126313
0.302685  2361.01 0.254813 0.000126679
0.308054  2355.93 0.254813 0.000126953
0.313423  2352.5 0.254813 0.000127138
0.324161  2350.11 0.254813 0.000127267
0.334899  2350.94 0.254813 0.000127222
0.345638  2351.84 0.254813 0.000127174
0.356376  2350.02 0.254813 0.000127272
0.367114  2343.74 0.254813 0.000127613
0.377852  2332.84 0.254813 0.000128209
0.388591  2318.11 0.254813 0.000129024
0.39396  2310.9 0.254813 0.000129427
0.399329  2310.9 0.254813 0.000129427
