TITLE="Graphics"
VARIABLES= "x", "T1", "Y fr1", "rho1", "wdot1"
-0.0413737  293 0 0.000871523 9.6435e-15
-0.0258586  293 0.0282111 0.000885865 8.86041e-15
-0.0161616  293 0.017191 0.000880207 9.173e-15
-0.010101  293 0.0214957 0.000882408 9.05193e-15
0  293 0.00953813 0.00087632 9.38499e-15
0.010101  293.054 0.0214956 0.000882245 9.1265e-15
0.020202  293.074 0.00953802 0.000876098 9.49114e-15
0.030303  293.102 0.0214956 0.000882101 9.1926e-15
0.040404  293.14 0.00953791 0.000875902 9.5855e-15
0.0505051  293.192 0.0214956 0.000881832 9.31811e-15
0.0606061  293.263 0.00953779 0.000875535 9.76533e-15
0.0707071  293.36 0.0214955 0.000881325 9.55848e-15
0.0808081  293.494 0.00953768 0.000874846 1.01121e-14
0.0909091  293.677 0.0214954 0.000880375 1.00264e-14
0.10101  293.928 0.00953756 0.000873553 1.07959e-14
0.111111  294.272 0.0214954 0.000878594 1.09655e-14
0.121212  294.744 0.00953743 0.000871135 1.22017e-14
0.131313  295.39 0.0214953 0.000875268 1.29611e-14
0.141414  296.276 0.00953727 0.000866629 1.5327e-14
0.151515  297.49 0.0214953 0.000869091 1.76788e-14
0.161616  299.151 0.00953706 0.0008583 2.33607e-14
0.171717  301.426 0.0214951 0.000857742 3.12642e-14
0.181818  304.537 0.00953668 0.000843121 5.03269e-14
0.191919  308.789 0.0214949 0.00083729 8.72647e-14
0.20202  314.592 0.00756696 0.000815247 1.97394e-13
0.212121  322.499 0.0175584 0.000799864 5.25736e-13
0.222222  333.25 0.00363388 0.000767862 1.99667e-12
0.232323  347.821 0.0136722 0.000739966 9.82153e-12
0.242424  367.486 7.39642e-15 0.000694873 7.4016e-11
0.247475  380.682 0.00331088 0.000672064 2.46164e-10
0.252525  393.878 0.00463256 0.000650042 7.57311e-10
0.257576  411.453 0.023671 0.000629168 2.86049e-09
0.262626  429.028 0.0811941 0.000624286 8.18192e-09
0.267677  452.2 0.108747 0.000602283 3.24649e-08
0.272727  475.373 0.117808 0.000576119 1.20527e-07
0.277778  505.522 0.125513 0.000544341 5.58391e-07
0.282828  535.672 0.132754 0.000516014 2.14999e-06
0.287879  574.227 0.140258 0.000483622 9.73108e-06
0.292929  612.783 0.147465 0.00045524 3.58044e-05
0.29798  661.014 0.154961 0.000424016 0.00014567
0.30303  709.245 0.162166 0.000396983 0.000479352
0.308081  767.945 0.16966 0.000368385 0.00164059
0.313131  826.645 0.17686 0.0003438 0.00459454
0.318182  895.743 0.18434 0.000318802 0.0126907
0.323232  964.841 0.191493 0.000297336 0.0293908
0.328283  1043.06 0.198851 0.00027635 0.0645026
0.333333  1121.28 0.205684 0.000258216 0.122653
0.338384  1205.99 0.212373 0.000241127 0.216416
0.343434  1290.7 0.217827 0.000226107 0.347383
0.348485  1378.17 0.222167 0.000212361 0.527556
0.353535  1465.64 0.223873 0.000199912 0.797974
0.358586  1551.61 0.223194 0.000188751 1.21501
0.363636  1637.58 0.219073 0.000178358 1.94192
0.368687  1718.08 0.212959 0.000169322 3.02332
0.373737  1798.58 0.205344 0.000160942 4.59952
0.378788  1870.61 0.198478 0.000154057 6.41956
0.383838  1942.63 0.19306 0.000147826 8.48158
0.388889  2004.51 0.190006 0.000142981 10.3337
0.393939  2066.39 0.188891 0.0001386 12.0999
0.39899  2117.71 0.189418 0.000135287 13.4116
0.40404  2169.03 0.190916 0.000132214 14.5672
0.409091  2210.37 0.193073 0.000129922 15.2809
0.414141  2251.71 0.195546 0.00012774 15.8745
0.419192  2284.23 0.198243 0.000126141 16.1006
0.424242  2316.75 0.201036 0.000124596 16.2334
0.429293  2341.87 0.203922 0.000123491 16.0705
0.434343  2366.98 0.206846 0.000122413 15.8289
0.439394  2386.1 0.209823 0.000121668 15.3568
0.444444  2405.22 0.212821 0.000120938 14.8173
0.449495  2419.61 0.215855 0.000120457 14.104
0.454545  2434.01 0.218905 0.000119984 13.3334
0.464646  2455.5 0.225067 0.000119417 11.489
0.474747  2471.45 0.231293 0.000119135 9.37016
0.484848  2483.23 0.237574 0.000119065 7.04096
0.494949  2491.91 0.24389 0.00011915 4.55359
0.505051  2498.28 0.250352 0.000119361 1.89242
0.515152  2502.94 0.255953 0.000119588 -0.490213
0.525253  2506.36 0.254939 0.000119343 -0.0544272
0.535354  2508.86 0.254827 0.000119215 -0.00601481
0.545455  2510.69 0.254815 0.000119128 -0.000661655
0.555556  2512.02 0.254813 0.000119064 -7.25006e-05
0.565657  2512.99 0.254813 0.000119018 -7.91736e-06
0.575758  2513.7 0.254813 0.000118984 -8.61984e-07
0.585859  2514.22 0.254813 0.00011896 -9.35801e-08
0.59596  2514.6 0.254813 0.000118942 -1.01314e-08
0.606061  2514.88 0.254813 0.000118929 -1.09382e-09
0.616162  2515.08 0.254813 0.000118919 -1.1775e-10
0.626263  2515.22 0.254813 0.000118913 -1.26274e-11
0.636364  2515.33 0.254813 0.000118907 -1.38402e-12
0.646465  2515.41 0.254813 0.000118904 -1.23586e-13
0.656566  2515.47 0.254813 0.000118901 -2.47192e-14
0.666667  2515.51 0.254813 0.000118899 0
0.676768  2515.54 0.254813 0.000118898 0
0.686869  2515.56 0.254813 0.000118897 0
0.69697  2515.58 0.254813 0.000118896 0
0.707071  2515.59 0.254813 0.000118895 0
0.717172  2515.6 0.254813 0.000118895 0
0.727273  2515.6 0.254813 0.000118895 0
0.737374  2515.61 0.254813 0.000118894 0
0.747475  2515.61 0.254813 0.000118894 0
0.757576  2515.61 0.254813 0.000118894 0
0.767677  2515.62 0.254813 0.000118894 0
0.777778  2515.62 0.254813 0.000118894 0
0.787879  2515.62 0.254813 0.000118894 0
0.79798  2515.62 0.254813 0.000118894 0
0.808081  2515.62 0.254813 0.000118894 0
0.818182  2515.62 0.254813 0.000118894 0
0.828283  2515.62 0.254813 0.000118894 0
0.838384  2515.62 0.254813 0.000118894 0
0.848485  2515.62 0.254813 0.000118894 0
0.858586  2515.62 0.254813 0.000118894 0
0.868687  2515.62 0.254813 0.000118894 0
0.878788  2515.62 0.254813 0.000118894 0
0.888889  2515.62 0.254813 0.000118894 0
0.89899  2515.62 0.254813 0.000118894 0
0.909091  2515.62 0.254813 0.000118894 0
0.919192  2515.62 0.254813 0.000118894 0
0.929293  2515.62 0.254813 0.000118894 0
0.939394  2515.62 0.254813 0.000118894 0
0.949495  2515.62 0.254813 0.000118894 0
0.959596  2515.62 0.254813 0.000118894 0
0.969697  2515.62 0.254813 0.000118894 0
0.979798  2515.62 0.254813 0.000118894 0
0.989899  2515.62 0.254813 0.000118894 0
1  2515.62 0.254813 0.000118894 0
