TITLE="Graphics"
VARIABLES= "x", "T2", "Y fr2", "rho2", "Cp", "gamma"
-0.0206869  293 0 0.000871523 1.38692 1.40076
-0.0129293  293 0 0.000871523 1.38692 1.40076
-0.00808081  293 0 0.000871523 1.38692 1.40076
-0.00505051  293 0 0.000871523 1.38692 1.40076
0  293 0 0.000871523 1.38692 1.40076
0.00505051  293.29 0 0.000870662 1.38696 1.40074
0.010101  293.378 0 0.0008704 1.38697 1.40074
0.0151515  293.493 0 0.000870059 1.38699 1.40073
0.020202  293.643 0 0.000869614 1.38701 1.40072
0.0252525  293.839 0 0.000869034 1.38704 1.40071
0.030303  294.095 0 0.00086828 1.38708 1.40069
0.0353535  294.428 0 0.000867297 1.38713 1.40067
0.040404  294.862 0 0.00086602 1.38719 1.40065
0.0454545  295.428 0 0.00086436 1.38728 1.40061
0.0505051  296.167 0 0.000862205 1.38738 1.40057
0.0555556  297.129 0 0.000859412 1.38752 1.40051
0.0606061  298.383 0 0.0008558 1.38771 1.40044
0.0656566  300.017 0 0.000851139 1.38794 1.40034
0.0707071  302.145 0 0.000845145 1.38824 1.40022
0.0757576  304.915 0 0.000837468 1.38863 1.40006
0.0808081  308.517 0 0.000827688 1.38913 1.39986
0.0858586  313.2 0 0.000815315 1.38977 1.39961
0.0909091  319.277 0 0.000799794 1.39058 1.39928
0.0959596  327.156 0 0.000780534 1.39162 1.39887
0.10101  337.349 0.00796291 0.000760426 1.38857 1.39754
0.106061  350.503 0.0159258 0.000735262 1.38588 1.39606
0.111111  367.426 0.0238887 0.000704646 1.3837 1.39438
0.116162  389.109 0.0318516 0.000668478 1.38229 1.39239
0.118687  402.926 0.0358331 0.00064706 1.3821 1.3912
0.121212  416.744 0.0398145 0.000627068 1.38204 1.38995
0.123737  434.238 0.043796 0.000603216 1.38272 1.38842
0.126263  451.733 0.0477774 0.000581217 1.38361 1.38681
0.128788  473.696 0.0517589 0.000555574 1.38558 1.38479
0.131313  495.659 0.0557403 0.000532209 1.3879 1.38266
0.133838  522.942 0.0597218 0.000505636 1.39174 1.37995
0.136364  550.226 0.0637032 0.000481703 1.39605 1.3771
0.138889  583.677 0.0676847 0.000455176 1.40236 1.37355
0.141414  617.128 0.0716662 0.000431529 1.4092 1.36986
0.143939  657.487 0.0756476 0.000406008 1.41841 1.36538
0.146465  697.846 0.0796291 0.000383442 1.42805 1.36085
0.14899  745.607 0.0836105 0.000359742 1.44013 1.35558
0.151515  793.368 0.087592 0.000338899 1.45237 1.35039
0.15404  848.611 0.0915734 0.000317601 1.4668 1.34464
0.156566  903.854 0.0955549 0.00029891 1.48111 1.33907
0.159091  966.087 0.0995363 0.000280333 1.4973 1.33311
0.161616  1028.32 0.103518 0.000264007 1.51324 1.32739
0.164141  1096.38 0.107499 0.000248222 1.53014 1.32157
0.166667  1164.43 0.111481 0.000234285 1.54646 1.31608
0.169192  1236.49 0.115462 0.000221172 1.56308 1.31068
0.171717  1308.54 0.119444 0.000209506 1.57891 1.30563
0.174242  1382.26 0.123425 0.000198821 1.59432 1.30082
0.176768  1455.97 0.127406 0.00018922 1.60893 1.29633
0.179293  1528.78 0.131388 0.000180654 1.62259 1.29217
0.181818  1601.6 0.135369 0.000172868 1.63553 1.28827
0.184343  1671.07 0.139351 0.000166092 1.64723 1.28473
0.186869  1740.55 0.143332 0.000159859 1.65834 1.28138
0.189394  1804.68 0.147314 0.000154563 1.66809 1.27839
0.191919  1868.82 0.151295 0.000149632 1.67739 1.27554
0.194444  1926.24 0.155277 0.000145536 1.68534 1.27301
0.19697  1983.66 0.159258 0.000141678 1.69298 1.27058
0.199495  2033.68 0.16324 0.000138542 1.69936 1.26843
0.20202  2083.7 0.167221 0.000135558 1.70553 1.26635
0.204545  2126.24 0.171202 0.000133182 1.71059 1.2645
0.207071  2168.78 0.175184 0.000130901 1.71551 1.2627
0.209596  2204.24 0.179165 0.000129124 1.71949 1.2611
0.212121  2239.69 0.183147 0.000127404 1.72338 1.25952
0.214646  2268.74 0.187128 0.000126095 1.72647 1.2581
0.217172  2297.79 0.19111 0.000124821 1.72952 1.2567
0.219697  2321.26 0.195091 0.000123876 1.73192 1.25543
0.222222  2344.72 0.199073 0.000122953 1.7343 1.25417
0.224747  2363.47 0.203054 0.000122293 1.73615 1.25301
0.227273  2382.22 0.207036 0.000121645 1.73798 1.25185
0.229798  2397.06 0.211017 0.000121206 1.73941 1.25078
0.232323  2411.91 0.214998 0.000120774 1.74082 1.24971
0.234848  2423.57 0.21898 0.000120507 1.74191 1.2487
0.237374  2435.24 0.222961 0.000120244 1.74299 1.2477
0.242424  2453.48 0.230924 0.000119979 1.74464 1.24579
0.247475  2467.67 0.238887 0.00011992 1.74589 1.24396
0.252525  2478.68 0.24685 0.000120023 1.74683 1.2422
0.257576  2487.19 0.254813 0.000120253 1.74752 1.24048
0.262626  2493.76 0.254813 0.000119936 1.74816 1.24037
0.267677  2498.82 0.254813 0.000119693 1.74865 1.24029
0.272727  2502.72 0.254813 0.000119507 1.74903 1.24022
0.277778  2505.72 0.254813 0.000119364 1.74932 1.24017
0.282828  2508.02 0.254813 0.000119254 1.74954 1.24014
0.287879  2509.79 0.254813 0.00011917 1.74971 1.24011
0.292929  2511.15 0.254813 0.000119105 1.74984 1.24009
0.29798  2512.19 0.254813 0.000119056 1.74994 1.24007
0.30303  2512.99 0.254813 0.000119018 1.75001 1.24006
0.308081  2513.6 0.254813 0.000118989 1.75007 1.24005
0.313131  2514.07 0.254813 0.000118967 1.75012 1.24004
0.318182  2514.43 0.254813 0.00011895 1.75015 1.24003
0.323232  2514.71 0.254813 0.000118937 1.75018 1.24003
0.328283  2514.92 0.254813 0.000118927 1.7502 1.24002
0.333333  2515.09 0.254813 0.000118919 1.75021 1.24002
0.338384  2515.21 0.254813 0.000118913 1.75022 1.24002
0.343434  2515.31 0.254813 0.000118909 1.75023 1.24002
0.348485  2515.38 0.254813 0.000118905 1.75024 1.24002
0.353535  2515.44 0.254813 0.000118903 1.75025 1.24002
0.358586  2515.48 0.254813 0.0001189 1.75025 1.24002
0.363636  2515.51 0.254813 0.000118899 1.75025 1.24001
0.368687  2515.54 0.254813 0.000118898 1.75026 1.24001
0.373737  2515.56 0.254813 0.000118897 1.75026 1.24001
0.378788  2515.57 0.254813 0.000118896 1.75026 1.24001
0.383838  2515.58 0.254813 0.000118896 1.75026 1.24001
0.388889  2515.59 0.254813 0.000118895 1.75026 1.24001
0.393939  2515.6 0.254813 0.000118895 1.75026 1.24001
0.39899  2515.6 0.254813 0.000118895 1.75026 1.24001
0.40404  2515.61 0.254813 0.000118894 1.75026 1.24001
0.409091  2515.61 0.254813 0.000118894 1.75026 1.24001
0.414141  2515.61 0.254813 0.000118894 1.75026 1.24001
0.419192  2515.61 0.254813 0.000118894 1.75026 1.24001
0.424242  2515.62 0.254813 0.000118894 1.75026 1.24001
0.429293  2515.62 0.254813 0.000118894 1.75026 1.24001
0.434343  2515.62 0.254813 0.000118894 1.75026 1.24001
0.439394  2515.62 0.254813 0.000118894 1.75026 1.24001
0.444444  2515.62 0.254813 0.000118894 1.75026 1.24001
0.449495  2515.62 0.254813 0.000118894 1.75026 1.24001
0.454545  2515.62 0.254813 0.000118894 1.75026 1.24001
0.459596  2515.62 0.254813 0.000118894 1.75026 1.24001
0.464646  2515.62 0.254813 0.000118894 1.75026 1.24001
0.469697  2515.62 0.254813 0.000118894 1.75026 1.24001
0.474747  2515.62 0.254813 0.000118894 1.75026 1.24001
0.479798  2515.62 0.254813 0.000118894 1.75026 1.24001
0.484848  2515.62 0.254813 0.000118894 1.75026 1.24001
0.489899  2515.62 0.254813 0.000118894 1.75026 1.24001
0.494949  2515.62 0.254813 0.000118894 1.75026 1.24001
0.5  2515.62 0.254813 0.000118894 1.75026 1.24001
