TITLE="Graphics"
VARIABLES= "x", "h"
-0.016494  0.000628188
-0.0158658  0.000628188
-0.0152376  0.000628188
-0.0146094  0.000628188
-0.0139812  0.000628188
-0.013353  0.000628188
-0.0127248  0.000628188
-0.0120966  0.000628188
-0.0114685  0.000628188
-0.0108403  0.000628188
-0.0102121  0.000628188
-0.00958389  0.000628188
-0.0089557  0.000628188
-0.00832752  0.000628188
-0.00769933  0.000628188
-0.00707114  0.000628188
-0.00644295  0.000486577
-0.00595638  0.000486577
-0.0054698  0.000486577
-0.00498322  0.000486577
-0.00449664  0.000486577
-0.00401007  0.000486577
-0.00352349  0.000486577
-0.00303691  0.000486577
-0.00255034  0.000486577
-0.00206376  0.000486577
-0.00157718  0.000486577
-0.0010906  0.000486577
-0.000604027  0.000486577
-0.00011745  0.000486577
0.000369128  0.000486577
0.000855705  0.000486577
0.00134228  0.000671141
0.00201342  0.000671141
0.00268456  0.000671141
0.0033557  0.000671141
0.00402685  0.000671141
0.00469799  0.000671141
0.00536913  0.000671141
0.00604027  0.000671141
0.00671141  0.000671141
0.00738255  0.000671141
0.00805369  0.000671141
0.00872483  0.000671141
0.00939597  0.000671141
0.0100671  0.000671141
0.0107383  0.000671141
0.0114094  0.000671141
0.0120805  0.00134228
0.0134228  0.00134228
0.0147651  0.00134228
0.0161074  0.00134228
0.0174497  0.000671141
0.0181208  0.000671141
0.0187919  0.000671141
0.0194631  0.000671141
0.0201342  0.000671141
0.0208054  0.000671141
0.0214765  0.000671141
0.0221477  0.000671141
0.0228188  0.000671141
0.0234899  0.000671141
0.0241611  0.000671141
0.0248322  0.000671141
0.0255034  0.000671141
0.0261745  0.000671141
0.0268456  0.000671141
0.0275168  0.000671141
0.0281879  0.00134228
0.0295302  0.00134228
0.0308725  0.00134228
0.0322148  0.00134228
0.033557  0.00134228
0.0348993  0.00134228
0.0362416  0.00134228
0.0375839  0.00134228
0.0389262  0.00134228
0.0402685  0.00134228
0.0416107  0.00134228
0.042953  0.00134228
0.0442953  0.00134228
0.0456376  0.00134228
0.0469799  0.00134228
0.0483221  0.00134228
0.0496644  0.00134228
0.0510067  0.00134228
0.052349  0.00134228
0.0536913  0.00134228
0.0550336  0.00100671
0.0560403  0.00100671
0.057047  0.00100671
0.0580537  0.00100671
0.0590604  0.000503356
0.0595638  0.000503356
0.0600671  0.000503356
0.0605705  0.000503356
0.0610738  0.000671141
0.061745  0.000671141
0.0624161  0.000503356
0.0629195  0.000503356
0.0634228  0.000671141
0.064094  0.000671141
0.0647651  0.000671141
0.0654362  0.00033557
0.0657718  0.00033557
0.0661074  0.00033557
0.066443  0.00033557
0.0667785  0.000671141
0.0674497  0.000671141
0.0681208  0.000503356
0.0686242  0.00033557
0.0689597  0.00033557
0.0692953  0.000167785
0.0694631  0.000167785
0.0696309  0.000167785
0.0697987  0.000167785
0.0699664  0.000167785
0.0701342  0.000167785
0.070302  0.00033557
0.0706376  0.00033557
0.0709732  0.000251678
0.0712248  0.000167785
0.0713926  0.000167785
0.0715604  0.000167785
0.0717282  0.000167785
0.071896  0.000167785
0.0720638  0.000167785
0.0722315  0.000167785
0.0723993  0.000167785
0.0725671  0.000167785
0.0727349  0.000167785
0.0729027  0.000167785
0.0730705  0.000167785
0.0732383  0.000167785
0.073406  0.000167785
0.0735738  0.000167785
0.0737416  0.000167785
0.0739094  0.000167785
0.0740772  0.000167785
0.074245  0.000167785
0.0744128  0.000167785
0.0745805  0.000167785
0.0747483  0.000167785
0.0749161  0.000167785
0.0750839  0.000167785
0.0752517  0.000167785
0.0754195  0.000167785
0.0755872  0.000167785
0.075755  0.000167785
0.0759228  0.000167785
0.0760906  0.000167785
0.0762584  0.000167785
0.0764262  0.000167785
0.076594  0.000167785
0.0767617  0.000167785
0.0769295  0.000167785
0.0770973  0.000167785
0.0772651  0.000167785
0.0774329  0.000167785
0.0776007  0.000167785
0.0777685  0.000167785
0.0779362  0.000167785
0.078104  0.000167785
0.0782718  0.000167785
0.0784396  0.000167785
0.0786074  8.38926e-05
0.0786913  8.38926e-05
0.0787752  8.38926e-05
0.0788591  8.38926e-05
0.078943  8.38926e-05
0.0790268  8.38926e-05
0.0791107  8.38926e-05
0.0791946  8.38926e-05
0.0792785  4.19463e-05
0.0793205  4.19463e-05
0.0793624  4.19463e-05
0.0794044  4.19463e-05
0.0794463  4.19463e-05
0.0794883  4.19463e-05
0.0795302  4.19463e-05
0.0795721  4.19463e-05
0.0796141  4.19463e-05
0.079656  4.19463e-05
0.079698  4.19463e-05
0.0797399  4.19463e-05
0.0797819  4.19463e-05
0.0798238  4.19463e-05
0.0798658  4.19463e-05
0.0799077  4.19463e-05
0.0799497  4.19463e-05
0.0799916  4.19463e-05
0.0800336  4.19463e-05
0.0800755  4.19463e-05
0.0801174  4.19463e-05
0.0801594  4.19463e-05
0.0802013  4.19463e-05
0.0802433  4.19463e-05
0.0802852  4.19463e-05
0.0803272  4.19463e-05
0.0803691  4.19463e-05
0.0804111  4.19463e-05
0.080453  4.19463e-05
0.080495  4.19463e-05
0.0805369  4.19463e-05
0.0805789  4.19463e-05
0.0806208  8.38926e-05
0.0807047  8.38926e-05
0.0807886  4.19463e-05
0.0808305  4.19463e-05
0.0808725  4.19463e-05
0.0809144  4.19463e-05
0.0809564  4.19463e-05
0.0809983  4.19463e-05
0.0810403  4.19463e-05
0.0810822  4.19463e-05
0.0811242  4.19463e-05
0.0811661  4.19463e-05
0.0812081  4.19463e-05
0.08125  4.19463e-05
0.0812919  4.19463e-05
0.0813339  4.19463e-05
0.0813758  4.19463e-05
0.0814178  4.19463e-05
0.0814597  8.38926e-05
0.0815436  8.38926e-05
0.0816275  8.38926e-05
0.0817114  8.38926e-05
0.0817953  6.29195e-05
0.0818582  6.29195e-05
0.0819211  8.38926e-05
0.082005  8.38926e-05
0.0820889  8.38926e-05
0.0821728  8.38926e-05
0.0822567  8.38926e-05
0.0823406  8.38926e-05
0.0824245  8.38926e-05
0.0825084  8.38926e-05
0.0825923  8.38926e-05
0.0826762  8.38926e-05
0.0827601  8.38926e-05
0.082844  8.38926e-05
0.0829279  8.38926e-05
0.0830117  8.38926e-05
0.0830956  8.38926e-05
0.0831795  8.38926e-05
0.0832634  8.38926e-05
0.0833473  8.38926e-05
0.0834312  8.38926e-05
0.0835151  8.38926e-05
0.083599  8.38926e-05
0.0836829  8.38926e-05
0.0837668  8.38926e-05
0.0838507  8.38926e-05
0.0839346  8.38926e-05
0.0840185  8.38926e-05
0.0841023  8.38926e-05
0.0841862  8.38926e-05
0.0842701  8.38926e-05
0.084354  8.38926e-05
0.0844379  8.38926e-05
0.0845218  8.38926e-05
0.0846057  8.38926e-05
0.0846896  8.38926e-05
0.0847735  8.38926e-05
0.0848574  8.38926e-05
0.0849413  8.38926e-05
0.0850252  8.38926e-05
0.0851091  8.38926e-05
0.085193  8.38926e-05
0.0852768  8.38926e-05
0.0853607  8.38926e-05
0.0854446  8.38926e-05
0.0855285  8.38926e-05
0.0856124  8.38926e-05
0.0856963  8.38926e-05
0.0857802  8.38926e-05
0.0858641  8.38926e-05
0.085948  8.38926e-05
0.0860319  8.38926e-05
0.0861158  8.38926e-05
0.0861997  8.38926e-05
0.0862836  8.38926e-05
0.0863674  8.38926e-05
0.0864513  8.38926e-05
0.0865352  8.38926e-05
0.0866191  8.38926e-05
0.086703  8.38926e-05
0.0867869  8.38926e-05
0.0868708  8.38926e-05
0.0869547  8.38926e-05
0.0870386  8.38926e-05
0.0871225  8.38926e-05
0.0872064  8.38926e-05
0.0872903  8.38926e-05
0.0873742  8.38926e-05
0.0874581  8.38926e-05
0.0875419  8.38926e-05
0.0876258  8.38926e-05
0.0877097  8.38926e-05
0.0877936  8.38926e-05
0.0878775  8.38926e-05
0.0879614  8.38926e-05
0.0880453  8.38926e-05
0.0881292  8.38926e-05
0.0882131  8.38926e-05
0.088297  8.38926e-05
0.0883809  8.38926e-05
0.0884648  8.38926e-05
0.0885487  4.19463e-05
0.0885906  4.19463e-05
0.0886326  4.19463e-05
0.0886745  4.19463e-05
0.0887164  4.19463e-05
0.0887584  4.19463e-05
0.0888003  4.19463e-05
0.0888423  4.19463e-05
0.0888842  4.19463e-05
0.0889262  4.19463e-05
0.0889681  4.19463e-05
0.0890101  4.19463e-05
0.089052  4.19463e-05
0.089094  4.19463e-05
0.0891359  4.19463e-05
0.0891779  4.19463e-05
0.0892198  4.19463e-05
0.0892617  4.19463e-05
0.0893037  4.19463e-05
0.0893456  4.19463e-05
0.0893876  4.19463e-05
0.0894295  4.19463e-05
0.0894715  4.19463e-05
0.0895134  4.19463e-05
0.0895554  4.19463e-05
0.0895973  4.19463e-05
0.0896393  4.19463e-05
0.0896812  4.19463e-05
0.0897232  4.19463e-05
0.0897651  4.19463e-05
0.089807  4.19463e-05
0.089849  4.19463e-05
0.0898909  6.29195e-05
0.0899539  6.29195e-05
0.0900168  8.38926e-05
0.0901007  8.38926e-05
0.0901846  8.38926e-05
0.0902685  8.38926e-05
0.0903523  8.38926e-05
0.0904362  8.38926e-05
0.0905201  8.38926e-05
0.090604  8.38926e-05
0.0906879  8.38926e-05
0.0907718  8.38926e-05
0.0908557  8.38926e-05
0.0909396  8.38926e-05
0.0910235  8.38926e-05
0.0911074  8.38926e-05
0.0911913  8.38926e-05
0.0912752  8.38926e-05
0.0913591  8.38926e-05
0.091443  8.38926e-05
0.0915268  8.38926e-05
0.0916107  8.38926e-05
0.0916946  8.38926e-05
0.0917785  8.38926e-05
0.0918624  8.38926e-05
0.0919463  8.38926e-05
0.0920302  8.38926e-05
0.0921141  8.38926e-05
0.092198  8.38926e-05
0.0922819  8.38926e-05
0.0923658  8.38926e-05
0.0924497  8.38926e-05
0.0925336  8.38926e-05
0.0926174  8.38926e-05
0.0927013  8.38926e-05
0.0927852  8.38926e-05
0.0928691  8.38926e-05
0.092953  8.38926e-05
0.0930369  8.38926e-05
0.0931208  8.38926e-05
0.0932047  8.38926e-05
0.0932886  8.38926e-05
0.0933725  8.38926e-05
0.0934564  8.38926e-05
0.0935403  8.38926e-05
0.0936242  8.38926e-05
0.0937081  8.38926e-05
0.0937919  8.38926e-05
0.0938758  8.38926e-05
0.0939597  8.38926e-05
0.0940436  8.38926e-05
0.0941275  8.38926e-05
0.0942114  8.38926e-05
0.0942953  8.38926e-05
0.0943792  8.38926e-05
0.0944631  8.38926e-05
0.094547  8.38926e-05
0.0946309  8.38926e-05
0.0947148  8.38926e-05
0.0947987  8.38926e-05
0.0948826  8.38926e-05
0.0949664  8.38926e-05
0.0950503  8.38926e-05
0.0951342  8.38926e-05
0.0952181  6.29195e-05
0.095281  6.29195e-05
0.095344  6.29195e-05
0.0954069  6.29195e-05
0.0954698  8.38926e-05
0.0955537  8.38926e-05
0.0956376  8.38926e-05
0.0957215  8.38926e-05
0.0958054  8.38926e-05
0.0958893  8.38926e-05
0.0959732  8.38926e-05
0.096057  8.38926e-05
0.0961409  8.38926e-05
0.0962248  8.38926e-05
0.0963087  8.38926e-05
0.0963926  8.38926e-05
0.0964765  8.38926e-05
0.0965604  8.38926e-05
0.0966443  8.38926e-05
0.0967282  8.38926e-05
0.0968121  8.38926e-05
0.096896  8.38926e-05
0.0969799  8.38926e-05
0.0970638  8.38926e-05
0.0971477  8.38926e-05
0.0972315  8.38926e-05
0.0973154  8.38926e-05
0.0973993  8.38926e-05
0.0974832  8.38926e-05
0.0975671  8.38926e-05
0.097651  8.38926e-05
0.0977349  8.38926e-05
0.0978188  0.000125839
0.0979446  0.000125839
0.0980705  0.000125839
0.0981963  0.000125839
0.0983221  0.000167785
0.0984899  0.000167785
0.0986577  0.000167785
0.0988255  0.000167785
0.0989933  0.000167785
0.0991611  0.000167785
0.0993289  0.000167785
0.0994966  0.000167785
0.0996644  0.000167785
0.0998322  0.000167785
0.1  0.000167785
0.100168  0.000167785
0.100336  0.000419463
0.100755  0.000419463
0.101174  0.000419463
0.101594  0.000419463
0.102013  0.00100671
0.10302  0.00100671
0.104027  0.00100671
0.105034  0.00100671
0.10604  0.00033557
0.106376  0.00033557
0.106711  0.00033557
0.107047  0.00033557
0.107383  0.00033557
0.107718  0.00033557
0.108054  0.00033557
0.108389  0.00033557
0.108725  0.00033557
0.10906  0.00033557
0.109396  0.00033557
0.109732  0.00033557
0.110067  0.00033557
0.110403  0.00033557
0.110738  0.00033557
0.111074  0.00033557
0.111409  0.00033557
0.111745  0.00033557
0.112081  0.00033557
0.112416  0.00033557
0.112752  0.00033557
0.113087  0.00033557
0.113423  0.00033557
0.113758  0.00033557
0.114094  0.00033557
0.11443  0.00033557
0.114765  0.00033557
0.115101  0.00033557
0.115436  0.00033557
0.115772  0.00033557
0.116107  0.00033557
0.116443  0.00033557
0.116779  0.00033557
0.117114  0.00033557
0.11745  0.00033557
0.117785  0.00033557
0.118121  0.00033557
0.118456  0.00033557
0.118792  0.00033557
0.119128  0.00033557
0.119463  0.00033557
0.119799  0.00033557
0.120134  0.00033557
0.12047  0.00033557
0.120805  0.00033557
0.121141  0.00033557
0.121477  0.00033557
0.121812  0.00033557
0.122148  0.00134228
0.12349  0.00134228
0.124832  0.00134228
0.126174  0.00134228
0.127517  0.00134228
0.128859  0.00134228
0.130201  0.00134228
0.131544  0.00134228
0.132886  0.00134228
0.134228  0.00134228
0.13557  0.00134228
0.136913  0.00134228
0.138255  0.00536913
0.143624  0.00536913
0.148993  0.00536913
0.154362  0.00536913
0.159732  0.00536913
0.165101  0.00134228
0.166443  0.00134228
0.167785  0.00134228
0.169128  0.00134228
0.17047  0.00134228
0.171812  0.00134228
0.173154  0.00134228
0.174497  0.00134228
0.175839  0.00134228
0.177181  0.00134228
0.178523  0.00134228
0.179866  0.00134228
0.181208  0.00134228
0.18255  0.00134228
0.183893  0.00134228
0.185235  0.00134228
0.186577  0.00134228
0.187919  0.00134228
0.189262  0.00134228
0.190604  0.00134228
0.191946  0.00268456
0.194631  0.00268456
