TITLE="Graphics"
VARIABLES= "x", "h"
-0.0302389  0.00921342
-0.0210255  0.00921342
-0.0118121  0.00691275
-0.00489933  0.00691275
0.00201342  0.00536913
0.00738255  0.00536913
0.0127517  0.00536913
0.0181208  0.00536913
0.0234899  0.00536913
0.0288591  0.00536913
0.0342282  0.00536913
0.0395973  0.00536913
0.0449664  0.00402685
0.0489933  0.00402685
0.0530201  0.00268456
0.0557047  0.00268456
0.0583893  0.00268456
0.0610738  0.00268456
0.0637584  0.00268456
0.066443  0.00268456
0.0691275  0.00268456
0.0718121  0.00268456
0.0744966  0.00268456
0.0771812  0.00268456
0.0798658  0.00268456
0.0825503  0.00268456
0.0852349  0.00268456
0.0879195  0.00268456
0.090604  0.00268456
0.0932886  0.00268456
0.0959732  0.00268456
0.0986577  0.00268456
0.101342  0.00268456
0.104027  0.00268456
0.106711  0.00268456
0.109396  0.00268456
0.112081  0.00268456
0.114765  0.00268456
0.11745  0.00268456
0.120134  0.00268456
0.122819  0.00268456
0.125503  0.00268456
0.128188  0.00268456
0.130872  0.00268456
0.133557  0.00268456
0.136242  0.00268456
0.138926  0.00268456
0.141611  0.00268456
0.144295  0.00268456
0.14698  0.00268456
0.149664  0.00268456
0.152349  0.00268456
0.155034  0.00402685
0.15906  0.00201342
0.161074  0.00134228
0.162416  0.00100671
0.163423  0.000671141
0.164094  0.000671141
0.164765  0.00033557
0.165101  0.00033557
0.165436  0.00033557
0.165772  0.00033557
0.166107  0.00033557
0.166443  0.00033557
0.166779  0.00033557
0.167114  0.00033557
0.16745  0.00033557
0.167785  0.00033557
0.168121  0.000251678
0.168372  0.000251678
0.168624  0.000167785
0.168792  0.000167785
0.16896  0.000167785
0.169128  0.000167785
0.169295  0.000167785
0.169463  0.000167785
0.169631  0.000167785
0.169799  0.000167785
0.169966  0.000167785
0.170134  0.000167785
0.170302  0.000167785
0.17047  0.000167785
0.170638  0.000167785
0.170805  0.000167785
0.170973  6.29195e-05
0.171036  6.29195e-05
0.171099  6.29195e-05
0.171162  6.29195e-05
0.171225  4.19463e-05
0.171267  4.19463e-05
0.171309  4.19463e-05
0.171351  4.19463e-05
0.171393  4.19463e-05
0.171435  4.19463e-05
0.171477  4.19463e-05
0.171518  4.19463e-05
0.17156  4.19463e-05
0.171602  4.19463e-05
0.171644  4.19463e-05
0.171686  4.19463e-05
0.171728  4.19463e-05
0.17177  4.19463e-05
0.171812  4.19463e-05
0.171854  4.19463e-05
0.171896  4.19463e-05
0.171938  4.19463e-05
0.17198  4.19463e-05
0.172022  4.19463e-05
0.172064  4.19463e-05
0.172106  4.19463e-05
0.172148  4.19463e-05
0.17219  4.19463e-05
0.172232  4.19463e-05
0.172273  4.19463e-05
0.172315  4.19463e-05
0.172357  4.19463e-05
0.172399  4.19463e-05
0.172441  4.19463e-05
0.172483  4.19463e-05
0.172525  4.19463e-05
0.172567  4.19463e-05
0.172609  4.19463e-05
0.172651  4.19463e-05
0.172693  4.19463e-05
0.172735  4.19463e-05
0.172777  4.19463e-05
0.172819  4.19463e-05
0.172861  4.19463e-05
0.172903  4.19463e-05
0.172945  4.19463e-05
0.172987  4.19463e-05
0.173029  4.19463e-05
0.17307  4.19463e-05
0.173112  4.19463e-05
0.173154  4.19463e-05
0.173196  4.19463e-05
0.173238  4.19463e-05
0.17328  4.19463e-05
0.173322  4.19463e-05
0.173364  4.19463e-05
0.173406  4.19463e-05
0.173448  4.19463e-05
0.17349  4.19463e-05
0.173532  4.19463e-05
0.173574  4.19463e-05
0.173616  4.19463e-05
0.173658  4.19463e-05
0.1737  4.19463e-05
0.173742  4.19463e-05
0.173784  4.19463e-05
0.173826  4.19463e-05
0.173867  4.19463e-05
0.173909  4.19463e-05
0.173951  4.19463e-05
0.173993  4.19463e-05
0.174035  4.19463e-05
0.174077  4.19463e-05
0.174119  4.19463e-05
0.174161  4.19463e-05
0.174203  4.19463e-05
0.174245  4.19463e-05
0.174287  4.19463e-05
0.174329  4.19463e-05
0.174371  4.19463e-05
0.174413  4.19463e-05
0.174455  4.19463e-05
0.174497  4.19463e-05
0.174539  4.19463e-05
0.174581  4.19463e-05
0.174622  4.19463e-05
0.174664  4.19463e-05
0.174706  4.19463e-05
0.174748  4.19463e-05
0.17479  4.19463e-05
0.174832  4.19463e-05
0.174874  4.19463e-05
0.174916  8.38926e-05
0.175  8.38926e-05
0.175084  8.38926e-05
0.175168  8.38926e-05
0.175252  8.38926e-05
0.175336  8.38926e-05
0.175419  8.38926e-05
0.175503  8.38926e-05
0.175587  8.38926e-05
0.175671  8.38926e-05
0.175755  8.38926e-05
0.175839  8.38926e-05
0.175923  8.38926e-05
0.176007  8.38926e-05
0.176091  8.38926e-05
0.176174  8.38926e-05
0.176258  0.000167785
0.176426  0.000167785
0.176594  0.000167785
0.176762  0.000167785
0.17693  0.000167785
0.177097  0.000167785
0.177265  0.000167785
0.177433  0.000167785
0.177601  0.000167785
0.177768  0.000167785
0.177936  0.000167785
0.178104  0.000167785
0.178272  0.000167785
0.17844  0.000167785
0.178607  0.000167785
0.178775  0.000167785
0.178943  0.000167785
0.179111  0.000167785
0.179279  0.000167785
0.179446  0.000167785
0.179614  0.000167785
0.179782  0.000167785
0.17995  0.000167785
0.180117  0.000167785
0.180285  0.000167785
0.180453  0.000167785
0.180621  0.000167785
0.180789  0.000167785
0.180956  0.000167785
0.181124  0.000167785
0.181292  0.000167785
0.18146  0.000167785
0.181628  0.000167785
0.181795  0.000125839
0.181921  8.38926e-05
0.182005  8.38926e-05
0.182089  8.38926e-05
0.182173  8.38926e-05
0.182257  8.38926e-05
0.182341  8.38926e-05
0.182424  8.38926e-05
0.182508  8.38926e-05
0.182592  8.38926e-05
0.182676  8.38926e-05
0.18276  8.38926e-05
0.182844  8.38926e-05
0.182928  8.38926e-05
0.183012  8.38926e-05
0.183096  8.38926e-05
0.18318  8.38926e-05
0.183263  8.38926e-05
0.183347  8.38926e-05
0.183431  8.38926e-05
0.183515  8.38926e-05
0.183599  8.38926e-05
0.183683  8.38926e-05
0.183767  8.38926e-05
0.183851  8.38926e-05
0.183935  8.38926e-05
0.184018  8.38926e-05
0.184102  8.38926e-05
0.184186  8.38926e-05
0.18427  8.38926e-05
0.184354  8.38926e-05
0.184438  8.38926e-05
0.184522  8.38926e-05
0.184606  8.38926e-05
0.18469  8.38926e-05
0.184773  8.38926e-05
0.184857  8.38926e-05
0.184941  8.38926e-05
0.185025  8.38926e-05
0.185109  8.38926e-05
0.185193  8.38926e-05
0.185277  8.38926e-05
0.185361  8.38926e-05
0.185445  8.38926e-05
0.185529  8.38926e-05
0.185612  8.38926e-05
0.185696  8.38926e-05
0.18578  8.38926e-05
0.185864  8.38926e-05
0.185948  8.38926e-05
0.186032  8.38926e-05
0.186116  8.38926e-05
0.1862  8.38926e-05
0.186284  8.38926e-05
0.186367  8.38926e-05
0.186451  8.38926e-05
0.186535  8.38926e-05
0.186619  8.38926e-05
0.186703  8.38926e-05
0.186787  8.38926e-05
0.186871  8.38926e-05
0.186955  8.38926e-05
0.187039  8.38926e-05
0.187122  8.38926e-05
0.187206  8.38926e-05
0.18729  8.38926e-05
0.187374  8.38926e-05
0.187458  8.38926e-05
0.187542  8.38926e-05
0.187626  8.38926e-05
0.18771  8.38926e-05
0.187794  8.38926e-05
0.187878  8.38926e-05
0.187961  8.38926e-05
0.188045  8.38926e-05
0.188129  8.38926e-05
0.188213  8.38926e-05
0.188297  8.38926e-05
0.188381  8.38926e-05
0.188465  8.38926e-05
0.188549  8.38926e-05
0.188633  8.38926e-05
0.188716  8.38926e-05
0.1888  8.38926e-05
0.188884  8.38926e-05
0.188968  8.38926e-05
0.189052  8.38926e-05
0.189136  8.38926e-05
0.18922  8.38926e-05
0.189304  8.38926e-05
0.189388  8.38926e-05
0.189471  8.38926e-05
0.189555  8.38926e-05
0.189639  8.38926e-05
0.189723  8.38926e-05
0.189807  8.38926e-05
0.189891  0.000125839
0.190017  0.000167785
0.190185  0.000167785
0.190352  0.000167785
0.19052  0.000167785
0.190688  0.000167785
0.190856  0.000167785
0.191023  0.000167785
0.191191  0.000167785
0.191359  0.000167785
0.191527  0.000167785
0.191695  0.000167785
0.191862  0.000167785
0.19203  0.000167785
0.192198  0.000167785
0.192366  0.000167785
0.192534  0.000167785
0.192701  0.000167785
0.192869  0.000167785
0.193037  0.000167785
0.193205  0.000167785
0.193372  0.000167785
0.19354  0.000167785
0.193708  0.000167785
0.193876  0.000167785
0.194044  0.000167785
0.194211  0.000167785
0.194379  0.000167785
0.194547  0.000167785
0.194715  0.000167785
0.194883  0.000167785
0.19505  0.000167785
0.195218  0.000251678
0.19547  0.00033557
0.195805  0.00033557
0.196141  0.00033557
0.196477  0.00033557
0.196812  0.00033557
0.197148  0.00033557
0.197483  0.00033557
0.197819  0.000503356
0.198322  0.000671141
0.198993  0.000671141
0.199664  0.000671141
0.200336  0.00167785
0.202013  0.00402685
0.20604  0.00536913
0.211409  0.00536913
0.216779  0.00536913
0.222148  0.00536913
0.227517  0.00536913
0.232886  0.00536913
0.238255  0.00536913
0.243624  0.00536913
0.248993  0.00536913
0.254362  0.00536913
0.259732  0.00536913
0.265101  0.00536913
0.27047  0.00536913
0.275839  0.00536913
0.281208  0.00536913
0.286577  0.00536913
0.291946  0.00536913
0.297315  0.00536913
0.302685  0.00536913
0.308054  0.00536913
0.313423  0.0107383
0.324161  0.0107383
0.334899  0.0107383
0.345638  0.0107383
0.356376  0.0107383
0.367114  0.0107383
0.377852  0.0107383
0.388591  0.00536913
0.39396  0.00536913
