TITLE="Graphics"
VARIABLES= "x", "T1", "Y fr1", "rho1", "wdot1"
-0.0413737  293 0 0.000871523 1.02774e-10
-0.0258586  293 0.0107948 0.000876956 9.96506e-11
-0.0161616  293 0.0065781 0.000874826 1.00881e-10
-0.010101  293 0.00822525 0.000875656 1.00402e-10
0  293 0.00364981 0.000873352 1.01727e-10
0.010101  293 0.00822525 0.000875656 1.00402e-10
0.020202  293 0.00364981 0.000873352 1.01728e-10
0.030303  293 0.00822525 0.000875656 1.00403e-10
0.040404  293 0.00364981 0.000873352 1.0173e-10
0.0505051  293 0.00822525 0.000875655 1.00406e-10
0.0606061  293.001 0.00364981 0.000873351 1.01734e-10
0.0707071  293.001 0.00822525 0.000875654 1.00413e-10
0.0808081  293.002 0.00364981 0.000873348 1.01746e-10
0.0909091  293.003 0.00822525 0.000875648 1.00434e-10
0.10101  293.005 0.00364981 0.000873339 1.01782e-10
0.111111  293.008 0.00822525 0.000875633 1.00494e-10
0.121212  293.013 0.00364981 0.000873313 1.01887e-10
0.131313  293.022 0.00822525 0.00087559 1.0067e-10
0.141414  293.038 0.00364981 0.000873239 1.02191e-10
0.151515  293.065 0.00822525 0.000875464 1.01181e-10
0.161616  293.11 0.00364981 0.000873025 1.03074e-10
0.171717  293.187 0.00822525 0.000875098 1.02674e-10
0.181818  293.318 0.00364981 0.000872405 1.05674e-10
0.191919  293.541 0.00822525 0.000874042 1.07114e-10
0.20202  293.921 0.00364981 0.000870616 1.13551e-10
0.212121  294.567 0.00822525 0.000870999 1.21003e-10
0.222222  295.665 0.00364981 0.000865481 1.39564e-10
0.232323  297.531 0.00822525 0.000862322 1.71294e-10
0.242424  300.699 0.00364981 0.000850991 2.49689e-10
0.252525  306.07 0.00822525 0.000838264 4.48523e-10
0.262626  315.149 0.00364981 0.000811971 1.19241e-09
0.272727  330.43 0.00822525 0.000776465 5.27559e-09
0.277778  343.191 0.00708139 0.000747102 1.66711e-08
0.282828  355.951 0.00822525 0.000720794 4.80731e-08
0.287879  376.994 0.00708139 0.000680113 2.36411e-07
0.292929  398.037 0.00822525 0.000644582 9.70518e-07
0.29798  432.021 0.00708139 0.000593486 7.08202e-06
0.30303  466.005 0.00822526 0.000550568 3.79984e-05
0.308081  519.08 0.00708143 0.000493947 0.000333619
0.313131  572.156 0.00822555 0.000448422 0.00190911
0.318182  650.861 0.00708308 0.000393937 0.0147221
0.323232  729.566 0.00823827 0.000351674 0.0707565
0.328283  837.741 0.00714422 0.00030607 0.368574
0.333333  945.916 0.00855674 0.000271289 1.26954
0.338384  1080.05 0.00824118 0.000237553 4.06087
0.343434  1214.19 0.0120656 0.000211777 9.65811
0.348485  1360.79 0.0165864 0.000189456 19.8994
0.353535  1507.4 0.0292599 0.000172294 33.8847
0.358586  1647.11 0.0458649 0.000159223 49.4175
0.363636  1786.83 0.0719597 0.000149066 63.4995
0.368687  1903.61 0.100733 0.000142374 70.8893
0.373737  2020.39 0.133213 0.000136852 71.9017
0.378788  2107.77 0.16286 0.00013364 64.8043
0.383838  2195.15 0.189208 0.000130496 54.132
0.388889  2255.28 0.209634 0.00012871 41.3816
0.393939  2315.4 0.224964 0.000126635 29.9933
0.39899  2354.41 0.23555 0.000125411 20.5197
0.40404  2393.42 0.242694 0.000123954 13.5967
0.409091  2417.78 0.247298 0.000123083 8.70252
0.414141  2442.14 0.250214 0.000122093 5.48117
0.419192  2456.99 0.252034 0.000121504 3.3692
0.424242  2471.85 0.253125 0.000120862 2.07969
0.434343  2489.69 0.254153 0.000120079 0.82862
0.444444  2500.31 0.254557 0.000119601 0.324848
0.454545  2506.6 0.254714 0.000119314 0.126179
0.464646  2510.31 0.254775 0.000119142 0.0487507
0.474747  2512.5 0.254798 0.000119041 0.0187772
0.484848  2513.78 0.254807 0.00011898 0.00721937
0.494949  2514.54 0.254811 0.000118945 0.00277275
0.505051  2514.99 0.254812 0.000118924 0.00106428
0.515152  2515.25 0.254813 0.000118911 0.00040836
0.525253  2515.4 0.254813 0.000118904 0.000156653
0.535354  2515.49 0.254813 0.0001189 6.0087e-05
0.545455  2515.54 0.254813 0.000118897 2.30457e-05
0.555556  2515.58 0.254813 0.000118896 8.83857e-06
0.565657  2515.59 0.254813 0.000118895 3.38971e-06
0.575758  2515.6 0.254813 0.000118895 1.29998e-06
0.585859  2515.61 0.254813 0.000118894 4.98548e-07
0.59596  2515.61 0.254813 0.000118894 1.91194e-07
0.606061  2515.62 0.254813 0.000118894 7.33233e-08
0.616162  2515.62 0.254813 0.000118894 2.81195e-08
0.626263  2515.62 0.254813 0.000118894 1.07839e-08
0.636364  2515.62 0.254813 0.000118894 4.13561e-09
0.646465  2515.62 0.254813 0.000118894 1.58599e-09
0.656566  2515.62 0.254813 0.000118894 6.08242e-10
0.666667  2515.62 0.254813 0.000118894 2.3327e-10
0.676768  2515.62 0.254813 0.000118894 8.94559e-11
0.686869  2515.62 0.254813 0.000118894 3.42969e-11
0.69697  2515.62 0.254813 0.000118894 1.31435e-11
0.707071  2515.62 0.254813 0.000118894 5.06079e-12
0.717172  2515.62 0.254813 0.000118894 1.92966e-12
0.727273  2515.62 0.254813 0.000118894 7.28172e-13
0.737374  2515.62 0.254813 0.000118894 2.91269e-13
0.747475  2515.62 0.254813 0.000118894 7.28172e-14
0.757576  2515.62 0.254813 0.000118894 7.28172e-14
0.767677  2515.62 0.254813 0.000118894 0
0.777778  2515.62 0.254813 0.000118894 0
0.787879  2515.62 0.254813 0.000118894 0
0.79798  2515.62 0.254813 0.000118894 0
0.808081  2515.62 0.254813 0.000118894 0
0.818182  2515.62 0.254813 0.000118894 0
0.828283  2515.62 0.254813 0.000118894 0
0.838384  2515.62 0.254813 0.000118894 0
0.848485  2515.62 0.254813 0.000118894 0
0.858586  2515.62 0.254813 0.000118894 0
0.868687  2515.62 0.254813 0.000118894 0
0.878788  2515.62 0.254813 0.000118894 0
0.888889  2515.62 0.254813 0.000118894 0
0.89899  2515.62 0.254813 0.000118894 0
0.909091  2515.62 0.254813 0.000118894 0
0.919192  2515.62 0.254813 0.000118894 0
0.929293  2515.62 0.254813 0.000118894 0
0.939394  2515.62 0.254813 0.000118894 0
0.949495  2515.62 0.254813 0.000118894 0
0.959596  2515.62 0.254813 0.000118894 0
0.969697  2515.62 0.254813 0.000118894 0
0.979798  2515.62 0.254813 0.000118894 0
0.989899  2515.62 0.254813 0.000118894 0
1  2515.62 0.254813 0.000118894 0
